173.000000 64.000000
141.000000 71.000000
117.000000 85.000000
96.000000 114.000000
91.000000 145.000000
87.000000 172.000000
88.000000 199.000000
94.000000 226.000000
105.000000 250.000000
121.000000 271.000000
142.000000 289.000000
174.000000 307.000000
206.000000 293.000000
225.000000 272.000000
244.000000 251.000000
253.000000 225.000000
258.000000 199.000000
259.000000 171.000000
255.000000 145.000000
250.000000 105.000000
230.000000 82.000000
203.000000 69.000000
152.000000 145.000000
140.000000 140.000000
127.000000 137.000000
115.000000 138.000000
105.000000 143.000000
107.000000 149.000000
116.000000 146.000000
127.000000 146.000000
139.000000 147.000000
149.000000 151.000000
236.000000 143.000000
225.000000 139.000000
212.000000 137.000000
200.000000 140.000000
189.000000 145.000000
192.000000 151.000000
202.000000 147.000000
214.000000 145.000000
224.000000 145.000000
234.000000 148.000000
148.000000 172.000000
141.000000 165.000000
133.000000 161.000000
124.000000 163.000000
117.000000 168.000000
123.000000 173.000000
131.000000 175.000000
140.000000 174.000000
226.000000 169.000000
219.000000 163.000000
210.000000 162.000000
201.000000 164.000000
195.000000 171.000000
202.000000 173.000000
211.000000 174.000000
220.000000 172.000000
133.000000 168.000000
209.000000 168.000000
159.000000 169.000000
157.000000 182.000000
154.000000 194.000000
149.000000 205.000000
145.000000 217.000000
157.000000 225.000000
172.000000 229.000000
186.000000 224.000000
197.000000 214.000000
193.000000 203.000000
188.000000 193.000000
184.000000 181.000000
182.000000 169.000000
206.000000 243.000000
192.000000 239.000000
180.000000 236.000000
172.000000 239.000000
164.000000 237.000000
153.000000 240.000000
140.000000 244.000000
146.000000 254.000000
155.000000 262.000000
166.000000 266.000000
178.000000 266.000000
190.000000 260.000000
199.000000 253.000000
