185.000000 19.000000
146.000000 21.000000
105.000000 49.000000
88.000000 84.000000
72.000000 117.000000
66.000000 154.000000
70.000000 195.000000
78.000000 234.000000
92.000000 270.000000
118.000000 300.000000
146.000000 326.000000
187.000000 340.000000
227.000000 326.000000
258.000000 299.000000
282.000000 267.000000
294.000000 231.000000
301.000000 192.000000
305.000000 151.000000
302.000000 113.000000
287.000000 80.000000
270.000000 52.000000
237.000000 25.000000
159.000000 121.000000
143.000000 116.000000
126.000000 114.000000
109.000000 114.000000
93.000000 120.000000
95.000000 127.000000
111.000000 123.000000
127.000000 125.000000
143.000000 128.000000
157.000000 131.000000
276.000000 118.000000
262.000000 112.000000
246.000000 111.000000
230.000000 114.000000
215.000000 119.000000
218.000000 128.000000
233.000000 124.000000
248.000000 121.000000
262.000000 121.000000
274.000000 124.000000
152.000000 162.000000
146.000000 152.000000
133.000000 146.000000
120.000000 148.000000
110.000000 155.000000
119.000000 162.000000
130.000000 166.000000
141.000000 165.000000
260.000000 152.000000
250.000000 146.000000
237.000000 145.000000
225.000000 151.000000
217.000000 161.000000
228.000000 164.000000
241.000000 165.000000
254.000000 160.000000
131.000000 155.000000
238.000000 155.000000
170.000000 157.000000
168.000000 175.000000
164.000000 193.000000
156.000000 211.000000
153.000000 226.000000
170.000000 236.000000
183.000000 239.000000
202.000000 237.000000
215.000000 228.000000
215.000000 210.000000
204.000000 193.000000
197.000000 177.000000
198.000000 157.000000
229.000000 275.000000
211.000000 272.000000
198.000000 265.000000
185.000000 268.000000
173.000000 265.000000
159.000000 269.000000
139.000000 272.000000
153.000000 282.000000
166.000000 289.000000
178.000000 292.000000
195.000000 292.000000
205.000000 289.000000
217.000000 282.000000
