193.000000 1.000000
143.000000 11.000000
112.000000 34.000000
95.000000 71.000000
87.000000 114.000000
87.000000 156.000000
89.000000 191.000000
96.000000 226.000000
108.000000 260.000000
131.000000 290.000000
158.000000 315.000000
196.000000 329.000000
236.000000 314.000000
263.000000 289.000000
283.000000 260.000000
296.000000 226.000000
301.000000 189.000000
303.000000 154.000000
299.000000 120.000000
288.000000 66.000000
270.000000 32.000000
239.000000 6.000000
171.000000 119.000000
156.000000 115.000000
141.000000 113.000000
126.000000 113.000000
112.000000 118.000000
114.000000 124.000000
127.000000 122.000000
141.000000 122.000000
155.000000 125.000000
169.000000 130.000000
277.000000 114.000000
263.000000 110.000000
249.000000 108.000000
234.000000 111.000000
220.000000 116.000000
223.000000 126.000000
236.000000 121.000000
250.000000 119.000000
263.000000 119.000000
274.000000 121.000000
168.000000 155.000000
160.000000 144.000000
147.000000 139.000000
133.000000 141.000000
123.000000 149.000000
134.000000 156.000000
145.000000 159.000000
156.000000 158.000000
267.000000 147.000000
257.000000 139.000000
244.000000 138.000000
232.000000 143.000000
224.000000 154.000000
235.000000 157.000000
248.000000 158.000000
259.000000 154.000000
146.000000 147.000000
245.000000 147.000000
181.000000 150.000000
181.000000 169.000000
180.000000 187.000000
170.000000 202.000000
165.000000 219.000000
179.000000 228.000000
197.000000 233.000000
214.000000 229.000000
229.000000 218.000000
224.000000 202.000000
211.000000 185.000000
209.000000 168.000000
211.000000 150.000000
237.000000 260.000000
222.000000 257.000000
208.000000 254.000000
198.000000 257.000000
187.000000 254.000000
173.000000 258.000000
156.000000 261.000000
168.000000 270.000000
179.000000 276.000000
192.000000 280.000000
205.000000 279.000000
217.000000 275.000000
227.000000 269.000000
