180.000000 60.000000
155.000000 67.000000
131.000000 86.000000
115.000000 113.000000
108.000000 145.000000
104.000000 171.000000
106.000000 198.000000
113.000000 224.000000
121.000000 251.000000
137.000000 273.000000
158.000000 292.000000
189.000000 303.000000
219.000000 291.000000
242.000000 273.000000
259.000000 250.000000
267.000000 222.000000
271.000000 194.000000
272.000000 167.000000
267.000000 141.000000
258.000000 115.000000
243.000000 84.000000
215.000000 64.000000
160.000000 144.000000
148.000000 140.000000
137.000000 138.000000
126.000000 138.000000
116.000000 143.000000
118.000000 150.000000
127.000000 149.000000
137.000000 149.000000
148.000000 150.000000
158.000000 153.000000
252.000000 139.000000
241.000000 134.000000
229.000000 134.000000
217.000000 136.000000
205.000000 140.000000
206.000000 150.000000
219.000000 146.000000
231.000000 145.000000
241.000000 144.000000
251.000000 145.000000
162.000000 175.000000
155.000000 166.000000
146.000000 162.000000
136.000000 164.000000
128.000000 169.000000
133.000000 176.000000
143.000000 178.000000
153.000000 177.000000
238.000000 165.000000
230.000000 160.000000
220.000000 160.000000
211.000000 164.000000
205.000000 172.000000
214.000000 174.000000
225.000000 175.000000
234.000000 171.000000
146.000000 170.000000
222.000000 167.000000
171.000000 172.000000
172.000000 186.000000
170.000000 199.000000
163.000000 213.000000
159.000000 226.000000
171.000000 233.000000
185.000000 236.000000
200.000000 231.000000
211.000000 223.000000
206.000000 211.000000
198.000000 200.000000
193.000000 182.000000
194.000000 171.000000
218.000000 250.000000
207.000000 249.000000
195.000000 247.000000
185.000000 250.000000
177.000000 248.000000
167.000000 251.000000
155.000000 254.000000
163.000000 261.000000
171.000000 267.000000
182.000000 269.000000
192.000000 269.000000
202.000000 265.000000
211.000000 259.000000
