186.000000 30.000000
144.000000 44.000000
118.000000 68.000000
99.000000 110.000000
91.000000 147.000000
87.000000 178.000000
92.000000 206.000000
98.000000 233.000000
112.000000 259.000000
126.000000 288.000000
148.000000 312.000000
184.000000 324.000000
220.000000 313.000000
250.000000 293.000000
269.000000 263.000000
280.000000 237.000000
284.000000 207.000000
285.000000 172.000000
288.000000 136.000000
280.000000 102.000000
263.000000 71.000000
236.000000 42.000000
157.000000 144.000000
142.000000 140.000000
127.000000 138.000000
114.000000 138.000000
101.000000 142.000000
102.000000 150.000000
115.000000 148.000000
128.000000 149.000000
141.000000 151.000000
155.000000 154.000000
257.000000 140.000000
244.000000 134.000000
228.000000 134.000000
214.000000 136.000000
198.000000 141.000000
200.000000 151.000000
216.000000 147.000000
230.000000 144.000000
244.000000 143.000000
255.000000 146.000000
152.000000 176.000000
144.000000 168.000000
133.000000 164.000000
124.000000 166.000000
116.000000 172.000000
124.000000 177.000000
133.000000 179.000000
143.000000 178.000000
246.000000 167.000000
234.000000 164.000000
224.000000 163.000000
215.000000 166.000000
206.000000 173.000000
216.000000 176.000000
226.000000 176.000000
236.000000 172.000000
134.000000 171.000000
225.000000 170.000000
165.000000 171.000000
162.000000 187.000000
157.000000 202.000000
152.000000 215.000000
150.000000 230.000000
163.000000 236.000000
177.000000 239.000000
191.000000 235.000000
205.000000 227.000000
202.000000 215.000000
197.000000 202.000000
193.000000 187.000000
190.000000 171.000000
227.000000 250.000000
206.000000 249.000000
188.000000 251.000000
177.000000 253.000000
166.000000 251.000000
156.000000 252.000000
136.000000 252.000000
151.000000 270.000000
161.000000 278.000000
173.000000 282.000000
185.000000 282.000000
198.000000 277.000000
211.000000 272.000000
