179.000000 16.000000
133.000000 28.000000
105.000000 53.000000
90.000000 82.000000
81.000000 124.000000
78.000000 163.000000
80.000000 196.000000
89.000000 229.000000
104.000000 261.000000
129.000000 288.000000
157.000000 311.000000
198.000000 319.000000
233.000000 304.000000
260.000000 276.000000
278.000000 245.000000
288.000000 213.000000
290.000000 179.000000
288.000000 147.000000
281.000000 115.000000
268.000000 75.000000
252.000000 42.000000
226.000000 17.000000
156.000000 122.000000
141.000000 118.000000
126.000000 116.000000
111.000000 117.000000
98.000000 125.000000
101.000000 136.000000
115.000000 129.000000
129.000000 128.000000
140.000000 128.000000
154.000000 135.000000
263.000000 111.000000
250.000000 106.000000
237.000000 108.000000
223.000000 111.000000
208.000000 118.000000
211.000000 129.000000
227.000000 121.000000
239.000000 119.000000
249.000000 117.000000
262.000000 121.000000
156.000000 159.000000
149.000000 150.000000
137.000000 145.000000
125.000000 147.000000
112.000000 159.000000
125.000000 162.000000
136.000000 164.000000
146.000000 163.000000
255.000000 143.000000
242.000000 138.000000
231.000000 137.000000
221.000000 142.000000
214.000000 151.000000
224.000000 155.000000
235.000000 155.000000
246.000000 152.000000
135.000000 153.000000
232.000000 145.000000
168.000000 151.000000
168.000000 169.000000
165.000000 185.000000
161.000000 201.000000
157.000000 215.000000
173.000000 227.000000
192.000000 231.000000
209.000000 224.000000
222.000000 212.000000
216.000000 198.000000
208.000000 183.000000
202.000000 167.000000
198.000000 148.000000
230.000000 248.000000
215.000000 247.000000
204.000000 246.000000
194.000000 252.000000
181.000000 249.000000
169.000000 252.000000
155.000000 255.000000
167.000000 264.000000
177.000000 270.000000
190.000000 273.000000
203.000000 271.000000
213.000000 265.000000
222.000000 258.000000
