188.000000 16.000000
141.000000 19.000000
114.000000 33.000000
88.000000 65.000000
72.000000 110.000000
66.000000 149.000000
60.000000 191.000000
66.000000 237.000000
82.000000 278.000000
114.000000 306.000000
144.000000 327.000000
188.000000 339.000000
231.000000 326.000000
271.000000 302.000000
297.000000 267.000000
304.000000 230.000000
308.000000 189.000000
312.000000 149.000000
305.000000 112.000000
295.000000 74.000000
279.000000 36.000000
243.000000 19.000000
149.000000 107.000000
135.000000 101.000000
121.000000 98.000000
106.000000 98.000000
92.000000 106.000000
93.000000 113.000000
107.000000 108.000000
121.000000 109.000000
135.000000 113.000000
147.000000 117.000000
277.000000 103.000000
264.000000 95.000000
248.000000 95.000000
232.000000 98.000000
219.000000 104.000000
221.000000 113.000000
235.000000 108.000000
250.000000 104.000000
263.000000 103.000000
274.000000 107.000000
152.000000 151.000000
144.000000 140.000000
131.000000 135.000000
118.000000 137.000000
104.000000 144.000000
116.000000 152.000000
129.000000 154.000000
141.000000 154.000000
263.000000 139.000000
252.000000 135.000000
239.000000 133.000000
227.000000 138.000000
217.000000 148.000000
229.000000 152.000000
242.000000 153.000000
255.000000 149.000000
131.000000 145.000000
240.000000 143.000000
168.000000 145.000000
168.000000 166.000000
161.000000 181.000000
156.000000 200.000000
150.000000 218.000000
165.000000 224.000000
181.000000 226.000000
204.000000 223.000000
220.000000 215.000000
213.000000 198.000000
207.000000 183.000000
201.000000 163.000000
201.000000 145.000000
229.000000 261.000000
212.000000 257.000000
198.000000 253.000000
185.000000 256.000000
172.000000 253.000000
157.000000 257.000000
143.000000 262.000000
152.000000 273.000000
163.000000 280.000000
177.000000 285.000000
193.000000 285.000000
205.000000 281.000000
216.000000 273.000000
