199.000000 59.000000
157.000000 67.000000
120.000000 97.000000
103.000000 126.000000
97.000000 164.000000
102.000000 195.000000
109.000000 228.000000
119.000000 257.000000
135.000000 283.000000
156.000000 305.000000
180.000000 316.000000
207.000000 321.000000
229.000000 310.000000
252.000000 292.000000
263.000000 272.000000
275.000000 242.000000
282.000000 220.000000
285.000000 189.000000
286.000000 156.000000
280.000000 123.000000
264.000000 86.000000
237.000000 70.000000
175.000000 166.000000
163.000000 161.000000
149.000000 159.000000
135.000000 158.000000
123.000000 163.000000
125.000000 171.000000
137.000000 168.000000
149.000000 169.000000
161.000000 172.000000
172.000000 175.000000
272.000000 159.000000
261.000000 156.000000
250.000000 158.000000
237.000000 161.000000
225.000000 166.000000
228.000000 174.000000
239.000000 171.000000
250.000000 168.000000
261.000000 166.000000
270.000000 167.000000
176.000000 200.000000
169.000000 189.000000
157.000000 184.000000
145.000000 185.000000
137.000000 193.000000
144.000000 199.000000
156.000000 202.000000
167.000000 202.000000
261.000000 187.000000
253.000000 182.000000
243.000000 180.000000
233.000000 185.000000
226.000000 195.000000
236.000000 199.000000
247.000000 198.000000
256.000000 195.000000
155.000000 193.000000
243.000000 189.000000
189.000000 195.000000
188.000000 209.000000
189.000000 224.000000
186.000000 239.000000
178.000000 253.000000
188.000000 262.000000
202.000000 266.000000
220.000000 262.000000
225.000000 253.000000
222.000000 239.000000
218.000000 226.000000
214.000000 211.000000
211.000000 194.000000
232.000000 282.000000
219.000000 284.000000
210.000000 283.000000
202.000000 287.000000
194.000000 285.000000
185.000000 287.000000
175.000000 286.000000
183.000000 294.000000
190.000000 298.000000
200.000000 300.000000
209.000000 299.000000
218.000000 295.000000
224.000000 290.000000
