171.000000 12.000000
123.000000 20.000000
97.000000 41.000000
81.000000 79.000000
73.000000 113.000000
72.000000 149.000000
73.000000 185.000000
78.000000 221.000000
89.000000 257.000000
111.000000 287.000000
140.000000 312.000000
179.000000 322.000000
216.000000 305.000000
243.000000 280.000000
264.000000 250.000000
275.000000 216.000000
278.000000 184.000000
281.000000 147.000000
277.000000 114.000000
267.000000 82.000000
249.000000 51.000000
216.000000 25.000000
153.000000 119.000000
138.000000 114.000000
124.000000 111.000000
109.000000 112.000000
96.000000 119.000000
99.000000 125.000000
112.000000 122.000000
125.000000 122.000000
139.000000 125.000000
152.000000 129.000000
255.000000 119.000000
244.000000 113.000000
231.000000 113.000000
217.000000 115.000000
203.000000 120.000000
206.000000 128.000000
219.000000 124.000000
232.000000 121.000000
243.000000 121.000000
253.000000 124.000000
150.000000 154.000000
143.000000 144.000000
131.000000 138.000000
120.000000 140.000000
109.000000 146.000000
118.000000 153.000000
128.000000 156.000000
139.000000 156.000000
242.000000 146.000000
233.000000 139.000000
221.000000 138.000000
211.000000 142.000000
203.000000 151.000000
213.000000 155.000000
225.000000 155.000000
236.000000 153.000000
130.000000 146.000000
222.000000 146.000000
163.000000 148.000000
165.000000 165.000000
161.000000 181.000000
157.000000 196.000000
153.000000 210.000000
163.000000 221.000000
180.000000 223.000000
192.000000 219.000000
202.000000 210.000000
200.000000 193.000000
192.000000 183.000000
191.000000 165.000000
189.000000 148.000000
211.000000 250.000000
201.000000 244.000000
189.000000 241.000000
179.000000 245.000000
167.000000 242.000000
154.000000 245.000000
141.000000 254.000000
149.000000 259.000000
160.000000 266.000000
173.000000 270.000000
185.000000 269.000000
196.000000 264.000000
205.000000 257.000000
