186.000000 9.000000
143.000000 18.000000
112.000000 40.000000
84.000000 77.000000
71.000000 116.000000
71.000000 155.000000
76.000000 190.000000
82.000000 227.000000
91.000000 265.000000
116.000000 294.000000
148.000000 316.000000
192.000000 327.000000
233.000000 314.000000
268.000000 292.000000
296.000000 263.000000
302.000000 226.000000
308.000000 188.000000
306.000000 152.000000
301.000000 117.000000
293.000000 79.000000
273.000000 40.000000
236.000000 19.000000
163.000000 113.000000
148.000000 108.000000
134.000000 105.000000
120.000000 105.000000
107.000000 110.000000
109.000000 118.000000
122.000000 116.000000
134.000000 117.000000
148.000000 120.000000
161.000000 124.000000
283.000000 114.000000
269.000000 107.000000
255.000000 105.000000
240.000000 108.000000
229.000000 111.000000
233.000000 121.000000
243.000000 118.000000
257.000000 116.000000
270.000000 117.000000
281.000000 121.000000
161.000000 151.000000
154.000000 141.000000
144.000000 136.000000
132.000000 139.000000
120.000000 144.000000
129.000000 151.000000
139.000000 154.000000
151.000000 154.000000
265.000000 149.000000
255.000000 139.000000
242.000000 138.000000
231.000000 142.000000
222.000000 151.000000
233.000000 154.000000
244.000000 155.000000
256.000000 153.000000
143.000000 145.000000
243.000000 146.000000
176.000000 147.000000
175.000000 162.000000
170.000000 178.000000
162.000000 197.000000
159.000000 212.000000
176.000000 218.000000
191.000000 220.000000
208.000000 218.000000
225.000000 211.000000
221.000000 196.000000
213.000000 179.000000
211.000000 164.000000
208.000000 148.000000
233.000000 251.000000
218.000000 243.000000
204.000000 240.000000
192.000000 241.000000
176.000000 239.000000
162.000000 244.000000
147.000000 249.000000
157.000000 261.000000
169.000000 269.000000
184.000000 273.000000
198.000000 273.000000
211.000000 268.000000
223.000000 260.000000
