185.000000 0.000000
129.000000 8.000000
94.000000 27.000000
64.000000 70.000000
52.000000 113.000000
54.000000 154.000000
59.000000 197.000000
70.000000 236.000000
86.000000 274.000000
110.000000 306.000000
143.000000 330.000000
190.000000 340.000000
233.000000 326.000000
266.000000 299.000000
290.000000 267.000000
302.000000 230.000000
309.000000 191.000000
312.000000 149.000000
311.000000 103.000000
293.000000 62.000000
271.000000 24.000000
234.000000 1.000000
151.000000 116.000000
135.000000 111.000000
117.000000 108.000000
99.000000 109.000000
81.000000 115.000000
85.000000 123.000000
101.000000 120.000000
117.000000 121.000000
133.000000 124.000000
148.000000 128.000000
273.000000 111.000000
259.000000 106.000000
243.000000 100.000000
228.000000 101.000000
211.000000 113.000000
214.000000 120.000000
230.000000 112.000000
244.000000 109.000000
259.000000 113.000000
271.000000 118.000000
145.000000 155.000000
136.000000 145.000000
122.000000 141.000000
109.000000 143.000000
99.000000 150.000000
109.000000 157.000000
121.000000 161.000000
134.000000 160.000000
259.000000 144.000000
248.000000 137.000000
235.000000 136.000000
223.000000 142.000000
213.000000 152.000000
225.000000 156.000000
239.000000 156.000000
252.000000 152.000000
123.000000 150.000000
236.000000 146.000000
162.000000 150.000000
160.000000 171.000000
156.000000 188.000000
152.000000 205.000000
146.000000 224.000000
161.000000 233.000000
181.000000 238.000000
200.000000 232.000000
214.000000 222.000000
209.000000 205.000000
204.000000 189.000000
199.000000 171.000000
197.000000 150.000000
227.000000 263.000000
209.000000 262.000000
195.000000 259.000000
183.000000 263.000000
171.000000 260.000000
155.000000 264.000000
139.000000 268.000000
150.000000 278.000000
162.000000 285.000000
177.000000 288.000000
192.000000 288.000000
205.000000 282.000000
215.000000 275.000000
