189.000000 40.000000
148.000000 48.000000
116.000000 72.000000
100.000000 99.000000
94.000000 133.000000
90.000000 164.000000
90.000000 198.000000
96.000000 231.000000
109.000000 262.000000
130.000000 289.000000
158.000000 310.000000
196.000000 320.000000
230.000000 307.000000
253.000000 284.000000
272.000000 257.000000
283.000000 226.000000
290.000000 194.000000
293.000000 162.000000
288.000000 130.000000
275.000000 99.000000
262.000000 73.000000
231.000000 48.000000
170.000000 128.000000
154.000000 122.000000
139.000000 120.000000
123.000000 121.000000
110.000000 127.000000
112.000000 134.000000
124.000000 131.000000
139.000000 131.000000
153.000000 133.000000
167.000000 138.000000
275.000000 123.000000
262.000000 118.000000
248.000000 118.000000
233.000000 122.000000
219.000000 128.000000
222.000000 137.000000
236.000000 132.000000
249.000000 129.000000
262.000000 127.000000
273.000000 130.000000
166.000000 164.000000
157.000000 154.000000
145.000000 149.000000
133.000000 152.000000
121.000000 158.000000
132.000000 166.000000
144.000000 168.000000
156.000000 167.000000
263.000000 157.000000
251.000000 148.000000
239.000000 147.000000
228.000000 152.000000
221.000000 161.000000
231.000000 165.000000
243.000000 166.000000
255.000000 162.000000
144.000000 159.000000
240.000000 157.000000
180.000000 159.000000
180.000000 178.000000
175.000000 192.000000
168.000000 207.000000
165.000000 223.000000
180.000000 232.000000
196.000000 237.000000
213.000000 231.000000
226.000000 221.000000
221.000000 205.000000
214.000000 191.000000
210.000000 175.000000
207.000000 159.000000
229.000000 257.000000
217.000000 253.000000
205.000000 250.000000
195.000000 254.000000
183.000000 251.000000
171.000000 254.000000
154.000000 259.000000
165.000000 266.000000
175.000000 273.000000
189.000000 277.000000
202.000000 277.000000
213.000000 272.000000
222.000000 265.000000
