190.000000 56.000000
152.000000 65.000000
122.000000 79.000000
99.000000 115.000000
87.000000 147.000000
81.000000 178.000000
84.000000 213.000000
91.000000 247.000000
104.000000 277.000000
125.000000 301.000000
151.000000 320.000000
181.000000 329.000000
211.000000 321.000000
236.000000 300.000000
254.000000 278.000000
266.000000 250.000000
275.000000 220.000000
282.000000 186.000000
279.000000 156.000000
278.000000 121.000000
254.000000 90.000000
230.000000 66.000000
160.000000 150.000000
146.000000 146.000000
132.000000 143.000000
118.000000 143.000000
105.000000 147.000000
107.000000 155.000000
119.000000 152.000000
132.000000 154.000000
145.000000 157.000000
158.000000 160.000000
263.000000 149.000000
249.000000 146.000000
238.000000 147.000000
225.000000 150.000000
214.000000 155.000000
216.000000 162.000000
227.000000 160.000000
238.000000 156.000000
250.000000 155.000000
261.000000 156.000000
159.000000 186.000000
154.000000 176.000000
143.000000 170.000000
130.000000 171.000000
121.000000 177.000000
128.000000 185.000000
140.000000 188.000000
151.000000 188.000000
249.000000 181.000000
241.000000 174.000000
230.000000 172.000000
220.000000 177.000000
215.000000 186.000000
224.000000 190.000000
234.000000 191.000000
244.000000 188.000000
140.000000 178.000000
230.000000 181.000000
174.000000 181.000000
176.000000 198.000000
173.000000 212.000000
162.000000 226.000000
158.000000 241.000000
171.000000 249.000000
186.000000 255.000000
202.000000 252.000000
213.000000 243.000000
210.000000 229.000000
206.000000 214.000000
203.000000 199.000000
202.000000 182.000000
214.000000 277.000000
201.000000 274.000000
192.000000 270.000000
185.000000 273.000000
176.000000 269.000000
165.000000 273.000000
151.000000 274.000000
161.000000 282.000000
169.000000 286.000000
179.000000 290.000000
189.000000 290.000000
198.000000 288.000000
206.000000 283.000000
