172.000000 0.000000
105.000000 3.000000
68.000000 22.000000
41.000000 57.000000
34.000000 104.000000
38.000000 142.000000
48.000000 182.000000
54.000000 214.000000
80.000000 254.000000
109.000000 286.000000
131.000000 315.000000
173.000000 324.000000
205.000000 306.000000
230.000000 282.000000
257.000000 253.000000
279.000000 217.000000
289.000000 189.000000
293.000000 146.000000
298.000000 97.000000
291.000000 53.000000
259.000000 19.000000
217.000000 2.000000
136.000000 115.000000
117.000000 111.000000
98.000000 107.000000
79.000000 107.000000
63.000000 110.000000
65.000000 117.000000
81.000000 115.000000
97.000000 115.000000
115.000000 118.000000
132.000000 122.000000
267.000000 105.000000
251.000000 102.000000
235.000000 102.000000
219.000000 105.000000
201.000000 111.000000
204.000000 118.000000
221.000000 114.000000
236.000000 111.000000
251.000000 109.000000
265.000000 112.000000
131.000000 147.000000
122.000000 135.000000
106.000000 129.000000
91.000000 132.000000
80.000000 140.000000
91.000000 147.000000
104.000000 151.000000
117.000000 149.000000
254.000000 134.000000
240.000000 129.000000
224.000000 127.000000
211.000000 134.000000
205.000000 148.000000
214.000000 148.000000
229.000000 148.000000
242.000000 145.000000
106.000000 139.000000
225.000000 137.000000
150.000000 142.000000
146.000000 161.000000
143.000000 179.000000
141.000000 194.000000
129.000000 213.000000
144.000000 230.000000
168.000000 238.000000
192.000000 229.000000
206.000000 214.000000
198.000000 196.000000
190.000000 180.000000
186.000000 160.000000
183.000000 141.000000
225.000000 237.000000
195.000000 245.000000
181.000000 248.000000
168.000000 252.000000
155.000000 249.000000
139.000000 248.000000
110.000000 239.000000
132.000000 267.000000
148.000000 280.000000
163.000000 284.000000
177.000000 283.000000
191.000000 278.000000
206.000000 262.000000
