177.000000 49.000000
134.000000 59.000000
101.000000 81.000000
79.000000 110.000000
71.000000 145.000000
66.000000 179.000000
72.000000 215.000000
80.000000 249.000000
96.000000 280.000000
118.000000 304.000000
145.000000 321.000000
179.000000 330.000000
211.000000 316.000000
234.000000 295.000000
251.000000 270.000000
260.000000 242.000000
271.000000 206.000000
271.000000 171.000000
272.000000 139.000000
263.000000 106.000000
246.000000 79.000000
215.000000 57.000000
150.000000 137.000000
134.000000 132.000000
118.000000 128.000000
102.000000 129.000000
87.000000 137.000000
90.000000 145.000000
103.000000 140.000000
119.000000 140.000000
133.000000 143.000000
148.000000 147.000000
261.000000 137.000000
246.000000 131.000000
231.000000 130.000000
217.000000 133.000000
202.000000 139.000000
205.000000 146.000000
219.000000 142.000000
233.000000 139.000000
247.000000 139.000000
258.000000 143.000000
148.000000 172.000000
138.000000 160.000000
125.000000 156.000000
111.000000 158.000000
103.000000 166.000000
112.000000 173.000000
124.000000 175.000000
137.000000 174.000000
245.000000 163.000000
236.000000 156.000000
223.000000 155.000000
212.000000 160.000000
204.000000 170.000000
215.000000 174.000000
228.000000 174.000000
239.000000 171.000000
126.000000 165.000000
224.000000 164.000000
163.000000 169.000000
163.000000 186.000000
163.000000 201.000000
156.000000 219.000000
148.000000 233.000000
160.000000 242.000000
181.000000 244.000000
194.000000 242.000000
206.000000 231.000000
200.000000 216.000000
191.000000 200.000000
191.000000 184.000000
189.000000 169.000000
216.000000 264.000000
201.000000 264.000000
190.000000 264.000000
177.000000 266.000000
164.000000 263.000000
151.000000 265.000000
138.000000 266.000000
149.000000 276.000000
159.000000 282.000000
171.000000 287.000000
184.000000 287.000000
195.000000 282.000000
205.000000 275.000000
