204.000000 17.000000
154.000000 25.000000
119.000000 44.000000
95.000000 71.000000
77.000000 107.000000
69.000000 149.000000
73.000000 194.000000
84.000000 236.000000
99.000000 272.000000
129.000000 301.000000
163.000000 322.000000
206.000000 334.000000
239.000000 310.000000
263.000000 280.000000
282.000000 255.000000
289.000000 227.000000
298.000000 196.000000
296.000000 154.000000
299.000000 119.000000
298.000000 87.000000
280.000000 50.000000
246.000000 30.000000
180.000000 118.000000
162.000000 117.000000
145.000000 117.000000
127.000000 119.000000
111.000000 124.000000
115.000000 132.000000
130.000000 131.000000
145.000000 131.000000
160.000000 133.000000
177.000000 135.000000
294.000000 123.000000
281.000000 118.000000
268.000000 119.000000
253.000000 121.000000
237.000000 126.000000
239.000000 136.000000
255.000000 135.000000
269.000000 132.000000
281.000000 131.000000
292.000000 132.000000
174.000000 168.000000
167.000000 157.000000
154.000000 152.000000
141.000000 153.000000
129.000000 159.000000
139.000000 167.000000
150.000000 172.000000
162.000000 171.000000
286.000000 159.000000
272.000000 149.000000
257.000000 151.000000
246.000000 156.000000
238.000000 166.000000
249.000000 171.000000
264.000000 170.000000
278.000000 166.000000
151.000000 161.000000
257.000000 161.000000
190.000000 162.000000
192.000000 180.000000
192.000000 197.000000
186.000000 215.000000
178.000000 235.000000
200.000000 247.000000
220.000000 249.000000
235.000000 246.000000
248.000000 233.000000
239.000000 212.000000
231.000000 195.000000
224.000000 178.000000
225.000000 161.000000
249.000000 270.000000
236.000000 275.000000
227.000000 272.000000
214.000000 276.000000
199.000000 273.000000
184.000000 275.000000
157.000000 270.000000
178.000000 286.000000
188.000000 292.000000
199.000000 295.000000
212.000000 295.000000
222.000000 291.000000
233.000000 285.000000
