184.000000 54.000000
140.000000 59.000000
107.000000 89.000000
87.000000 115.000000
72.000000 144.000000
67.000000 182.000000
71.000000 217.000000
78.000000 251.000000
93.000000 286.000000
120.000000 305.000000
148.000000 322.000000
187.000000 332.000000
225.000000 319.000000
249.000000 298.000000
266.000000 271.000000
274.000000 241.000000
276.000000 208.000000
272.000000 180.000000
269.000000 157.000000
262.000000 120.000000
248.000000 88.000000
224.000000 59.000000
162.000000 145.000000
148.000000 141.000000
135.000000 139.000000
122.000000 139.000000
110.000000 144.000000
111.000000 150.000000
123.000000 146.000000
136.000000 147.000000
149.000000 150.000000
162.000000 154.000000
266.000000 144.000000
253.000000 138.000000
239.000000 138.000000
224.000000 141.000000
216.000000 147.000000
215.000000 154.000000
227.000000 149.000000
241.000000 146.000000
253.000000 146.000000
264.000000 148.000000
163.000000 180.000000
155.000000 170.000000
144.000000 165.000000
132.000000 168.000000
122.000000 175.000000
131.000000 181.000000
141.000000 182.000000
152.000000 182.000000
252.000000 173.000000
243.000000 167.000000
232.000000 165.000000
221.000000 169.000000
214.000000 178.000000
223.000000 180.000000
234.000000 182.000000
245.000000 179.000000
143.000000 174.000000
231.000000 173.000000
175.000000 174.000000
174.000000 188.000000
173.000000 199.000000
170.000000 216.000000
165.000000 230.000000
174.000000 237.000000
191.000000 240.000000
208.000000 237.000000
220.000000 230.000000
214.000000 217.000000
209.000000 202.000000
206.000000 190.000000
204.000000 174.000000
231.000000 262.000000
215.000000 257.000000
202.000000 253.000000
191.000000 255.000000
179.000000 253.000000
163.000000 258.000000
145.000000 263.000000
157.000000 274.000000
169.000000 281.000000
183.000000 284.000000
196.000000 285.000000
208.000000 282.000000
220.000000 274.000000
