173.000000 16.000000
134.000000 23.000000
99.000000 43.000000
72.000000 72.000000
55.000000 107.000000
50.000000 147.000000
53.000000 187.000000
59.000000 227.000000
76.000000 265.000000
107.000000 295.000000
145.000000 316.000000
190.000000 323.000000
231.000000 311.000000
261.000000 287.000000
285.000000 258.000000
296.000000 220.000000
302.000000 179.000000
304.000000 138.000000
296.000000 99.000000
277.000000 65.000000
248.000000 37.000000
212.000000 21.000000
157.000000 111.000000
139.000000 105.000000
120.000000 101.000000
102.000000 101.000000
86.000000 107.000000
88.000000 114.000000
104.000000 112.000000
119.000000 114.000000
137.000000 117.000000
153.000000 121.000000
274.000000 99.000000
257.000000 94.000000
241.000000 97.000000
225.000000 102.000000
209.000000 109.000000
213.000000 118.000000
229.000000 114.000000
243.000000 110.000000
258.000000 106.000000
273.000000 107.000000
151.000000 149.000000
141.000000 140.000000
127.000000 137.000000
114.000000 139.000000
106.000000 147.000000
117.000000 152.000000
128.000000 155.000000
140.000000 153.000000
258.000000 139.000000
246.000000 134.000000
233.000000 134.000000
222.000000 139.000000
215.000000 148.000000
225.000000 150.000000
238.000000 151.000000
250.000000 147.000000
126.000000 145.000000
235.000000 143.000000
168.000000 146.000000
165.000000 164.000000
160.000000 182.000000
152.000000 199.000000
147.000000 217.000000
163.000000 226.000000
186.000000 232.000000
207.000000 225.000000
222.000000 214.000000
216.000000 197.000000
209.000000 180.000000
203.000000 163.000000
199.000000 145.000000
230.000000 250.000000
212.000000 250.000000
197.000000 249.000000
186.000000 252.000000
173.000000 249.000000
157.000000 252.000000
138.000000 252.000000
151.000000 263.000000
163.000000 271.000000
179.000000 276.000000
195.000000 275.000000
208.000000 269.000000
219.000000 261.000000
