176.000000 11.000000
132.000000 16.000000
90.000000 35.000000
62.000000 74.000000
50.000000 118.000000
55.000000 161.000000
62.000000 201.000000
70.000000 239.000000
85.000000 274.000000
109.000000 302.000000
139.000000 325.000000
177.000000 332.000000
214.000000 319.000000
243.000000 295.000000
266.000000 268.000000
280.000000 236.000000
291.000000 200.000000
300.000000 162.000000
294.000000 124.000000
294.000000 76.000000
276.000000 40.000000
224.000000 18.000000
150.000000 123.000000
133.000000 117.000000
116.000000 112.000000
99.000000 111.000000
83.000000 115.000000
85.000000 121.000000
100.000000 120.000000
116.000000 123.000000
132.000000 128.000000
147.000000 132.000000
273.000000 120.000000
257.000000 114.000000
241.000000 115.000000
224.000000 119.000000
207.000000 124.000000
209.000000 132.000000
226.000000 128.000000
243.000000 124.000000
257.000000 122.000000
270.000000 124.000000
145.000000 160.000000
137.000000 149.000000
124.000000 143.000000
110.000000 144.000000
99.000000 151.000000
108.000000 159.000000
121.000000 162.000000
134.000000 162.000000
254.000000 153.000000
245.000000 146.000000
231.000000 144.000000
220.000000 150.000000
211.000000 159.000000
222.000000 163.000000
235.000000 165.000000
248.000000 161.000000
122.000000 152.000000
232.000000 154.000000
163.000000 153.000000
160.000000 173.000000
156.000000 190.000000
150.000000 207.000000
143.000000 225.000000
157.000000 234.000000
176.000000 241.000000
195.000000 235.000000
208.000000 226.000000
202.000000 210.000000
197.000000 192.000000
195.000000 175.000000
194.000000 154.000000
214.000000 265.000000
199.000000 263.000000
188.000000 259.000000
177.000000 263.000000
165.000000 259.000000
151.000000 262.000000
135.000000 265.000000
145.000000 276.000000
156.000000 283.000000
169.000000 287.000000
183.000000 287.000000
194.000000 283.000000
204.000000 276.000000
