184.000000 42.000000
153.000000 54.000000
121.000000 72.000000
100.000000 104.000000
91.000000 141.000000
86.000000 172.000000
88.000000 206.000000
94.000000 239.000000
108.000000 269.000000
128.000000 297.000000
155.000000 318.000000
191.000000 328.000000
223.000000 313.000000
246.000000 289.000000
262.000000 263.000000
276.000000 236.000000
285.000000 205.000000
289.000000 173.000000
284.000000 142.000000
275.000000 110.000000
258.000000 68.000000
221.000000 44.000000
168.000000 142.000000
153.000000 137.000000
139.000000 133.000000
124.000000 132.000000
110.000000 137.000000
112.000000 143.000000
125.000000 140.000000
139.000000 142.000000
153.000000 146.000000
166.000000 150.000000
266.000000 136.000000
254.000000 132.000000
241.000000 133.000000
228.000000 136.000000
216.000000 141.000000
220.000000 148.000000
231.000000 144.000000
242.000000 141.000000
253.000000 139.000000
264.000000 141.000000
164.000000 174.000000
156.000000 163.000000
144.000000 159.000000
132.000000 161.000000
123.000000 169.000000
132.000000 176.000000
143.000000 178.000000
154.000000 177.000000
258.000000 166.000000
249.000000 158.000000
237.000000 157.000000
227.000000 162.000000
220.000000 172.000000
229.000000 176.000000
241.000000 177.000000
252.000000 174.000000
144.000000 167.000000
237.000000 166.000000
178.000000 170.000000
177.000000 186.000000
175.000000 201.000000
170.000000 216.000000
164.000000 232.000000
176.000000 241.000000
193.000000 246.000000
210.000000 242.000000
219.000000 232.000000
215.000000 217.000000
210.000000 202.000000
208.000000 186.000000
206.000000 170.000000
222.000000 269.000000
211.000000 263.000000
202.000000 260.000000
193.000000 263.000000
181.000000 260.000000
169.000000 264.000000
155.000000 269.000000
165.000000 277.000000
175.000000 283.000000
186.000000 287.000000
198.000000 287.000000
208.000000 283.000000
216.000000 277.000000
