196.000000 50.000000
153.000000 55.000000
121.000000 73.000000
94.000000 93.000000
81.000000 135.000000
81.000000 170.000000
82.000000 207.000000
86.000000 242.000000
95.000000 274.000000
117.000000 301.000000
144.000000 323.000000
185.000000 340.000000
221.000000 324.000000
245.000000 303.000000
268.000000 274.000000
276.000000 244.000000
281.000000 212.000000
286.000000 179.000000
282.000000 147.000000
269.000000 118.000000
264.000000 80.000000
235.000000 56.000000
166.000000 142.000000
152.000000 137.000000
138.000000 134.000000
125.000000 134.000000
114.000000 141.000000
116.000000 148.000000
127.000000 144.000000
138.000000 145.000000
151.000000 147.000000
165.000000 151.000000
266.000000 145.000000
254.000000 138.000000
242.000000 138.000000
230.000000 141.000000
218.000000 145.000000
220.000000 154.000000
232.000000 150.000000
244.000000 147.000000
254.000000 147.000000
263.000000 151.000000
166.000000 177.000000
158.000000 167.000000
148.000000 163.000000
137.000000 163.000000
128.000000 168.000000
135.000000 174.000000
145.000000 177.000000
155.000000 177.000000
252.000000 172.000000
244.000000 166.000000
234.000000 165.000000
223.000000 168.000000
215.000000 176.000000
225.000000 178.000000
235.000000 178.000000
244.000000 176.000000
144.000000 168.000000
234.000000 171.000000
180.000000 176.000000
176.000000 190.000000
172.000000 204.000000
166.000000 217.000000
161.000000 232.000000
172.000000 240.000000
188.000000 244.000000
204.000000 241.000000
215.000000 233.000000
213.000000 221.000000
209.000000 208.000000
205.000000 191.000000
204.000000 177.000000
227.000000 267.000000
213.000000 264.000000
200.000000 262.000000
188.000000 263.000000
175.000000 261.000000
160.000000 263.000000
145.000000 265.000000
154.000000 278.000000
166.000000 287.000000
180.000000 291.000000
193.000000 292.000000
206.000000 287.000000
216.000000 279.000000
