172.000000 0.000000
109.000000 2.000000
33.000000 4.000000
14.000000 49.000000
29.000000 108.000000
21.000000 84.000000
41.000000 144.000000
62.000000 191.000000
96.000000 241.000000
131.000000 267.000000
162.000000 284.000000
223.000000 305.000000
283.000000 246.000000
315.000000 198.000000
324.000000 165.000000
332.000000 119.000000
332.000000 70.000000
329.000000 29.000000
314.000000 0.000000
229.000000 15.000000
278.000000 1.000000
207.000000 1.000000
141.000000 36.000000
92.000000 29.000000
71.000000 34.000000
56.000000 41.000000
37.000000 54.000000
40.000000 63.000000
60.000000 54.000000
78.000000 49.000000
97.000000 46.000000
138.000000 47.000000
312.000000 4.000000
259.000000 3.000000
244.000000 8.000000
231.000000 32.000000
210.000000 22.000000
216.000000 38.000000
248.000000 26.000000
262.000000 18.000000
280.000000 15.000000
310.000000 18.000000
145.000000 90.000000
110.000000 87.000000
88.000000 81.000000
109.000000 105.000000
72.000000 95.000000
89.000000 101.000000
106.000000 77.000000
127.000000 100.000000
297.000000 53.000000
283.000000 47.000000
258.000000 63.000000
248.000000 75.000000
229.000000 74.000000
262.000000 48.000000
270.000000 76.000000
283.000000 69.000000
237.000000 59.000000
126.000000 72.000000
173.000000 103.000000
171.000000 134.000000
164.000000 153.000000
154.000000 171.000000
154.000000 187.000000
178.000000 195.000000
209.000000 194.000000
230.000000 187.000000
248.000000 169.000000
242.000000 156.000000
230.000000 145.000000
214.000000 125.000000
202.000000 97.000000
259.000000 210.000000
242.000000 216.000000
224.000000 221.000000
209.000000 225.000000
191.000000 227.000000
176.000000 232.000000
147.000000 234.000000
167.000000 244.000000
185.000000 251.000000
203.000000 253.000000
218.000000 252.000000
232.000000 248.000000
244.000000 231.000000
