172.000000 32.000000
130.000000 39.000000
96.000000 63.000000
79.000000 93.000000
70.000000 133.000000
67.000000 167.000000
71.000000 203.000000
78.000000 240.000000
91.000000 275.000000
115.000000 300.000000
143.000000 320.000000
178.000000 330.000000
219.000000 315.000000
249.000000 291.000000
270.000000 261.000000
280.000000 227.000000
284.000000 190.000000
283.000000 153.000000
276.000000 120.000000
264.000000 76.000000
240.000000 48.000000
207.000000 35.000000
144.000000 130.000000
130.000000 126.000000
116.000000 123.000000
101.000000 122.000000
88.000000 130.000000
90.000000 137.000000
102.000000 133.000000
116.000000 134.000000
130.000000 137.000000
144.000000 140.000000
258.000000 125.000000
245.000000 118.000000
228.000000 116.000000
213.000000 119.000000
198.000000 125.000000
201.000000 136.000000
216.000000 130.000000
230.000000 126.000000
244.000000 126.000000
255.000000 131.000000
145.000000 165.000000
137.000000 154.000000
125.000000 149.000000
112.000000 152.000000
103.000000 160.000000
111.000000 166.000000
123.000000 168.000000
134.000000 168.000000
243.000000 154.000000
232.000000 146.000000
220.000000 146.000000
209.000000 151.000000
200.000000 162.000000
212.000000 165.000000
225.000000 165.000000
237.000000 162.000000
124.000000 157.000000
222.000000 154.000000
159.000000 159.000000
158.000000 176.000000
155.000000 192.000000
150.000000 209.000000
145.000000 226.000000
158.000000 233.000000
174.000000 237.000000
191.000000 232.000000
205.000000 223.000000
199.000000 208.000000
194.000000 193.000000
189.000000 175.000000
187.000000 158.000000
215.000000 262.000000
200.000000 259.000000
187.000000 255.000000
176.000000 259.000000
162.000000 256.000000
149.000000 259.000000
134.000000 263.000000
144.000000 274.000000
155.000000 282.000000
170.000000 288.000000
184.000000 287.000000
197.000000 283.000000
208.000000 274.000000
