179.000000 15.000000
133.000000 22.000000
101.000000 46.000000
86.000000 74.000000
75.000000 105.000000
76.000000 138.000000
82.000000 174.000000
90.000000 207.000000
103.000000 240.000000
123.000000 266.000000
149.000000 287.000000
181.000000 296.000000
214.000000 285.000000
243.000000 262.000000
266.000000 234.000000
277.000000 203.000000
284.000000 171.000000
288.000000 136.000000
282.000000 103.000000
276.000000 72.000000
258.000000 42.000000
230.000000 20.000000
150.000000 106.000000
136.000000 101.000000
122.000000 99.000000
109.000000 98.000000
97.000000 102.000000
99.000000 109.000000
110.000000 108.000000
121.000000 109.000000
135.000000 112.000000
147.000000 115.000000
263.000000 101.000000
249.000000 97.000000
236.000000 99.000000
222.000000 102.000000
207.000000 107.000000
208.000000 115.000000
223.000000 113.000000
237.000000 109.000000
249.000000 107.000000
260.000000 108.000000
152.000000 143.000000
145.000000 132.000000
133.000000 126.000000
121.000000 128.000000
111.000000 134.000000
119.000000 142.000000
130.000000 146.000000
141.000000 145.000000
248.000000 135.000000
239.000000 129.000000
227.000000 128.000000
216.000000 133.000000
209.000000 141.000000
219.000000 145.000000
230.000000 146.000000
241.000000 143.000000
132.000000 136.000000
228.000000 136.000000
164.000000 137.000000
163.000000 155.000000
160.000000 171.000000
154.000000 186.000000
150.000000 201.000000
162.000000 210.000000
179.000000 216.000000
197.000000 210.000000
208.000000 200.000000
202.000000 186.000000
197.000000 171.000000
194.000000 156.000000
192.000000 137.000000
218.000000 234.000000
202.000000 233.000000
189.000000 231.000000
180.000000 235.000000
171.000000 231.000000
158.000000 234.000000
144.000000 235.000000
154.000000 246.000000
163.000000 253.000000
175.000000 257.000000
187.000000 256.000000
197.000000 251.000000
206.000000 244.000000
