167.000000 5.000000
124.000000 10.000000
84.000000 24.000000
57.000000 65.000000
49.000000 122.000000
44.000000 160.000000
53.000000 199.000000
63.000000 235.000000
80.000000 269.000000
103.000000 301.000000
131.000000 329.000000
175.000000 344.000000
218.000000 329.000000
249.000000 297.000000
271.000000 263.000000
284.000000 229.000000
291.000000 193.000000
293.000000 152.000000
285.000000 113.000000
276.000000 77.000000
256.000000 43.000000
216.000000 8.000000
130.000000 120.000000
114.000000 117.000000
98.000000 114.000000
81.000000 113.000000
66.000000 117.000000
69.000000 127.000000
84.000000 126.000000
99.000000 126.000000
114.000000 128.000000
127.000000 130.000000
260.000000 113.000000
246.000000 109.000000
231.000000 108.000000
215.000000 111.000000
199.000000 115.000000
201.000000 125.000000
217.000000 122.000000
232.000000 120.000000
246.000000 120.000000
258.000000 121.000000
132.000000 154.000000
124.000000 144.000000
110.000000 139.000000
96.000000 142.000000
86.000000 148.000000
96.000000 154.000000
109.000000 157.000000
121.000000 156.000000
242.000000 143.000000
232.000000 137.000000
219.000000 135.000000
207.000000 140.000000
198.000000 150.000000
210.000000 152.000000
222.000000 153.000000
233.000000 150.000000
110.000000 148.000000
220.000000 143.000000
146.000000 149.000000
145.000000 171.000000
142.000000 190.000000
138.000000 208.000000
132.000000 226.000000
146.000000 236.000000
168.000000 242.000000
188.000000 234.000000
202.000000 222.000000
196.000000 206.000000
189.000000 190.000000
184.000000 170.000000
181.000000 148.000000
218.000000 261.000000
198.000000 261.000000
183.000000 260.000000
170.000000 265.000000
159.000000 262.000000
144.000000 265.000000
127.000000 266.000000
140.000000 278.000000
151.000000 285.000000
165.000000 290.000000
179.000000 289.000000
194.000000 283.000000
205.000000 274.000000
