178.000000 96.000000
150.000000 100.000000
127.000000 114.000000
106.000000 136.000000
97.000000 174.000000
94.000000 202.000000
97.000000 231.000000
104.000000 258.000000
114.000000 282.000000
131.000000 303.000000
152.000000 322.000000
180.000000 333.000000
211.000000 322.000000
236.000000 301.000000
252.000000 280.000000
264.000000 256.000000
271.000000 228.000000
267.000000 198.000000
264.000000 172.000000
255.000000 145.000000
241.000000 126.000000
214.000000 102.000000
154.000000 169.000000
143.000000 165.000000
131.000000 162.000000
119.000000 162.000000
109.000000 166.000000
110.000000 172.000000
120.000000 170.000000
131.000000 170.000000
141.000000 173.000000
152.000000 176.000000
251.000000 170.000000
241.000000 164.000000
229.000000 160.000000
217.000000 161.000000
205.000000 165.000000
207.000000 173.000000
219.000000 170.000000
230.000000 169.000000
240.000000 170.000000
248.000000 175.000000
152.000000 197.000000
147.000000 187.000000
137.000000 182.000000
126.000000 183.000000
118.000000 189.000000
125.000000 196.000000
135.000000 198.000000
145.000000 198.000000
239.000000 194.000000
232.000000 186.000000
222.000000 184.000000
212.000000 187.000000
205.000000 196.000000
214.000000 199.000000
223.000000 200.000000
232.000000 198.000000
137.000000 189.000000
221.000000 191.000000
163.000000 192.000000
162.000000 207.000000
159.000000 221.000000
154.000000 234.000000
150.000000 248.000000
162.000000 253.000000
177.000000 258.000000
193.000000 253.000000
205.000000 246.000000
201.000000 234.000000
195.000000 221.000000
192.000000 207.000000
191.000000 192.000000
209.000000 279.000000
196.000000 273.000000
186.000000 269.000000
178.000000 272.000000
168.000000 270.000000
158.000000 273.000000
147.000000 278.000000
155.000000 287.000000
163.000000 292.000000
173.000000 295.000000
183.000000 295.000000
194.000000 292.000000
203.000000 286.000000
