226.000000 67.000000
192.000000 64.000000
160.000000 71.000000
131.000000 88.000000
109.000000 113.000000
96.000000 144.000000
91.000000 179.000000
90.000000 212.000000
92.000000 246.000000
107.000000 279.000000
131.000000 305.000000
166.000000 321.000000
201.000000 320.000000
231.000000 306.000000
258.000000 285.000000
275.000000 257.000000
289.000000 227.000000
294.000000 194.000000
300.000000 161.000000
298.000000 131.000000
281.000000 103.000000
256.000000 81.000000
187.000000 125.000000
175.000000 119.000000
163.000000 114.000000
150.000000 111.000000
138.000000 112.000000
138.000000 119.000000
149.000000 119.000000
161.000000 123.000000
172.000000 128.000000
184.000000 134.000000
287.000000 146.000000
276.000000 140.000000
264.000000 137.000000
250.000000 137.000000
238.000000 137.000000
237.000000 146.000000
250.000000 146.000000
263.000000 146.000000
274.000000 148.000000
284.000000 152.000000
179.000000 162.000000
172.000000 151.000000
161.000000 144.000000
149.000000 142.000000
138.000000 147.000000
147.000000 155.000000
156.000000 160.000000
166.000000 161.000000
275.000000 177.000000
263.000000 168.000000
252.000000 164.000000
242.000000 167.000000
232.000000 173.000000
241.000000 179.000000
252.000000 182.000000
264.000000 182.000000
156.000000 150.000000
251.000000 173.000000
196.000000 161.000000
190.000000 175.000000
186.000000 191.000000
172.000000 201.000000
163.000000 214.000000
185.000000 230.000000
203.000000 235.000000
215.000000 234.000000
231.000000 233.000000
228.000000 215.000000
223.000000 204.000000
223.000000 186.000000
226.000000 168.000000
232.000000 263.000000
216.000000 258.000000
195.000000 252.000000
186.000000 252.000000
176.000000 247.000000
161.000000 247.000000
145.000000 247.000000
154.000000 258.000000
162.000000 266.000000
173.000000 272.000000
186.000000 275.000000
197.000000 274.000000
220.000000 273.000000
