169.000000 48.000000
132.000000 49.000000
104.000000 69.000000
87.000000 94.000000
78.000000 123.000000
73.000000 153.000000
77.000000 186.000000
81.000000 218.000000
89.000000 251.000000
110.000000 277.000000
137.000000 297.000000
173.000000 306.000000
206.000000 299.000000
235.000000 276.000000
256.000000 249.000000
263.000000 216.000000
270.000000 181.000000
273.000000 146.000000
267.000000 118.000000
255.000000 92.000000
238.000000 69.000000
203.000000 50.000000
145.000000 119.000000
131.000000 116.000000
118.000000 114.000000
104.000000 117.000000
94.000000 125.000000
98.000000 131.000000
107.000000 126.000000
119.000000 125.000000
131.000000 127.000000
143.000000 129.000000
248.000000 127.000000
236.000000 120.000000
223.000000 118.000000
210.000000 120.000000
198.000000 124.000000
201.000000 133.000000
212.000000 130.000000
224.000000 129.000000
235.000000 130.000000
245.000000 134.000000
146.000000 157.000000
140.000000 149.000000
130.000000 145.000000
120.000000 147.000000
111.000000 152.000000
119.000000 158.000000
129.000000 160.000000
138.000000 159.000000
232.000000 155.000000
224.000000 149.000000
215.000000 147.000000
206.000000 150.000000
200.000000 156.000000
208.000000 159.000000
217.000000 161.000000
226.000000 159.000000
130.000000 152.000000
214.000000 154.000000
158.000000 153.000000
157.000000 169.000000
155.000000 183.000000
149.000000 195.000000
144.000000 209.000000
158.000000 216.000000
174.000000 220.000000
189.000000 217.000000
200.000000 210.000000
196.000000 197.000000
191.000000 185.000000
188.000000 170.000000
187.000000 153.000000
205.000000 246.000000
192.000000 242.000000
182.000000 238.000000
174.000000 242.000000
165.000000 239.000000
153.000000 242.000000
138.000000 247.000000
148.000000 256.000000
158.000000 260.000000
168.000000 262.000000
179.000000 262.000000
189.000000 259.000000
197.000000 253.000000
