188.000000 20.000000
139.000000 21.000000
99.000000 53.000000
85.000000 83.000000
74.000000 116.000000
73.000000 162.000000
76.000000 202.000000
84.000000 238.000000
98.000000 273.000000
120.000000 302.000000
151.000000 322.000000
191.000000 332.000000
227.000000 320.000000
258.000000 299.000000
281.000000 270.000000
291.000000 236.000000
298.000000 202.000000
301.000000 165.000000
303.000000 125.000000
293.000000 88.000000
275.000000 60.000000
233.000000 25.000000
162.000000 123.000000
148.000000 117.000000
134.000000 114.000000
118.000000 114.000000
102.000000 118.000000
103.000000 126.000000
119.000000 122.000000
133.000000 123.000000
147.000000 126.000000
157.000000 131.000000
276.000000 119.000000
261.000000 115.000000
246.000000 114.000000
231.000000 118.000000
220.000000 124.000000
224.000000 131.000000
234.000000 126.000000
247.000000 123.000000
261.000000 123.000000
274.000000 126.000000
160.000000 162.000000
152.000000 151.000000
139.000000 146.000000
126.000000 148.000000
115.000000 155.000000
122.000000 162.000000
137.000000 166.000000
151.000000 165.000000
265.000000 155.000000
255.000000 147.000000
242.000000 146.000000
230.000000 152.000000
222.000000 162.000000
234.000000 165.000000
246.000000 167.000000
259.000000 162.000000
139.000000 155.000000
243.000000 156.000000
177.000000 159.000000
174.000000 178.000000
171.000000 194.000000
165.000000 209.000000
158.000000 224.000000
171.000000 235.000000
191.000000 241.000000
211.000000 235.000000
225.000000 223.000000
218.000000 208.000000
213.000000 194.000000
209.000000 178.000000
207.000000 160.000000
232.000000 262.000000
215.000000 260.000000
200.000000 257.000000
191.000000 261.000000
179.000000 257.000000
164.000000 261.000000
146.000000 263.000000
158.000000 274.000000
169.000000 282.000000
183.000000 286.000000
198.000000 286.000000
211.000000 281.000000
221.000000 273.000000
