179.000000 57.000000
142.000000 52.000000
108.000000 64.000000
85.000000 86.000000
71.000000 123.000000
66.000000 157.000000
71.000000 195.000000
78.000000 232.000000
90.000000 268.000000
115.000000 295.000000
145.000000 317.000000
181.000000 325.000000
214.000000 314.000000
243.000000 292.000000
266.000000 261.000000
277.000000 229.000000
282.000000 193.000000
286.000000 157.000000
280.000000 123.000000
269.000000 85.000000
242.000000 57.000000
210.000000 53.000000
151.000000 129.000000
137.000000 123.000000
122.000000 119.000000
108.000000 117.000000
94.000000 121.000000
95.000000 130.000000
108.000000 127.000000
121.000000 130.000000
136.000000 134.000000
149.000000 139.000000
265.000000 122.000000
252.000000 117.000000
238.000000 118.000000
223.000000 122.000000
207.000000 128.000000
209.000000 137.000000
225.000000 133.000000
239.000000 129.000000
252.000000 126.000000
263.000000 128.000000
150.000000 166.000000
142.000000 153.000000
129.000000 147.000000
116.000000 148.000000
105.000000 155.000000
114.000000 164.000000
126.000000 168.000000
138.000000 167.000000
251.000000 157.000000
242.000000 149.000000
228.000000 148.000000
216.000000 153.000000
207.000000 164.000000
219.000000 167.000000
232.000000 168.000000
244.000000 165.000000
127.000000 156.000000
228.000000 157.000000
165.000000 160.000000
163.000000 177.000000
159.000000 194.000000
153.000000 209.000000
147.000000 225.000000
160.000000 233.000000
178.000000 238.000000
197.000000 232.000000
210.000000 223.000000
203.000000 209.000000
198.000000 194.000000
194.000000 178.000000
191.000000 159.000000
221.000000 255.000000
204.000000 254.000000
190.000000 253.000000
178.000000 255.000000
167.000000 253.000000
151.000000 255.000000
134.000000 257.000000
147.000000 269.000000
158.000000 276.000000
173.000000 280.000000
186.000000 279.000000
199.000000 275.000000
210.000000 267.000000
