170.000000 54.000000
140.000000 57.000000
112.000000 80.000000
97.000000 117.000000
84.000000 142.000000
80.000000 171.000000
84.000000 203.000000
91.000000 234.000000
102.000000 263.000000
119.000000 287.000000
141.000000 308.000000
174.000000 320.000000
210.000000 310.000000
233.000000 288.000000
250.000000 262.000000
259.000000 233.000000
263.000000 203.000000
264.000000 170.000000
260.000000 141.000000
257.000000 110.000000
237.000000 88.000000
206.000000 61.000000
143.000000 145.000000
130.000000 141.000000
118.000000 137.000000
106.000000 135.000000
95.000000 138.000000
96.000000 146.000000
107.000000 146.000000
118.000000 147.000000
130.000000 149.000000
141.000000 153.000000
243.000000 138.000000
232.000000 133.000000
219.000000 134.000000
206.000000 139.000000
192.000000 144.000000
194.000000 152.000000
208.000000 148.000000
221.000000 145.000000
232.000000 142.000000
242.000000 144.000000
144.000000 173.000000
137.000000 162.000000
126.000000 157.000000
115.000000 160.000000
107.000000 166.000000
114.000000 173.000000
123.000000 176.000000
132.000000 175.000000
233.000000 165.000000
224.000000 158.000000
212.000000 156.000000
201.000000 161.000000
193.000000 171.000000
203.000000 174.000000
215.000000 175.000000
227.000000 172.000000
126.000000 166.000000
212.000000 165.000000
154.000000 169.000000
153.000000 184.000000
151.000000 197.000000
146.000000 212.000000
142.000000 225.000000
151.000000 235.000000
169.000000 242.000000
188.000000 234.000000
198.000000 223.000000
191.000000 210.000000
186.000000 196.000000
182.000000 183.000000
180.000000 168.000000
211.000000 252.000000
196.000000 250.000000
182.000000 249.000000
170.000000 252.000000
158.000000 250.000000
145.000000 252.000000
133.000000 254.000000
142.000000 267.000000
152.000000 276.000000
165.000000 282.000000
179.000000 282.000000
191.000000 276.000000
203.000000 267.000000
