188.000000 0.000000
148.000000 0.000000
98.000000 7.000000
78.000000 30.000000
64.000000 70.000000
56.000000 110.000000
60.000000 152.000000
66.000000 193.000000
81.000000 232.000000
104.000000 266.000000
133.000000 293.000000
176.000000 307.000000
215.000000 295.000000
252.000000 266.000000
278.000000 237.000000
293.000000 202.000000
302.000000 162.000000
311.000000 118.000000
306.000000 79.000000
297.000000 26.000000
265.000000 0.000000
227.000000 0.000000
148.000000 70.000000
132.000000 64.000000
115.000000 59.000000
98.000000 57.000000
82.000000 60.000000
83.000000 68.000000
98.000000 67.000000
114.000000 70.000000
129.000000 75.000000
143.000000 79.000000
282.000000 75.000000
268.000000 69.000000
252.000000 67.000000
235.000000 69.000000
218.000000 72.000000
220.000000 80.000000
237.000000 79.000000
252.000000 77.000000
266.000000 77.000000
278.000000 80.000000
145.000000 115.000000
138.000000 101.000000
124.000000 94.000000
109.000000 94.000000
98.000000 101.000000
108.000000 110.000000
121.000000 115.000000
133.000000 115.000000
263.000000 111.000000
252.000000 103.000000
238.000000 100.000000
226.000000 106.000000
217.000000 115.000000
228.000000 121.000000
242.000000 122.000000
255.000000 119.000000
121.000000 104.000000
239.000000 111.000000
162.000000 111.000000
158.000000 134.000000
152.000000 152.000000
144.000000 170.000000
139.000000 189.000000
154.000000 199.000000
174.000000 208.000000
194.000000 201.000000
209.000000 191.000000
206.000000 174.000000
201.000000 157.000000
198.000000 136.000000
197.000000 114.000000
214.000000 234.000000
198.000000 231.000000
185.000000 227.000000
173.000000 231.000000
160.000000 227.000000
148.000000 228.000000
134.000000 230.000000
143.000000 243.000000
153.000000 251.000000
166.000000 256.000000
182.000000 257.000000
195.000000 251.000000
205.000000 243.000000
