195.000000 24.000000
142.000000 34.000000
110.000000 59.000000
88.000000 89.000000
75.000000 129.000000
77.000000 170.000000
83.000000 208.000000
92.000000 243.000000
107.000000 277.000000
128.000000 304.000000
155.000000 328.000000
192.000000 338.000000
223.000000 322.000000
247.000000 297.000000
269.000000 268.000000
283.000000 235.000000
292.000000 200.000000
298.000000 163.000000
291.000000 129.000000
288.000000 95.000000
278.000000 61.000000
237.000000 31.000000
161.000000 135.000000
145.000000 129.000000
129.000000 126.000000
113.000000 125.000000
100.000000 130.000000
103.000000 138.000000
115.000000 136.000000
129.000000 138.000000
144.000000 142.000000
159.000000 147.000000
273.000000 127.000000
260.000000 123.000000
247.000000 126.000000
232.000000 131.000000
217.000000 136.000000
220.000000 146.000000
235.000000 141.000000
249.000000 136.000000
260.000000 133.000000
271.000000 134.000000
161.000000 171.000000
150.000000 160.000000
138.000000 155.000000
126.000000 158.000000
116.000000 165.000000
124.000000 173.000000
137.000000 176.000000
149.000000 175.000000
259.000000 162.000000
250.000000 155.000000
237.000000 153.000000
226.000000 159.000000
217.000000 168.000000
228.000000 172.000000
241.000000 173.000000
253.000000 170.000000
136.000000 165.000000
238.000000 163.000000
173.000000 166.000000
171.000000 185.000000
167.000000 201.000000
162.000000 216.000000
158.000000 231.000000
172.000000 240.000000
190.000000 246.000000
209.000000 239.000000
221.000000 229.000000
215.000000 215.000000
210.000000 199.000000
206.000000 185.000000
203.000000 166.000000
233.000000 261.000000
217.000000 262.000000
202.000000 261.000000
191.000000 266.000000
179.000000 263.000000
163.000000 265.000000
146.000000 266.000000
156.000000 280.000000
168.000000 290.000000
184.000000 296.000000
199.000000 295.000000
211.000000 287.000000
222.000000 276.000000
