171.000000 21.000000
132.000000 32.000000
101.000000 57.000000
84.000000 91.000000
74.000000 127.000000
70.000000 160.000000
76.000000 196.000000
85.000000 230.000000
100.000000 263.000000
123.000000 288.000000
148.000000 310.000000
179.000000 319.000000
214.000000 305.000000
242.000000 279.000000
262.000000 251.000000
275.000000 220.000000
282.000000 187.000000
284.000000 151.000000
278.000000 119.000000
268.000000 73.000000
243.000000 47.000000
209.000000 23.000000
143.000000 126.000000
130.000000 122.000000
117.000000 118.000000
104.000000 118.000000
91.000000 120.000000
91.000000 128.000000
105.000000 127.000000
116.000000 128.000000
129.000000 131.000000
140.000000 133.000000
255.000000 115.000000
242.000000 113.000000
228.000000 114.000000
214.000000 117.000000
201.000000 122.000000
203.000000 129.000000
216.000000 126.000000
230.000000 123.000000
242.000000 121.000000
253.000000 122.000000
144.000000 160.000000
137.000000 148.000000
124.000000 143.000000
111.000000 144.000000
102.000000 152.000000
109.000000 160.000000
122.000000 163.000000
134.000000 162.000000
243.000000 149.000000
233.000000 142.000000
220.000000 140.000000
210.000000 146.000000
202.000000 156.000000
213.000000 160.000000
226.000000 160.000000
237.000000 157.000000
124.000000 152.000000
221.000000 150.000000
158.000000 154.000000
156.000000 174.000000
152.000000 191.000000
146.000000 208.000000
140.000000 225.000000
154.000000 233.000000
173.000000 239.000000
193.000000 231.000000
206.000000 221.000000
200.000000 207.000000
194.000000 191.000000
190.000000 173.000000
187.000000 154.000000
212.000000 255.000000
196.000000 252.000000
184.000000 249.000000
174.000000 253.000000
164.000000 250.000000
152.000000 254.000000
140.000000 258.000000
149.000000 268.000000
158.000000 275.000000
169.000000 279.000000
183.000000 279.000000
194.000000 274.000000
205.000000 265.000000
