170.000000 0.000000
127.000000 8.000000
99.000000 31.000000
85.000000 55.000000
75.000000 97.000000
73.000000 128.000000
72.000000 165.000000
76.000000 199.000000
85.000000 229.000000
100.000000 257.000000
124.000000 286.000000
156.000000 305.000000
197.000000 295.000000
228.000000 272.000000
251.000000 246.000000
266.000000 216.000000
274.000000 180.000000
280.000000 143.000000
288.000000 103.000000
280.000000 67.000000
250.000000 21.000000
208.000000 1.000000
139.000000 100.000000
126.000000 95.000000
112.000000 92.000000
98.000000 90.000000
86.000000 95.000000
87.000000 103.000000
99.000000 101.000000
111.000000 103.000000
124.000000 107.000000
135.000000 111.000000
257.000000 106.000000
243.000000 99.000000
227.000000 99.000000
211.000000 101.000000
195.000000 105.000000
197.000000 115.000000
213.000000 113.000000
227.000000 110.000000
242.000000 109.000000
254.000000 112.000000
136.000000 143.000000
129.000000 130.000000
116.000000 122.000000
102.000000 126.000000
93.000000 133.000000
103.000000 142.000000
115.000000 145.000000
125.000000 145.000000
239.000000 143.000000
229.000000 134.000000
216.000000 130.000000
204.000000 135.000000
194.000000 146.000000
206.000000 151.000000
218.000000 152.000000
231.000000 149.000000
117.000000 134.000000
215.000000 141.000000
148.000000 140.000000
146.000000 159.000000
142.000000 176.000000
136.000000 191.000000
132.000000 207.000000
144.000000 217.000000
159.000000 224.000000
176.000000 219.000000
189.000000 209.000000
186.000000 193.000000
182.000000 179.000000
179.000000 159.000000
179.000000 142.000000
194.000000 250.000000
178.000000 247.000000
167.000000 244.000000
158.000000 247.000000
148.000000 242.000000
137.000000 245.000000
124.000000 245.000000
133.000000 255.000000
142.000000 262.000000
152.000000 267.000000
164.000000 268.000000
175.000000 264.000000
184.000000 259.000000
