199.000000 69.000000
163.000000 74.000000
130.000000 91.000000
112.000000 119.000000
107.000000 147.000000
102.000000 174.000000
103.000000 205.000000
108.000000 236.000000
119.000000 264.000000
137.000000 287.000000
160.000000 307.000000
190.000000 317.000000
221.000000 308.000000
242.000000 288.000000
260.000000 264.000000
270.000000 238.000000
277.000000 209.000000
280.000000 179.000000
284.000000 151.000000
277.000000 125.000000
259.000000 97.000000
233.000000 79.000000
173.000000 153.000000
160.000000 147.000000
147.000000 143.000000
133.000000 141.000000
123.000000 146.000000
124.000000 153.000000
135.000000 150.000000
146.000000 153.000000
159.000000 157.000000
172.000000 162.000000
266.000000 149.000000
255.000000 143.000000
243.000000 144.000000
232.000000 148.000000
218.000000 153.000000
221.000000 162.000000
234.000000 158.000000
244.000000 154.000000
255.000000 152.000000
264.000000 155.000000
171.000000 181.000000
164.000000 172.000000
154.000000 167.000000
143.000000 168.000000
136.000000 174.000000
144.000000 180.000000
153.000000 182.000000
162.000000 182.000000
253.000000 177.000000
245.000000 171.000000
235.000000 170.000000
226.000000 173.000000
219.000000 181.000000
227.000000 184.000000
237.000000 185.000000
247.000000 183.000000
152.000000 173.000000
235.000000 177.000000
184.000000 177.000000
181.000000 192.000000
178.000000 205.000000
173.000000 217.000000
168.000000 230.000000
178.000000 238.000000
192.000000 244.000000
206.000000 239.000000
216.000000 231.000000
213.000000 219.000000
208.000000 205.000000
206.000000 193.000000
205.000000 177.000000
225.000000 260.000000
211.000000 257.000000
200.000000 255.000000
191.000000 258.000000
182.000000 255.000000
169.000000 257.000000
154.000000 258.000000
165.000000 269.000000
174.000000 275.000000
186.000000 280.000000
197.000000 280.000000
208.000000 276.000000
217.000000 270.000000
