176.000000 48.000000
141.000000 50.000000
111.000000 71.000000
94.000000 105.000000
93.000000 137.000000
90.000000 165.000000
96.000000 196.000000
104.000000 224.000000
117.000000 250.000000
135.000000 270.000000
154.000000 289.000000
186.000000 300.000000
216.000000 286.000000
237.000000 264.000000
254.000000 240.000000
262.000000 212.000000
266.000000 183.000000
266.000000 152.000000
260.000000 125.000000
251.000000 96.000000
240.000000 75.000000
211.000000 50.000000
148.000000 135.000000
136.000000 132.000000
124.000000 130.000000
111.000000 130.000000
101.000000 135.000000
103.000000 142.000000
114.000000 139.000000
125.000000 141.000000
137.000000 143.000000
148.000000 145.000000
246.000000 129.000000
234.000000 124.000000
220.000000 125.000000
207.000000 127.000000
194.000000 132.000000
196.000000 141.000000
210.000000 137.000000
223.000000 134.000000
234.000000 133.000000
244.000000 134.000000
152.000000 167.000000
146.000000 159.000000
136.000000 154.000000
126.000000 157.000000
118.000000 163.000000
125.000000 169.000000
134.000000 171.000000
142.000000 170.000000
234.000000 156.000000
227.000000 151.000000
217.000000 150.000000
207.000000 154.000000
199.000000 162.000000
209.000000 165.000000
219.000000 165.000000
228.000000 163.000000
136.000000 162.000000
216.000000 157.000000
161.000000 163.000000
161.000000 178.000000
159.000000 191.000000
156.000000 203.000000
153.000000 215.000000
163.000000 222.000000
178.000000 227.000000
193.000000 220.000000
202.000000 213.000000
197.000000 201.000000
193.000000 191.000000
189.000000 176.000000
187.000000 161.000000
217.000000 236.000000
203.000000 236.000000
191.000000 237.000000
180.000000 241.000000
168.000000 239.000000
157.000000 240.000000
146.000000 241.000000
154.000000 253.000000
163.000000 260.000000
176.000000 264.000000
188.000000 264.000000
200.000000 258.000000
209.000000 249.000000
