167.000000 30.000000
118.000000 41.000000
95.000000 67.000000
79.000000 94.000000
74.000000 130.000000
73.000000 157.000000
74.000000 186.000000
85.000000 218.000000
102.000000 243.000000
121.000000 266.000000
145.000000 285.000000
175.000000 293.000000
203.000000 281.000000
222.000000 262.000000
238.000000 240.000000
249.000000 214.000000
256.000000 187.000000
258.000000 159.000000
255.000000 133.000000
256.000000 108.000000
244.000000 75.000000
217.000000 45.000000
158.000000 123.000000
146.000000 121.000000
134.000000 120.000000
122.000000 123.000000
112.000000 127.000000
113.000000 131.000000
123.000000 130.000000
135.000000 129.000000
145.000000 130.000000
157.000000 133.000000
245.000000 125.000000
235.000000 119.000000
223.000000 118.000000
211.000000 120.000000
199.000000 122.000000
200.000000 131.000000
213.000000 128.000000
224.000000 127.000000
234.000000 127.000000
243.000000 130.000000
154.000000 157.000000
146.000000 148.000000
136.000000 144.000000
126.000000 145.000000
117.000000 150.000000
123.000000 157.000000
134.000000 160.000000
145.000000 159.000000
232.000000 151.000000
224.000000 145.000000
214.000000 144.000000
206.000000 148.000000
198.000000 156.000000
207.000000 158.000000
216.000000 159.000000
226.000000 156.000000
134.000000 151.000000
215.000000 151.000000
165.000000 153.000000
163.000000 168.000000
160.000000 182.000000
156.000000 194.000000
151.000000 207.000000
165.000000 214.000000
179.000000 218.000000
193.000000 214.000000
204.000000 207.000000
199.000000 195.000000
194.000000 183.000000
191.000000 168.000000
189.000000 153.000000
207.000000 236.000000
197.000000 234.000000
187.000000 231.000000
178.000000 234.000000
168.000000 231.000000
156.000000 234.000000
143.000000 236.000000
150.000000 246.000000
160.000000 253.000000
171.000000 256.000000
183.000000 256.000000
192.000000 252.000000
200.000000 245.000000
