175.000000 59.000000
136.000000 67.000000
111.000000 81.000000
91.000000 105.000000
82.000000 138.000000
78.000000 168.000000
81.000000 202.000000
88.000000 233.000000
100.000000 263.000000
124.000000 287.000000
149.000000 301.000000
178.000000 308.000000
210.000000 298.000000
236.000000 282.000000
255.000000 256.000000
265.000000 226.000000
270.000000 195.000000
271.000000 163.000000
265.000000 133.000000
251.000000 107.000000
238.000000 81.000000
208.000000 62.000000
147.000000 133.000000
134.000000 129.000000
121.000000 127.000000
108.000000 128.000000
98.000000 134.000000
100.000000 139.000000
110.000000 135.000000
121.000000 135.000000
133.000000 138.000000
145.000000 141.000000
246.000000 131.000000
235.000000 125.000000
221.000000 122.000000
208.000000 124.000000
195.000000 128.000000
198.000000 136.000000
210.000000 133.000000
222.000000 130.000000
233.000000 131.000000
243.000000 136.000000
147.000000 168.000000
140.000000 159.000000
130.000000 154.000000
120.000000 156.000000
112.000000 162.000000
119.000000 168.000000
130.000000 170.000000
140.000000 170.000000
231.000000 160.000000
223.000000 154.000000
213.000000 153.000000
204.000000 157.000000
198.000000 164.000000
206.000000 167.000000
215.000000 168.000000
224.000000 166.000000
130.000000 162.000000
214.000000 160.000000
159.000000 162.000000
158.000000 178.000000
155.000000 193.000000
150.000000 206.000000
145.000000 220.000000
157.000000 227.000000
174.000000 230.000000
189.000000 226.000000
201.000000 217.000000
195.000000 204.000000
189.000000 192.000000
185.000000 176.000000
183.000000 161.000000
210.000000 249.000000
196.000000 246.000000
184.000000 244.000000
175.000000 247.000000
163.000000 245.000000
152.000000 248.000000
140.000000 251.000000
149.000000 260.000000
159.000000 264.000000
170.000000 266.000000
182.000000 266.000000
193.000000 262.000000
202.000000 256.000000
