175.000000 73.000000
138.000000 77.000000
110.000000 91.000000
96.000000 113.000000
81.000000 142.000000
80.000000 171.000000
83.000000 204.000000
92.000000 233.000000
103.000000 263.000000
121.000000 290.000000
146.000000 311.000000
180.000000 321.000000
214.000000 309.000000
236.000000 285.000000
256.000000 259.000000
266.000000 231.000000
271.000000 200.000000
274.000000 168.000000
273.000000 137.000000
260.000000 102.000000
239.000000 81.000000
210.000000 71.000000
155.000000 149.000000
142.000000 144.000000
129.000000 141.000000
116.000000 140.000000
103.000000 145.000000
105.000000 151.000000
117.000000 149.000000
129.000000 151.000000
142.000000 154.000000
152.000000 157.000000
252.000000 145.000000
240.000000 140.000000
228.000000 142.000000
215.000000 146.000000
203.000000 151.000000
205.000000 158.000000
217.000000 154.000000
229.000000 151.000000
240.000000 149.000000
249.000000 150.000000
154.000000 180.000000
148.000000 171.000000
138.000000 167.000000
127.000000 168.000000
118.000000 173.000000
127.000000 179.000000
136.000000 182.000000
144.000000 181.000000
237.000000 172.000000
229.000000 167.000000
219.000000 166.000000
209.000000 171.000000
203.000000 178.000000
212.000000 180.000000
222.000000 181.000000
231.000000 178.000000
136.000000 174.000000
219.000000 173.000000
165.000000 176.000000
168.000000 191.000000
165.000000 206.000000
162.000000 220.000000
152.000000 235.000000
164.000000 241.000000
180.000000 247.000000
197.000000 241.000000
208.000000 233.000000
202.000000 220.000000
195.000000 208.000000
190.000000 190.000000
191.000000 175.000000
217.000000 260.000000
202.000000 261.000000
190.000000 260.000000
181.000000 263.000000
171.000000 261.000000
158.000000 262.000000
144.000000 261.000000
153.000000 273.000000
162.000000 281.000000
175.000000 285.000000
186.000000 286.000000
197.000000 281.000000
207.000000 272.000000
