159.000000 14.000000
125.000000 26.000000
87.000000 59.000000
82.000000 95.000000
68.000000 126.000000
63.000000 160.000000
71.000000 196.000000
82.000000 229.000000
96.000000 257.000000
120.000000 282.000000
144.000000 306.000000
178.000000 317.000000
210.000000 302.000000
235.000000 280.000000
254.000000 252.000000
270.000000 224.000000
280.000000 190.000000
283.000000 154.000000
277.000000 120.000000
263.000000 88.000000
241.000000 42.000000
200.000000 17.000000
141.000000 122.000000
125.000000 117.000000
110.000000 115.000000
95.000000 116.000000
79.000000 121.000000
81.000000 130.000000
96.000000 127.000000
110.000000 127.000000
123.000000 128.000000
137.000000 132.000000
257.000000 115.000000
243.000000 111.000000
227.000000 112.000000
211.000000 115.000000
194.000000 121.000000
195.000000 131.000000
213.000000 128.000000
228.000000 125.000000
242.000000 124.000000
255.000000 124.000000
139.000000 158.000000
132.000000 145.000000
119.000000 139.000000
102.000000 142.000000
93.000000 150.000000
102.000000 158.000000
115.000000 162.000000
128.000000 162.000000
245.000000 149.000000
233.000000 140.000000
219.000000 137.000000
206.000000 144.000000
197.000000 157.000000
210.000000 159.000000
224.000000 160.000000
237.000000 160.000000
119.000000 150.000000
220.000000 148.000000
151.000000 152.000000
149.000000 171.000000
146.000000 187.000000
145.000000 207.000000
139.000000 225.000000
155.000000 235.000000
169.000000 238.000000
184.000000 234.000000
198.000000 224.000000
191.000000 207.000000
187.000000 190.000000
185.000000 171.000000
180.000000 152.000000
206.000000 259.000000
191.000000 257.000000
179.000000 254.000000
169.000000 258.000000
159.000000 255.000000
148.000000 259.000000
132.000000 259.000000
147.000000 270.000000
156.000000 276.000000
166.000000 279.000000
178.000000 278.000000
188.000000 274.000000
197.000000 268.000000
