202.000000 44.000000
140.000000 48.000000
117.000000 73.000000
98.000000 109.000000
70.000000 137.000000
68.000000 186.000000
75.000000 234.000000
95.000000 268.000000
119.000000 301.000000
148.000000 328.000000
183.000000 346.000000
228.000000 348.000000
252.000000 325.000000
270.000000 300.000000
289.000000 270.000000
299.000000 238.000000
305.000000 202.000000
307.000000 171.000000
307.000000 133.000000
303.000000 99.000000
283.000000 51.000000
238.000000 31.000000
186.000000 142.000000
165.000000 135.000000
150.000000 132.000000
134.000000 134.000000
118.000000 141.000000
120.000000 149.000000
136.000000 145.000000
151.000000 144.000000
165.000000 146.000000
183.000000 152.000000
295.000000 126.000000
281.000000 121.000000
268.000000 122.000000
255.000000 128.000000
243.000000 134.000000
246.000000 142.000000
259.000000 137.000000
270.000000 133.000000
282.000000 131.000000
293.000000 133.000000
178.000000 181.000000
171.000000 170.000000
157.000000 165.000000
143.000000 169.000000
135.000000 177.000000
143.000000 184.000000
156.000000 186.000000
170.000000 185.000000
284.000000 164.000000
272.000000 158.000000
258.000000 158.000000
248.000000 165.000000
242.000000 177.000000
253.000000 180.000000
266.000000 179.000000
278.000000 173.000000
157.000000 175.000000
260.000000 168.000000
196.000000 176.000000
195.000000 195.000000
193.000000 213.000000
190.000000 229.000000
184.000000 247.000000
201.000000 252.000000
220.000000 259.000000
235.000000 254.000000
248.000000 240.000000
242.000000 227.000000
234.000000 210.000000
233.000000 191.000000
229.000000 173.000000
257.000000 281.000000
244.000000 279.000000
233.000000 277.000000
222.000000 281.000000
209.000000 279.000000
195.000000 283.000000
181.000000 286.000000
192.000000 296.000000
203.000000 304.000000
217.000000 309.000000
232.000000 308.000000
242.000000 301.000000
251.000000 292.000000
