181.000000 34.000000
137.000000 38.000000
101.000000 59.000000
76.000000 92.000000
68.000000 125.000000
61.000000 161.000000
64.000000 202.000000
71.000000 239.000000
88.000000 273.000000
113.000000 302.000000
144.000000 325.000000
183.000000 334.000000
218.000000 323.000000
245.000000 301.000000
270.000000 274.000000
284.000000 242.000000
291.000000 207.000000
296.000000 167.000000
296.000000 130.000000
284.000000 92.000000
257.000000 50.000000
220.000000 36.000000
162.000000 120.000000
146.000000 115.000000
130.000000 111.000000
113.000000 111.000000
98.000000 116.000000
101.000000 122.000000
115.000000 120.000000
129.000000 122.000000
144.000000 126.000000
158.000000 131.000000
274.000000 123.000000
261.000000 116.000000
247.000000 116.000000
232.000000 119.000000
216.000000 124.000000
219.000000 133.000000
234.000000 130.000000
248.000000 127.000000
260.000000 125.000000
271.000000 128.000000
157.000000 162.000000
148.000000 150.000000
136.000000 145.000000
123.000000 147.000000
112.000000 154.000000
121.000000 161.000000
134.000000 166.000000
146.000000 165.000000
259.000000 157.000000
250.000000 151.000000
237.000000 148.000000
225.000000 153.000000
215.000000 161.000000
226.000000 166.000000
239.000000 168.000000
250.000000 165.000000
134.000000 154.000000
235.000000 158.000000
171.000000 156.000000
168.000000 177.000000
165.000000 191.000000
159.000000 206.000000
152.000000 222.000000
166.000000 233.000000
185.000000 239.000000
204.000000 233.000000
216.000000 224.000000
210.000000 208.000000
204.000000 194.000000
201.000000 176.000000
200.000000 157.000000
225.000000 261.000000
209.000000 259.000000
195.000000 257.000000
184.000000 260.000000
172.000000 257.000000
156.000000 260.000000
140.000000 264.000000
150.000000 275.000000
162.000000 283.000000
177.000000 288.000000
191.000000 288.000000
204.000000 283.000000
214.000000 273.000000
