194.000000 0.000000
147.000000 0.000000
102.000000 13.000000
82.000000 53.000000
71.000000 95.000000
66.000000 136.000000
72.000000 179.000000
82.000000 218.000000
99.000000 256.000000
128.000000 287.000000
165.000000 310.000000
205.000000 320.000000
241.000000 296.000000
265.000000 266.000000
285.000000 237.000000
296.000000 205.000000
304.000000 167.000000
306.000000 123.000000
301.000000 98.000000
303.000000 54.000000
281.000000 2.000000
237.000000 0.000000
179.000000 79.000000
157.000000 76.000000
139.000000 79.000000
121.000000 84.000000
105.000000 91.000000
107.000000 99.000000
123.000000 96.000000
139.000000 93.000000
157.000000 96.000000
176.000000 99.000000
298.000000 84.000000
281.000000 79.000000
270.000000 75.000000
257.000000 79.000000
246.000000 83.000000
249.000000 102.000000
259.000000 97.000000
269.000000 93.000000
282.000000 90.000000
295.000000 92.000000
171.000000 140.000000
161.000000 129.000000
147.000000 124.000000
133.000000 125.000000
123.000000 137.000000
130.000000 142.000000
145.000000 146.000000
160.000000 145.000000
285.000000 133.000000
271.000000 122.000000
259.000000 121.000000
248.000000 130.000000
244.000000 139.000000
251.000000 143.000000
263.000000 143.000000
275.000000 138.000000
143.000000 134.000000
259.000000 130.000000
194.000000 137.000000
192.000000 155.000000
191.000000 177.000000
185.000000 193.000000
178.000000 215.000000
198.000000 224.000000
215.000000 230.000000
229.000000 222.000000
243.000000 212.000000
236.000000 194.000000
229.000000 174.000000
225.000000 156.000000
222.000000 135.000000
245.000000 255.000000
231.000000 255.000000
219.000000 253.000000
209.000000 258.000000
197.000000 255.000000
183.000000 258.000000
168.000000 263.000000
177.000000 269.000000
188.000000 277.000000
202.000000 281.000000
217.000000 280.000000
228.000000 273.000000
236.000000 265.000000
