167.000000 37.000000
134.000000 46.000000
114.000000 70.000000
94.000000 101.000000
85.000000 126.000000
88.000000 157.000000
90.000000 187.000000
97.000000 221.000000
107.000000 253.000000
126.000000 278.000000
153.000000 298.000000
187.000000 306.000000
221.000000 291.000000
246.000000 266.000000
261.000000 239.000000
269.000000 211.000000
273.000000 180.000000
270.000000 148.000000
268.000000 118.000000
252.000000 92.000000
233.000000 62.000000
201.000000 36.000000
154.000000 127.000000
140.000000 123.000000
127.000000 120.000000
114.000000 120.000000
103.000000 124.000000
104.000000 131.000000
116.000000 128.000000
127.000000 129.000000
140.000000 132.000000
152.000000 136.000000
251.000000 119.000000
240.000000 114.000000
227.000000 115.000000
215.000000 118.000000
202.000000 123.000000
204.000000 131.000000
217.000000 127.000000
229.000000 123.000000
240.000000 123.000000
249.000000 125.000000
153.000000 161.000000
147.000000 152.000000
136.000000 147.000000
125.000000 150.000000
116.000000 156.000000
126.000000 162.000000
135.000000 163.000000
144.000000 163.000000
239.000000 149.000000
231.000000 144.000000
220.000000 144.000000
211.000000 148.000000
205.000000 156.000000
214.000000 158.000000
225.000000 159.000000
234.000000 155.000000
136.000000 155.000000
222.000000 151.000000
164.000000 156.000000
162.000000 172.000000
160.000000 187.000000
156.000000 202.000000
152.000000 217.000000
166.000000 223.000000
183.000000 227.000000
196.000000 221.000000
210.000000 211.000000
204.000000 196.000000
200.000000 184.000000
195.000000 172.000000
191.000000 155.000000
220.000000 241.000000
205.000000 239.000000
192.000000 238.000000
184.000000 241.000000
176.000000 239.000000
163.000000 243.000000
146.000000 243.000000
157.000000 253.000000
167.000000 258.000000
180.000000 261.000000
192.000000 261.000000
202.000000 256.000000
211.000000 250.000000
