183.000000 46.000000
150.000000 51.000000
121.000000 66.000000
97.000000 89.000000
93.000000 113.000000
90.000000 145.000000
83.000000 183.000000
90.000000 221.000000
96.000000 255.000000
114.000000 285.000000
138.000000 313.000000
179.000000 337.000000
223.000000 317.000000
248.000000 291.000000
264.000000 258.000000
269.000000 223.000000
276.000000 187.000000
272.000000 161.000000
266.000000 129.000000
256.000000 93.000000
245.000000 68.000000
216.000000 52.000000
158.000000 120.000000
142.000000 115.000000
126.000000 112.000000
111.000000 114.000000
98.000000 121.000000
100.000000 127.000000
113.000000 122.000000
127.000000 122.000000
141.000000 124.000000
154.000000 128.000000
269.000000 140.000000
252.000000 113.000000
236.000000 111.000000
221.000000 114.000000
207.000000 120.000000
210.000000 128.000000
223.000000 123.000000
237.000000 120.000000
251.000000 121.000000
263.000000 126.000000
156.000000 160.000000
147.000000 149.000000
135.000000 143.000000
123.000000 145.000000
118.000000 153.000000
123.000000 159.000000
133.000000 161.000000
144.000000 160.000000
250.000000 151.000000
240.000000 144.000000
229.000000 143.000000
217.000000 147.000000
209.000000 157.000000
219.000000 160.000000
231.000000 160.000000
242.000000 157.000000
137.000000 152.000000
228.000000 152.000000
168.000000 156.000000
167.000000 175.000000
163.000000 192.000000
159.000000 206.000000
149.000000 226.000000
165.000000 231.000000
180.000000 237.000000
197.000000 232.000000
213.000000 226.000000
205.000000 207.000000
198.000000 191.000000
197.000000 173.000000
195.000000 154.000000
218.000000 265.000000
206.000000 259.000000
192.000000 256.000000
181.000000 259.000000
169.000000 257.000000
159.000000 261.000000
142.000000 267.000000
152.000000 273.000000
162.000000 280.000000
175.000000 284.000000
189.000000 284.000000
201.000000 279.000000
211.000000 271.000000
