175.000000 58.000000
143.000000 62.000000
106.000000 79.000000
88.000000 110.000000
69.000000 144.000000
73.000000 180.000000
79.000000 212.000000
87.000000 245.000000
99.000000 275.000000
118.000000 301.000000
142.000000 324.000000
178.000000 338.000000
211.000000 325.000000
233.000000 301.000000
253.000000 273.000000
264.000000 249.000000
275.000000 217.000000
282.000000 186.000000
287.000000 148.000000
268.000000 96.000000
242.000000 70.000000
209.000000 60.000000
152.000000 158.000000
137.000000 153.000000
123.000000 149.000000
108.000000 148.000000
97.000000 153.000000
99.000000 160.000000
110.000000 158.000000
122.000000 159.000000
136.000000 163.000000
150.000000 167.000000
259.000000 154.000000
246.000000 148.000000
233.000000 149.000000
220.000000 152.000000
205.000000 157.000000
207.000000 165.000000
221.000000 162.000000
234.000000 158.000000
246.000000 156.000000
256.000000 159.000000
152.000000 190.000000
144.000000 180.000000
133.000000 174.000000
121.000000 175.000000
113.000000 182.000000
119.000000 189.000000
130.000000 192.000000
142.000000 191.000000
241.000000 180.000000
233.000000 174.000000
222.000000 173.000000
211.000000 179.000000
204.000000 188.000000
214.000000 191.000000
226.000000 191.000000
236.000000 187.000000
131.000000 182.000000
223.000000 182.000000
166.000000 188.000000
164.000000 201.000000
161.000000 218.000000
158.000000 233.000000
152.000000 246.000000
164.000000 258.000000
179.000000 265.000000
198.000000 258.000000
206.000000 246.000000
200.000000 233.000000
196.000000 218.000000
192.000000 202.000000
189.000000 186.000000
212.000000 278.000000
200.000000 277.000000
189.000000 276.000000
179.000000 279.000000
170.000000 277.000000
157.000000 279.000000
145.000000 279.000000
153.000000 291.000000
162.000000 298.000000
174.000000 303.000000
185.000000 303.000000
195.000000 297.000000
204.000000 290.000000
