179.000000 63.000000
149.000000 68.000000
117.000000 77.000000
100.000000 104.000000
86.000000 131.000000
83.000000 163.000000
90.000000 196.000000
95.000000 227.000000
107.000000 257.000000
126.000000 282.000000
148.000000 302.000000
181.000000 313.000000
213.000000 304.000000
239.000000 283.000000
259.000000 257.000000
272.000000 229.000000
278.000000 194.000000
280.000000 162.000000
273.000000 131.000000
259.000000 104.000000
237.000000 82.000000
210.000000 68.000000
159.000000 139.000000
145.000000 133.000000
131.000000 129.000000
118.000000 127.000000
106.000000 132.000000
108.000000 140.000000
119.000000 138.000000
131.000000 140.000000
144.000000 143.000000
156.000000 147.000000
259.000000 131.000000
245.000000 128.000000
232.000000 130.000000
219.000000 135.000000
206.000000 141.000000
208.000000 148.000000
221.000000 144.000000
234.000000 140.000000
246.000000 138.000000
258.000000 139.000000
155.000000 169.000000
149.000000 159.000000
139.000000 155.000000
128.000000 157.000000
120.000000 162.000000
127.000000 168.000000
136.000000 171.000000
146.000000 171.000000
244.000000 164.000000
235.000000 158.000000
225.000000 157.000000
215.000000 161.000000
208.000000 169.000000
216.000000 172.000000
228.000000 173.000000
237.000000 170.000000
138.000000 163.000000
225.000000 165.000000
168.000000 167.000000
167.000000 182.000000
164.000000 198.000000
161.000000 211.000000
154.000000 226.000000
166.000000 235.000000
181.000000 240.000000
196.000000 234.000000
209.000000 225.000000
202.000000 212.000000
196.000000 199.000000
196.000000 180.000000
195.000000 167.000000
218.000000 254.000000
203.000000 254.000000
191.000000 253.000000
181.000000 256.000000
171.000000 253.000000
160.000000 255.000000
145.000000 254.000000
154.000000 264.000000
163.000000 271.000000
176.000000 275.000000
188.000000 275.000000
199.000000 270.000000
208.000000 264.000000
