166.000000 21.000000
121.000000 33.000000
95.000000 58.000000
75.000000 85.000000
67.000000 119.000000
63.000000 154.000000
67.000000 190.000000
74.000000 223.000000
86.000000 257.000000
110.000000 286.000000
141.000000 307.000000
181.000000 316.000000
219.000000 305.000000
251.000000 282.000000
271.000000 252.000000
283.000000 222.000000
287.000000 186.000000
287.000000 148.000000
281.000000 113.000000
264.000000 83.000000
242.000000 52.000000
206.000000 28.000000
150.000000 118.000000
135.000000 114.000000
120.000000 112.000000
105.000000 115.000000
91.000000 121.000000
94.000000 126.000000
107.000000 122.000000
120.000000 121.000000
134.000000 123.000000
146.000000 126.000000
258.000000 116.000000
245.000000 111.000000
232.000000 110.000000
218.000000 112.000000
205.000000 116.000000
208.000000 124.000000
220.000000 121.000000
232.000000 119.000000
244.000000 119.000000
255.000000 121.000000
147.000000 152.000000
140.000000 143.000000
128.000000 138.000000
116.000000 141.000000
107.000000 147.000000
116.000000 154.000000
127.000000 156.000000
137.000000 155.000000
246.000000 145.000000
236.000000 138.000000
224.000000 137.000000
214.000000 143.000000
207.000000 151.000000
217.000000 154.000000
229.000000 154.000000
239.000000 151.000000
127.000000 147.000000
225.000000 145.000000
160.000000 148.000000
161.000000 165.000000
158.000000 185.000000
154.000000 198.000000
146.000000 216.000000
161.000000 223.000000
178.000000 229.000000
195.000000 223.000000
210.000000 213.000000
200.000000 197.000000
195.000000 184.000000
191.000000 165.000000
191.000000 147.000000
219.000000 252.000000
200.000000 249.000000
188.000000 247.000000
179.000000 251.000000
169.000000 248.000000
156.000000 251.000000
140.000000 252.000000
153.000000 262.000000
162.000000 268.000000
173.000000 272.000000
186.000000 272.000000
197.000000 267.000000
206.000000 260.000000
