187.000000 65.000000
138.000000 60.000000
101.000000 73.000000
89.000000 111.000000
78.000000 150.000000
77.000000 189.000000
85.000000 227.000000
96.000000 262.000000
116.000000 287.000000
136.000000 310.000000
165.000000 328.000000
191.000000 340.000000
225.000000 321.000000
241.000000 299.000000
257.000000 276.000000
276.000000 248.000000
283.000000 220.000000
285.000000 184.000000
284.000000 151.000000
285.000000 117.000000
273.000000 84.000000
234.000000 65.000000
167.000000 160.000000
152.000000 154.000000
135.000000 151.000000
118.000000 151.000000
103.000000 156.000000
106.000000 164.000000
119.000000 160.000000
134.000000 161.000000
149.000000 164.000000
163.000000 168.000000
275.000000 153.000000
261.000000 149.000000
248.000000 151.000000
234.000000 155.000000
221.000000 161.000000
224.000000 168.000000
236.000000 164.000000
248.000000 161.000000
261.000000 159.000000
272.000000 161.000000
166.000000 195.000000
158.000000 184.000000
144.000000 178.000000
131.000000 181.000000
122.000000 189.000000
130.000000 195.000000
143.000000 198.000000
155.000000 198.000000
260.000000 186.000000
249.000000 177.000000
238.000000 177.000000
227.000000 184.000000
221.000000 193.000000
231.000000 196.000000
243.000000 196.000000
254.000000 192.000000
144.000000 188.000000
240.000000 186.000000
182.000000 193.000000
181.000000 209.000000
177.000000 226.000000
173.000000 239.000000
165.000000 256.000000
184.000000 267.000000
201.000000 272.000000
214.000000 266.000000
222.000000 255.000000
219.000000 241.000000
214.000000 227.000000
210.000000 207.000000
208.000000 191.000000
233.000000 283.000000
217.000000 288.000000
205.000000 290.000000
193.000000 291.000000
184.000000 289.000000
172.000000 291.000000
154.000000 288.000000
171.000000 300.000000
179.000000 307.000000
188.000000 311.000000
199.000000 311.000000
208.000000 306.000000
215.000000 299.000000
