172.000000 47.000000
138.000000 57.000000
110.000000 87.000000
96.000000 113.000000
87.000000 143.000000
83.000000 175.000000
86.000000 206.000000
93.000000 236.000000
109.000000 268.000000
128.000000 293.000000
150.000000 314.000000
185.000000 331.000000
217.000000 314.000000
242.000000 290.000000
259.000000 262.000000
272.000000 232.000000
282.000000 198.000000
284.000000 170.000000
278.000000 137.000000
267.000000 107.000000
247.000000 79.000000
215.000000 56.000000
161.000000 143.000000
146.000000 137.000000
130.000000 133.000000
116.000000 131.000000
104.000000 136.000000
105.000000 145.000000
117.000000 144.000000
131.000000 145.000000
144.000000 148.000000
158.000000 153.000000
264.000000 132.000000
250.000000 128.000000
237.000000 130.000000
224.000000 135.000000
208.000000 141.000000
211.000000 150.000000
226.000000 145.000000
239.000000 141.000000
251.000000 138.000000
262.000000 141.000000
158.000000 175.000000
150.000000 164.000000
138.000000 159.000000
126.000000 161.000000
117.000000 168.000000
124.000000 175.000000
136.000000 178.000000
148.000000 177.000000
251.000000 164.000000
242.000000 158.000000
231.000000 156.000000
220.000000 161.000000
211.000000 173.000000
221.000000 175.000000
234.000000 176.000000
245.000000 171.000000
137.000000 167.000000
231.000000 165.000000
171.000000 169.000000
169.000000 187.000000
168.000000 205.000000
161.000000 219.000000
155.000000 235.000000
168.000000 244.000000
185.000000 250.000000
201.000000 244.000000
214.000000 233.000000
210.000000 217.000000
200.000000 204.000000
198.000000 186.000000
197.000000 168.000000
221.000000 270.000000
207.000000 268.000000
195.000000 266.000000
186.000000 271.000000
174.000000 267.000000
163.000000 270.000000
149.000000 269.000000
157.000000 281.000000
167.000000 289.000000
180.000000 294.000000
192.000000 294.000000
204.000000 287.000000
214.000000 278.000000
