170.000000 73.000000
139.000000 90.000000
117.000000 110.000000
105.000000 129.000000
98.000000 154.000000
96.000000 179.000000
100.000000 208.000000
106.000000 234.000000
118.000000 258.000000
134.000000 279.000000
156.000000 290.000000
185.000000 292.000000
212.000000 284.000000
230.000000 271.000000
247.000000 246.000000
255.000000 222.000000
258.000000 196.000000
258.000000 169.000000
253.000000 144.000000
241.000000 112.000000
230.000000 94.000000
203.000000 75.000000
154.000000 148.000000
142.000000 144.000000
130.000000 143.000000
118.000000 144.000000
109.000000 150.000000
111.000000 158.000000
120.000000 153.000000
131.000000 153.000000
142.000000 154.000000
154.000000 157.000000
236.000000 142.000000
226.000000 138.000000
215.000000 139.000000
204.000000 142.000000
193.000000 147.000000
196.000000 154.000000
207.000000 150.000000
217.000000 147.000000
226.000000 146.000000
235.000000 148.000000
154.000000 176.000000
146.000000 168.000000
137.000000 165.000000
128.000000 167.000000
121.000000 173.000000
127.000000 178.000000
137.000000 179.000000
147.000000 178.000000
230.000000 167.000000
223.000000 162.000000
214.000000 161.000000
205.000000 164.000000
199.000000 171.000000
207.000000 174.000000
217.000000 175.000000
226.000000 172.000000
138.000000 172.000000
214.000000 168.000000
165.000000 171.000000
163.000000 186.000000
161.000000 198.000000
157.000000 209.000000
154.000000 220.000000
166.000000 225.000000
180.000000 228.000000
194.000000 223.000000
203.000000 215.000000
198.000000 206.000000
193.000000 196.000000
188.000000 183.000000
186.000000 170.000000
211.000000 244.000000
200.000000 241.000000
190.000000 239.000000
181.000000 242.000000
172.000000 240.000000
160.000000 244.000000
148.000000 249.000000
157.000000 256.000000
167.000000 261.000000
177.000000 263.000000
187.000000 262.000000
196.000000 258.000000
204.000000 252.000000
