168.000000 68.000000
134.000000 83.000000
100.000000 103.000000
79.000000 133.000000
77.000000 163.000000
82.000000 192.000000
87.000000 222.000000
97.000000 249.000000
113.000000 270.000000
128.000000 286.000000
147.000000 307.000000
174.000000 318.000000
206.000000 307.000000
229.000000 289.000000
247.000000 267.000000
266.000000 238.000000
270.000000 214.000000
270.000000 181.000000
269.000000 153.000000
256.000000 122.000000
233.000000 95.000000
210.000000 76.000000
137.000000 163.000000
126.000000 159.000000
115.000000 156.000000
104.000000 155.000000
95.000000 158.000000
96.000000 166.000000
105.000000 164.000000
116.000000 165.000000
126.000000 167.000000
136.000000 170.000000
233.000000 156.000000
221.000000 152.000000
208.000000 153.000000
195.000000 156.000000
184.000000 161.000000
186.000000 168.000000
197.000000 165.000000
210.000000 162.000000
222.000000 161.000000
232.000000 162.000000
141.000000 190.000000
135.000000 182.000000
125.000000 177.000000
115.000000 180.000000
106.000000 185.000000
114.000000 190.000000
123.000000 192.000000
131.000000 192.000000
223.000000 181.000000
214.000000 175.000000
204.000000 174.000000
195.000000 178.000000
190.000000 187.000000
198.000000 187.000000
207.000000 188.000000
216.000000 186.000000
127.000000 184.000000
205.000000 181.000000
151.000000 186.000000
151.000000 203.000000
148.000000 216.000000
146.000000 227.000000
142.000000 238.000000
147.000000 249.000000
169.000000 252.000000
185.000000 245.000000
189.000000 232.000000
180.000000 221.000000
178.000000 209.000000
176.000000 198.000000
176.000000 184.000000
211.000000 254.000000
191.000000 256.000000
181.000000 261.000000
170.000000 262.000000
159.000000 260.000000
149.000000 258.000000
139.000000 259.000000
148.000000 271.000000
156.000000 277.000000
167.000000 280.000000
179.000000 280.000000
188.000000 275.000000
197.000000 268.000000
