193.000000 51.000000
158.000000 59.000000
127.000000 74.000000
111.000000 97.000000
98.000000 124.000000
91.000000 152.000000
89.000000 182.000000
93.000000 211.000000
100.000000 239.000000
114.000000 265.000000
137.000000 285.000000
167.000000 301.000000
196.000000 309.000000
237.000000 287.000000
264.000000 260.000000
273.000000 232.000000
278.000000 203.000000
280.000000 172.000000
281.000000 142.000000
277.000000 106.000000
256.000000 80.000000
230.000000 60.000000
165.000000 127.000000
152.000000 120.000000
139.000000 117.000000
125.000000 117.000000
113.000000 123.000000
115.000000 128.000000
127.000000 125.000000
139.000000 126.000000
150.000000 129.000000
161.000000 134.000000
255.000000 134.000000
244.000000 127.000000
231.000000 125.000000
218.000000 127.000000
205.000000 131.000000
207.000000 138.000000
220.000000 135.000000
232.000000 132.000000
243.000000 133.000000
252.000000 138.000000
158.000000 162.000000
150.000000 153.000000
140.000000 148.000000
130.000000 149.000000
121.000000 153.000000
128.000000 159.000000
138.000000 162.000000
148.000000 162.000000
240.000000 161.000000
232.000000 156.000000
222.000000 154.000000
213.000000 158.000000
205.000000 164.000000
214.000000 167.000000
223.000000 168.000000
234.000000 166.000000
140.000000 155.000000
222.000000 161.000000
171.000000 158.000000
172.000000 174.000000
171.000000 186.000000
165.000000 199.000000
160.000000 214.000000
170.000000 220.000000
186.000000 225.000000
199.000000 218.000000
211.000000 211.000000
204.000000 199.000000
197.000000 187.000000
193.000000 174.000000
194.000000 159.000000
224.000000 241.000000
206.000000 239.000000
198.000000 236.000000
186.000000 239.000000
174.000000 235.000000
161.000000 237.000000
146.000000 243.000000
153.000000 252.000000
163.000000 260.000000
171.000000 267.000000
187.000000 270.000000
204.000000 265.000000
213.000000 259.000000
