180.000000 31.000000
139.000000 38.000000
118.000000 58.000000
97.000000 87.000000
83.000000 117.000000
83.000000 148.000000
91.000000 183.000000
95.000000 216.000000
107.000000 251.000000
128.000000 279.000000
154.000000 301.000000
190.000000 312.000000
228.000000 299.000000
257.000000 275.000000
280.000000 244.000000
290.000000 211.000000
292.000000 174.000000
292.000000 138.000000
285.000000 106.000000
268.000000 77.000000
252.000000 48.000000
217.000000 28.000000
150.000000 114.000000
137.000000 109.000000
122.000000 105.000000
107.000000 103.000000
94.000000 109.000000
95.000000 117.000000
108.000000 114.000000
121.000000 116.000000
136.000000 120.000000
148.000000 124.000000
264.000000 104.000000
251.000000 98.000000
235.000000 99.000000
220.000000 103.000000
205.000000 109.000000
208.000000 119.000000
223.000000 114.000000
237.000000 110.000000
250.000000 108.000000
262.000000 110.000000
148.000000 149.000000
142.000000 138.000000
128.000000 133.000000
115.000000 135.000000
104.000000 144.000000
114.000000 150.000000
126.000000 152.000000
139.000000 151.000000
252.000000 136.000000
241.000000 129.000000
229.000000 128.000000
217.000000 133.000000
208.000000 143.000000
220.000000 146.000000
233.000000 147.000000
245.000000 142.000000
129.000000 142.000000
230.000000 137.000000
164.000000 146.000000
163.000000 164.000000
164.000000 181.000000
159.000000 197.000000
151.000000 212.000000
165.000000 219.000000
181.000000 225.000000
195.000000 216.000000
211.000000 207.000000
200.000000 194.000000
195.000000 179.000000
191.000000 162.000000
188.000000 145.000000
228.000000 243.000000
208.000000 242.000000
193.000000 241.000000
183.000000 244.000000
172.000000 242.000000
159.000000 244.000000
145.000000 246.000000
155.000000 257.000000
166.000000 264.000000
179.000000 268.000000
191.000000 267.000000
204.000000 262.000000
215.000000 254.000000
