200.000000 47.000000
158.000000 50.000000
128.000000 74.000000
112.000000 99.000000
79.000000 136.000000
74.000000 191.000000
81.000000 227.000000
92.000000 266.000000
112.000000 289.000000
146.000000 314.000000
184.000000 329.000000
221.000000 332.000000
247.000000 314.000000
264.000000 294.000000
279.000000 264.000000
288.000000 234.000000
296.000000 205.000000
297.000000 172.000000
297.000000 142.000000
293.000000 112.000000
275.000000 76.000000
246.000000 50.000000
191.000000 140.000000
173.000000 137.000000
157.000000 134.000000
143.000000 135.000000
130.000000 142.000000
132.000000 148.000000
145.000000 144.000000
158.000000 144.000000
172.000000 145.000000
189.000000 149.000000
286.000000 130.000000
274.000000 126.000000
262.000000 127.000000
250.000000 131.000000
239.000000 136.000000
242.000000 144.000000
253.000000 140.000000
263.000000 136.000000
275.000000 135.000000
285.000000 136.000000
184.000000 180.000000
177.000000 169.000000
166.000000 165.000000
154.000000 167.000000
145.000000 173.000000
153.000000 180.000000
164.000000 182.000000
175.000000 181.000000
275.000000 163.000000
265.000000 158.000000
254.000000 157.000000
244.000000 163.000000
237.000000 173.000000
247.000000 175.000000
258.000000 174.000000
269.000000 170.000000
164.000000 173.000000
253.000000 166.000000
200.000000 176.000000
202.000000 190.000000
202.000000 209.000000
196.000000 222.000000
193.000000 241.000000
209.000000 247.000000
223.000000 252.000000
236.000000 245.000000
245.000000 235.000000
238.000000 220.000000
232.000000 204.000000
228.000000 188.000000
225.000000 170.000000
250.000000 271.000000
236.000000 265.000000
225.000000 262.000000
215.000000 265.000000
206.000000 264.000000
193.000000 268.000000
181.000000 274.000000
190.000000 282.000000
199.000000 288.000000
211.000000 289.000000
223.000000 289.000000
234.000000 285.000000
242.000000 277.000000
