182.000000 33.000000
143.000000 36.000000
103.000000 60.000000
82.000000 93.000000
79.000000 130.000000
73.000000 164.000000
79.000000 199.000000
88.000000 231.000000
101.000000 260.000000
119.000000 285.000000
144.000000 305.000000
181.000000 316.000000
217.000000 300.000000
245.000000 275.000000
264.000000 255.000000
274.000000 226.000000
280.000000 196.000000
282.000000 163.000000
280.000000 129.000000
272.000000 98.000000
257.000000 69.000000
223.000000 45.000000
147.000000 125.000000
132.000000 120.000000
118.000000 117.000000
104.000000 115.000000
92.000000 121.000000
94.000000 129.000000
105.000000 127.000000
117.000000 128.000000
131.000000 131.000000
145.000000 135.000000
263.000000 121.000000
251.000000 115.000000
236.000000 115.000000
221.000000 117.000000
206.000000 123.000000
208.000000 133.000000
224.000000 129.000000
237.000000 126.000000
249.000000 125.000000
261.000000 127.000000
148.000000 158.000000
140.000000 147.000000
128.000000 142.000000
115.000000 142.000000
106.000000 153.000000
113.000000 158.000000
125.000000 161.000000
138.000000 161.000000
249.000000 152.000000
239.000000 142.000000
226.000000 140.000000
214.000000 145.000000
206.000000 155.000000
217.000000 159.000000
230.000000 160.000000
242.000000 156.000000
128.000000 150.000000
227.000000 149.000000
164.000000 151.000000
163.000000 171.000000
162.000000 185.000000
156.000000 200.000000
149.000000 215.000000
163.000000 223.000000
177.000000 229.000000
191.000000 223.000000
205.000000 215.000000
197.000000 201.000000
191.000000 184.000000
191.000000 170.000000
191.000000 152.000000
215.000000 252.000000
199.000000 247.000000
187.000000 243.000000
176.000000 247.000000
165.000000 244.000000
152.000000 247.000000
140.000000 253.000000
150.000000 263.000000
159.000000 271.000000
171.000000 275.000000
185.000000 275.000000
197.000000 270.000000
207.000000 262.000000
