175.000000 70.000000
130.000000 85.000000
103.000000 102.000000
97.000000 138.000000
84.000000 165.000000
80.000000 195.000000
86.000000 227.000000
93.000000 257.000000
106.000000 287.000000
124.000000 311.000000
149.000000 329.000000
182.000000 341.000000
218.000000 332.000000
243.000000 310.000000
261.000000 282.000000
271.000000 253.000000
276.000000 222.000000
275.000000 189.000000
270.000000 159.000000
268.000000 129.000000
251.000000 98.000000
218.000000 80.000000
151.000000 167.000000
137.000000 162.000000
124.000000 159.000000
111.000000 157.000000
99.000000 162.000000
101.000000 168.000000
112.000000 166.000000
124.000000 168.000000
137.000000 171.000000
149.000000 176.000000
256.000000 158.000000
243.000000 153.000000
229.000000 153.000000
216.000000 158.000000
201.000000 164.000000
204.000000 173.000000
218.000000 167.000000
231.000000 163.000000
243.000000 161.000000
254.000000 163.000000
151.000000 197.000000
145.000000 186.000000
134.000000 181.000000
122.000000 184.000000
114.000000 190.000000
120.000000 197.000000
131.000000 200.000000
142.000000 198.000000
241.000000 187.000000
232.000000 181.000000
220.000000 179.000000
210.000000 184.000000
202.000000 193.000000
212.000000 196.000000
225.000000 197.000000
235.000000 194.000000
132.000000 190.000000
221.000000 187.000000
163.000000 191.000000
162.000000 207.000000
158.000000 221.000000
155.000000 237.000000
149.000000 251.000000
160.000000 258.000000
177.000000 263.000000
194.000000 256.000000
206.000000 248.000000
199.000000 235.000000
193.000000 220.000000
191.000000 207.000000
188.000000 190.000000
220.000000 273.000000
203.000000 272.000000
189.000000 271.000000
178.000000 274.000000
165.000000 272.000000
152.000000 274.000000
137.000000 275.000000
148.000000 288.000000
158.000000 297.000000
173.000000 302.000000
186.000000 301.000000
199.000000 296.000000
210.000000 287.000000
