180.000000 27.000000
135.000000 28.000000
99.000000 48.000000
82.000000 80.000000
66.000000 113.000000
60.000000 150.000000
62.000000 191.000000
72.000000 230.000000
88.000000 267.000000
112.000000 297.000000
140.000000 324.000000
182.000000 339.000000
222.000000 321.000000
249.000000 292.000000
270.000000 260.000000
283.000000 222.000000
292.000000 188.000000
295.000000 150.000000
294.000000 112.000000
279.000000 72.000000
259.000000 40.000000
222.000000 27.000000
155.000000 118.000000
138.000000 112.000000
121.000000 110.000000
105.000000 110.000000
90.000000 116.000000
93.000000 125.000000
107.000000 123.000000
122.000000 123.000000
137.000000 124.000000
153.000000 128.000000
275.000000 117.000000
261.000000 112.000000
246.000000 113.000000
230.000000 115.000000
215.000000 120.000000
217.000000 130.000000
233.000000 126.000000
248.000000 124.000000
262.000000 123.000000
273.000000 126.000000
156.000000 158.000000
145.000000 147.000000
132.000000 141.000000
118.000000 143.000000
108.000000 151.000000
117.000000 159.000000
130.000000 162.000000
143.000000 160.000000
262.000000 150.000000
251.000000 142.000000
238.000000 141.000000
226.000000 146.000000
217.000000 156.000000
229.000000 159.000000
242.000000 160.000000
255.000000 158.000000
129.000000 150.000000
239.000000 150.000000
173.000000 157.000000
172.000000 174.000000
169.000000 194.000000
162.000000 205.000000
151.000000 221.000000
168.000000 230.000000
186.000000 239.000000
201.000000 232.000000
216.000000 221.000000
211.000000 208.000000
204.000000 194.000000
201.000000 175.000000
201.000000 159.000000
227.000000 253.000000
213.000000 251.000000
198.000000 249.000000
184.000000 251.000000
171.000000 249.000000
155.000000 250.000000
136.000000 252.000000
144.000000 276.000000
159.000000 287.000000
177.000000 294.000000
194.000000 295.000000
210.000000 286.000000
220.000000 272.000000
