189.000000 1.000000
141.000000 0.000000
97.000000 17.000000
82.000000 47.000000
67.000000 87.000000
63.000000 127.000000
65.000000 169.000000
74.000000 208.000000
89.000000 246.000000
114.000000 275.000000
143.000000 298.000000
180.000000 311.000000
216.000000 298.000000
248.000000 270.000000
273.000000 241.000000
285.000000 206.000000
294.000000 172.000000
302.000000 134.000000
305.000000 98.000000
298.000000 58.000000
281.000000 24.000000
246.000000 0.000000
158.000000 94.000000
143.000000 88.000000
126.000000 85.000000
109.000000 84.000000
93.000000 89.000000
95.000000 98.000000
110.000000 95.000000
125.000000 97.000000
140.000000 100.000000
155.000000 104.000000
279.000000 99.000000
264.000000 93.000000
248.000000 92.000000
231.000000 93.000000
215.000000 96.000000
217.000000 106.000000
233.000000 104.000000
248.000000 102.000000
264.000000 103.000000
277.000000 106.000000
154.000000 140.000000
146.000000 125.000000
133.000000 119.000000
120.000000 120.000000
108.000000 127.000000
116.000000 138.000000
132.000000 143.000000
144.000000 140.000000
264.000000 139.000000
251.000000 126.000000
238.000000 124.000000
226.000000 129.000000
216.000000 142.000000
229.000000 145.000000
241.000000 148.000000
255.000000 146.000000
132.000000 129.000000
238.000000 135.000000
169.000000 133.000000
165.000000 154.000000
164.000000 172.000000
157.000000 189.000000
152.000000 207.000000
165.000000 221.000000
184.000000 225.000000
198.000000 219.000000
215.000000 210.000000
211.000000 191.000000
206.000000 175.000000
202.000000 153.000000
200.000000 135.000000
217.000000 248.000000
202.000000 243.000000
190.000000 240.000000
180.000000 243.000000
169.000000 240.000000
156.000000 243.000000
141.000000 246.000000
151.000000 257.000000
160.000000 264.000000
173.000000 268.000000
187.000000 269.000000
199.000000 263.000000
208.000000 256.000000
