162.000000 23.000000
121.000000 32.000000
86.000000 43.000000
61.000000 93.000000
63.000000 135.000000
59.000000 170.000000
64.000000 208.000000
73.000000 242.000000
86.000000 276.000000
108.000000 303.000000
134.000000 325.000000
171.000000 335.000000
209.000000 324.000000
241.000000 299.000000
263.000000 268.000000
273.000000 235.000000
279.000000 199.000000
280.000000 161.000000
275.000000 126.000000
267.000000 83.000000
240.000000 48.000000
208.000000 30.000000
129.000000 129.000000
115.000000 126.000000
101.000000 123.000000
87.000000 124.000000
75.000000 129.000000
77.000000 136.000000
88.000000 131.000000
101.000000 133.000000
115.000000 136.000000
128.000000 139.000000
255.000000 124.000000
241.000000 118.000000
225.000000 117.000000
208.000000 120.000000
193.000000 125.000000
196.000000 135.000000
211.000000 130.000000
226.000000 127.000000
240.000000 126.000000
252.000000 129.000000
133.000000 168.000000
125.000000 157.000000
112.000000 152.000000
100.000000 156.000000
90.000000 163.000000
100.000000 169.000000
112.000000 171.000000
123.000000 170.000000
238.000000 157.000000
229.000000 150.000000
216.000000 149.000000
205.000000 154.000000
196.000000 163.000000
207.000000 166.000000
219.000000 167.000000
230.000000 164.000000
113.000000 161.000000
216.000000 157.000000
147.000000 161.000000
147.000000 180.000000
145.000000 198.000000
138.000000 213.000000
137.000000 230.000000
149.000000 237.000000
166.000000 240.000000
184.000000 235.000000
197.000000 228.000000
191.000000 212.000000
185.000000 197.000000
182.000000 179.000000
180.000000 160.000000
211.000000 266.000000
196.000000 260.000000
183.000000 255.000000
168.000000 257.000000
154.000000 255.000000
139.000000 258.000000
123.000000 264.000000
137.000000 279.000000
149.000000 284.000000
162.000000 287.000000
175.000000 286.000000
188.000000 283.000000
199.000000 276.000000
