152.000000 77.000000
108.000000 89.000000
78.000000 107.000000
69.000000 136.000000
70.000000 167.000000
72.000000 197.000000
78.000000 229.000000
88.000000 258.000000
101.000000 280.000000
121.000000 303.000000
139.000000 324.000000
164.000000 338.000000
198.000000 328.000000
225.000000 307.000000
252.000000 281.000000
264.000000 256.000000
271.000000 220.000000
271.000000 186.000000
262.000000 153.000000
249.000000 127.000000
226.000000 100.000000
192.000000 85.000000
125.000000 169.000000
112.000000 164.000000
99.000000 161.000000
87.000000 161.000000
76.000000 166.000000
79.000000 172.000000
89.000000 170.000000
100.000000 171.000000
112.000000 173.000000
122.000000 177.000000
226.000000 163.000000
214.000000 158.000000
201.000000 158.000000
187.000000 162.000000
175.000000 167.000000
178.000000 174.000000
190.000000 171.000000
203.000000 168.000000
214.000000 167.000000
225.000000 168.000000
127.000000 200.000000
121.000000 190.000000
110.000000 185.000000
99.000000 187.000000
91.000000 193.000000
99.000000 199.000000
108.000000 202.000000
117.000000 202.000000
216.000000 189.000000
207.000000 183.000000
196.000000 182.000000
187.000000 187.000000
180.000000 196.000000
190.000000 199.000000
202.000000 199.000000
211.000000 196.000000
110.000000 193.000000
197.000000 190.000000
138.000000 195.000000
137.000000 211.000000
135.000000 226.000000
131.000000 239.000000
127.000000 252.000000
138.000000 259.000000
155.000000 264.000000
172.000000 256.000000
183.000000 248.000000
176.000000 236.000000
171.000000 223.000000
167.000000 209.000000
165.000000 193.000000
208.000000 271.000000
192.000000 276.000000
176.000000 277.000000
162.000000 281.000000
149.000000 277.000000
138.000000 277.000000
127.000000 275.000000
136.000000 288.000000
143.000000 297.000000
155.000000 301.000000
171.000000 300.000000
182.000000 295.000000
195.000000 286.000000
