178.000000 1.000000
133.000000 0.000000
87.000000 14.000000
66.000000 60.000000
63.000000 90.000000
66.000000 125.000000
69.000000 170.000000
81.000000 204.000000
96.000000 232.000000
123.000000 272.000000
137.000000 297.000000
167.000000 312.000000
201.000000 306.000000
228.000000 282.000000
258.000000 257.000000
276.000000 236.000000
292.000000 196.000000
305.000000 146.000000
309.000000 104.000000
302.000000 59.000000
292.000000 15.000000
238.000000 0.000000
139.000000 100.000000
121.000000 93.000000
104.000000 87.000000
87.000000 86.000000
69.000000 91.000000
72.000000 101.000000
88.000000 99.000000
103.000000 102.000000
119.000000 106.000000
134.000000 111.000000
273.000000 100.000000
255.000000 91.000000
238.000000 90.000000
220.000000 94.000000
201.000000 98.000000
204.000000 109.000000
222.000000 106.000000
239.000000 103.000000
254.000000 103.000000
270.000000 107.000000
132.000000 142.000000
126.000000 129.000000
111.000000 123.000000
95.000000 124.000000
84.000000 132.000000
94.000000 140.000000
107.000000 146.000000
120.000000 146.000000
257.000000 140.000000
245.000000 131.000000
229.000000 129.000000
214.000000 134.000000
203.000000 145.000000
217.000000 151.000000
232.000000 152.000000
247.000000 148.000000
111.000000 134.000000
232.000000 139.000000
151.000000 140.000000
146.000000 161.000000
141.000000 180.000000
133.000000 198.000000
127.000000 216.000000
140.000000 226.000000
161.000000 234.000000
183.000000 227.000000
197.000000 220.000000
193.000000 198.000000
188.000000 179.000000
185.000000 161.000000
182.000000 141.000000
210.000000 256.000000
193.000000 256.000000
177.000000 255.000000
163.000000 258.000000
147.000000 254.000000
136.000000 254.000000
124.000000 246.000000
135.000000 262.000000
142.000000 273.000000
156.000000 280.000000
172.000000 281.000000
185.000000 276.000000
198.000000 269.000000
