182.000000 30.000000
147.000000 35.000000
116.000000 46.000000
90.000000 75.000000
78.000000 113.000000
77.000000 151.000000
80.000000 187.000000
86.000000 223.000000
97.000000 259.000000
121.000000 286.000000
147.000000 307.000000
191.000000 318.000000
229.000000 303.000000
256.000000 278.000000
274.000000 251.000000
282.000000 218.000000
287.000000 183.000000
290.000000 148.000000
288.000000 115.000000
280.000000 83.000000
258.000000 52.000000
222.000000 33.000000
157.000000 110.000000
143.000000 105.000000
129.000000 102.000000
114.000000 103.000000
101.000000 110.000000
103.000000 116.000000
116.000000 112.000000
130.000000 112.000000
142.000000 116.000000
155.000000 119.000000
268.000000 110.000000
255.000000 103.000000
240.000000 101.000000
225.000000 104.000000
213.000000 109.000000
216.000000 118.000000
228.000000 113.000000
242.000000 110.000000
255.000000 111.000000
265.000000 116.000000
157.000000 151.000000
151.000000 141.000000
139.000000 135.000000
128.000000 137.000000
118.000000 143.000000
127.000000 150.000000
137.000000 153.000000
146.000000 152.000000
257.000000 145.000000
247.000000 135.000000
232.000000 134.000000
223.000000 138.000000
215.000000 147.000000
225.000000 150.000000
236.000000 151.000000
246.000000 148.000000
137.000000 143.000000
233.000000 142.000000
170.000000 144.000000
169.000000 161.000000
167.000000 177.000000
162.000000 193.000000
157.000000 209.000000
172.000000 215.000000
189.000000 219.000000
206.000000 215.000000
219.000000 208.000000
212.000000 190.000000
208.000000 177.000000
205.000000 161.000000
203.000000 143.000000
227.000000 242.000000
212.000000 239.000000
200.000000 236.000000
190.000000 239.000000
177.000000 237.000000
164.000000 240.000000
149.000000 244.000000
158.000000 256.000000
169.000000 264.000000
183.000000 268.000000
197.000000 268.000000
209.000000 263.000000
219.000000 254.000000
