181.000000 23.000000
129.000000 29.000000
97.000000 54.000000
74.000000 83.000000
64.000000 120.000000
60.000000 160.000000
62.000000 200.000000
70.000000 237.000000
84.000000 271.000000
112.000000 299.000000
142.000000 322.000000
182.000000 335.000000
217.000000 324.000000
249.000000 302.000000
278.000000 277.000000
294.000000 243.000000
297.000000 206.000000
300.000000 170.000000
300.000000 129.000000
290.000000 89.000000
269.000000 54.000000
234.000000 34.000000
155.000000 134.000000
142.000000 130.000000
128.000000 127.000000
113.000000 126.000000
98.000000 130.000000
100.000000 139.000000
114.000000 136.000000
128.000000 138.000000
141.000000 141.000000
153.000000 144.000000
277.000000 137.000000
263.000000 131.000000
248.000000 130.000000
232.000000 132.000000
218.000000 137.000000
220.000000 146.000000
234.000000 143.000000
249.000000 141.000000
262.000000 141.000000
275.000000 144.000000
153.000000 172.000000
147.000000 161.000000
135.000000 155.000000
122.000000 157.000000
110.000000 164.000000
118.000000 171.000000
131.000000 175.000000
144.000000 175.000000
262.000000 168.000000
250.000000 160.000000
238.000000 158.000000
226.000000 162.000000
218.000000 176.000000
229.000000 176.000000
241.000000 177.000000
252.000000 175.000000
134.000000 164.000000
236.000000 167.000000
169.000000 167.000000
167.000000 185.000000
165.000000 200.000000
160.000000 215.000000
155.000000 233.000000
166.000000 243.000000
184.000000 248.000000
204.000000 244.000000
218.000000 236.000000
213.000000 220.000000
208.000000 205.000000
204.000000 186.000000
203.000000 168.000000
223.000000 275.000000
207.000000 269.000000
196.000000 268.000000
184.000000 271.000000
172.000000 268.000000
158.000000 270.000000
142.000000 274.000000
154.000000 281.000000
165.000000 289.000000
177.000000 292.000000
190.000000 292.000000
203.000000 288.000000
213.000000 281.000000
