161.000000 0.000000
120.000000 0.000000
82.000000 2.000000
52.000000 31.000000
41.000000 66.000000
41.000000 108.000000
43.000000 155.000000
53.000000 195.000000
67.000000 229.000000
89.000000 263.000000
111.000000 300.000000
150.000000 323.000000
197.000000 308.000000
240.000000 281.000000
273.000000 247.000000
286.000000 205.000000
297.000000 160.000000
306.000000 112.000000
299.000000 71.000000
277.000000 31.000000
239.000000 6.000000
202.000000 0.000000
114.000000 75.000000
98.000000 71.000000
82.000000 67.000000
66.000000 65.000000
50.000000 70.000000
52.000000 79.000000
67.000000 76.000000
82.000000 78.000000
96.000000 82.000000
111.000000 86.000000
262.000000 72.000000
246.000000 67.000000
229.000000 67.000000
212.000000 70.000000
194.000000 74.000000
196.000000 85.000000
213.000000 80.000000
230.000000 77.000000
246.000000 76.000000
259.000000 80.000000
114.000000 122.000000
108.000000 107.000000
92.000000 99.000000
76.000000 103.000000
61.000000 110.000000
72.000000 122.000000
88.000000 126.000000
102.000000 125.000000
249.000000 117.000000
234.000000 105.000000
216.000000 102.000000
200.000000 108.000000
187.000000 122.000000
202.000000 127.000000
220.000000 128.000000
240.000000 125.000000
92.000000 111.000000
217.000000 114.000000
132.000000 117.000000
128.000000 140.000000
124.000000 159.000000
117.000000 179.000000
112.000000 200.000000
125.000000 212.000000
144.000000 220.000000
167.000000 212.000000
184.000000 200.000000
179.000000 180.000000
171.000000 164.000000
167.000000 140.000000
167.000000 117.000000
195.000000 247.000000
175.000000 252.000000
162.000000 245.000000
146.000000 249.000000
131.000000 244.000000
118.000000 247.000000
103.000000 245.000000
111.000000 260.000000
123.000000 275.000000
139.000000 278.000000
155.000000 279.000000
171.000000 273.000000
186.000000 263.000000
