183.000000 64.000000
147.000000 70.000000
124.000000 87.000000
103.000000 111.000000
95.000000 140.000000
95.000000 169.000000
98.000000 200.000000
104.000000 229.000000
115.000000 259.000000
135.000000 283.000000
161.000000 303.000000
194.000000 311.000000
223.000000 297.000000
244.000000 275.000000
259.000000 250.000000
265.000000 223.000000
270.000000 195.000000
272.000000 163.000000
271.000000 137.000000
266.000000 107.000000
249.000000 85.000000
220.000000 69.000000
169.000000 143.000000
157.000000 139.000000
144.000000 137.000000
132.000000 139.000000
120.000000 144.000000
123.000000 149.000000
133.000000 146.000000
145.000000 146.000000
156.000000 148.000000
167.000000 150.000000
254.000000 137.000000
243.000000 134.000000
232.000000 136.000000
222.000000 139.000000
211.000000 143.000000
213.000000 150.000000
224.000000 146.000000
234.000000 143.000000
243.000000 141.000000
252.000000 142.000000
167.000000 175.000000
160.000000 165.000000
149.000000 161.000000
137.000000 162.000000
129.000000 168.000000
136.000000 176.000000
146.000000 178.000000
156.000000 177.000000
251.000000 165.000000
243.000000 158.000000
232.000000 157.000000
222.000000 163.000000
215.000000 172.000000
225.000000 175.000000
236.000000 175.000000
246.000000 171.000000
146.000000 168.000000
232.000000 166.000000
180.000000 172.000000
181.000000 185.000000
178.000000 200.000000
173.000000 212.000000
169.000000 226.000000
179.000000 234.000000
194.000000 239.000000
208.000000 234.000000
218.000000 225.000000
214.000000 212.000000
209.000000 199.000000
205.000000 185.000000
202.000000 170.000000
222.000000 255.000000
212.000000 254.000000
202.000000 252.000000
195.000000 255.000000
185.000000 253.000000
174.000000 256.000000
161.000000 258.000000
169.000000 267.000000
178.000000 274.000000
189.000000 277.000000
201.000000 277.000000
209.000000 271.000000
216.000000 264.000000
