179.000000 21.000000
135.000000 34.000000
102.000000 71.000000
85.000000 105.000000
81.000000 143.000000
77.000000 175.000000
85.000000 211.000000
90.000000 242.000000
104.000000 277.000000
121.000000 304.000000
147.000000 322.000000
184.000000 331.000000
219.000000 319.000000
246.000000 294.000000
265.000000 267.000000
273.000000 235.000000
280.000000 203.000000
283.000000 166.000000
279.000000 133.000000
273.000000 97.000000
257.000000 62.000000
227.000000 34.000000
152.000000 140.000000
137.000000 135.000000
124.000000 133.000000
110.000000 135.000000
97.000000 143.000000
100.000000 150.000000
112.000000 145.000000
124.000000 144.000000
136.000000 145.000000
148.000000 149.000000
260.000000 139.000000
248.000000 133.000000
233.000000 130.000000
219.000000 132.000000
203.000000 136.000000
205.000000 146.000000
220.000000 142.000000
234.000000 140.000000
247.000000 142.000000
257.000000 146.000000
150.000000 174.000000
142.000000 164.000000
131.000000 159.000000
119.000000 161.000000
110.000000 168.000000
119.000000 175.000000
129.000000 177.000000
139.000000 177.000000
245.000000 165.000000
236.000000 159.000000
223.000000 158.000000
212.000000 164.000000
204.000000 173.000000
215.000000 176.000000
228.000000 176.000000
239.000000 172.000000
130.000000 168.000000
226.000000 166.000000
163.000000 171.000000
161.000000 189.000000
158.000000 205.000000
154.000000 221.000000
148.000000 238.000000
160.000000 247.000000
177.000000 252.000000
194.000000 246.000000
206.000000 235.000000
201.000000 220.000000
196.000000 205.000000
192.000000 189.000000
190.000000 170.000000
215.000000 273.000000
201.000000 269.000000
189.000000 267.000000
179.000000 270.000000
168.000000 268.000000
157.000000 272.000000
145.000000 276.000000
153.000000 283.000000
162.000000 289.000000
174.000000 292.000000
187.000000 292.000000
196.000000 287.000000
205.000000 281.000000
