156.000000 23.000000
117.000000 39.000000
86.000000 65.000000
74.000000 99.000000
70.000000 137.000000
78.000000 164.000000
80.000000 192.000000
89.000000 219.000000
104.000000 251.000000
122.000000 277.000000
145.000000 299.000000
178.000000 309.000000
214.000000 294.000000
243.000000 271.000000
266.000000 245.000000
275.000000 210.000000
279.000000 171.000000
275.000000 133.000000
272.000000 93.000000
250.000000 60.000000
225.000000 43.000000
195.000000 31.000000
132.000000 123.000000
116.000000 118.000000
101.000000 115.000000
87.000000 117.000000
76.000000 125.000000
80.000000 131.000000
91.000000 126.000000
103.000000 126.000000
117.000000 128.000000
129.000000 132.000000
238.000000 107.000000
225.000000 103.000000
211.000000 104.000000
197.000000 109.000000
182.000000 117.000000
186.000000 124.000000
201.000000 118.000000
213.000000 113.000000
225.000000 111.000000
235.000000 113.000000
135.000000 154.000000
127.000000 145.000000
117.000000 141.000000
106.000000 144.000000
98.000000 151.000000
105.000000 157.000000
116.000000 158.000000
127.000000 157.000000
223.000000 140.000000
215.000000 135.000000
204.000000 133.000000
194.000000 139.000000
187.000000 147.000000
197.000000 150.000000
208.000000 150.000000
218.000000 146.000000
118.000000 149.000000
204.000000 142.000000
146.000000 148.000000
146.000000 167.000000
144.000000 182.000000
141.000000 196.000000
135.000000 212.000000
149.000000 222.000000
166.000000 226.000000
182.000000 218.000000
192.000000 206.000000
184.000000 193.000000
178.000000 178.000000
173.000000 164.000000
170.000000 146.000000
211.000000 237.000000
193.000000 236.000000
180.000000 237.000000
170.000000 241.000000
158.000000 239.000000
148.000000 243.000000
134.000000 242.000000
144.000000 256.000000
154.000000 262.000000
167.000000 266.000000
179.000000 264.000000
191.000000 257.000000
202.000000 248.000000
