188.000000 14.000000
144.000000 19.000000
101.000000 37.000000
70.000000 73.000000
59.000000 123.000000
59.000000 168.000000
62.000000 206.000000
71.000000 240.000000
85.000000 276.000000
113.000000 303.000000
146.000000 322.000000
188.000000 330.000000
225.000000 318.000000
257.000000 297.000000
285.000000 266.000000
296.000000 233.000000
302.000000 196.000000
302.000000 159.000000
301.000000 120.000000
285.000000 82.000000
259.000000 37.000000
221.000000 18.000000
152.000000 125.000000
137.000000 120.000000
122.000000 118.000000
109.000000 121.000000
94.000000 128.000000
96.000000 138.000000
108.000000 133.000000
121.000000 131.000000
136.000000 131.000000
150.000000 133.000000
272.000000 120.000000
258.000000 115.000000
243.000000 114.000000
227.000000 117.000000
214.000000 122.000000
216.000000 131.000000
230.000000 127.000000
244.000000 124.000000
257.000000 123.000000
269.000000 127.000000
153.000000 162.000000
143.000000 150.000000
129.000000 146.000000
115.000000 148.000000
105.000000 156.000000
115.000000 163.000000
128.000000 165.000000
141.000000 164.000000
260.000000 151.000000
249.000000 144.000000
236.000000 142.000000
224.000000 148.000000
214.000000 158.000000
227.000000 161.000000
239.000000 161.000000
251.000000 158.000000
128.000000 155.000000
236.000000 151.000000
168.000000 155.000000
166.000000 172.000000
162.000000 189.000000
156.000000 206.000000
150.000000 224.000000
166.000000 230.000000
183.000000 232.000000
202.000000 228.000000
217.000000 221.000000
212.000000 206.000000
206.000000 191.000000
201.000000 172.000000
198.000000 154.000000
227.000000 257.000000
210.000000 254.000000
197.000000 251.000000
185.000000 255.000000
171.000000 252.000000
155.000000 257.000000
140.000000 259.000000
154.000000 272.000000
166.000000 279.000000
179.000000 282.000000
193.000000 281.000000
206.000000 276.000000
217.000000 268.000000
