167.000000 83.000000
132.000000 77.000000
89.000000 91.000000
77.000000 131.000000
78.000000 168.000000
77.000000 198.000000
84.000000 227.000000
92.000000 255.000000
104.000000 282.000000
120.000000 306.000000
142.000000 327.000000
176.000000 338.000000
206.000000 326.000000
232.000000 305.000000
250.000000 278.000000
260.000000 249.000000
266.000000 220.000000
271.000000 190.000000
268.000000 161.000000
261.000000 127.000000
243.000000 92.000000
208.000000 80.000000
146.000000 164.000000
132.000000 159.000000
120.000000 156.000000
108.000000 155.000000
96.000000 159.000000
96.000000 167.000000
108.000000 165.000000
120.000000 166.000000
131.000000 168.000000
144.000000 173.000000
249.000000 155.000000
236.000000 149.000000
223.000000 150.000000
209.000000 154.000000
195.000000 159.000000
197.000000 168.000000
212.000000 163.000000
225.000000 159.000000
236.000000 158.000000
247.000000 161.000000
144.000000 195.000000
137.000000 185.000000
125.000000 179.000000
113.000000 182.000000
105.000000 189.000000
112.000000 196.000000
124.000000 198.000000
136.000000 197.000000
236.000000 184.000000
228.000000 177.000000
216.000000 177.000000
207.000000 183.000000
199.000000 193.000000
210.000000 195.000000
221.000000 195.000000
232.000000 191.000000
125.000000 188.000000
219.000000 185.000000
157.000000 191.000000
155.000000 208.000000
153.000000 223.000000
148.000000 238.000000
146.000000 253.000000
157.000000 261.000000
173.000000 266.000000
188.000000 260.000000
200.000000 250.000000
197.000000 237.000000
192.000000 221.000000
187.000000 206.000000
185.000000 190.000000
208.000000 282.000000
193.000000 280.000000
182.000000 278.000000
173.000000 281.000000
165.000000 278.000000
153.000000 281.000000
140.000000 284.000000
150.000000 292.000000
159.000000 299.000000
169.000000 305.000000
181.000000 304.000000
190.000000 299.000000
198.000000 292.000000
