170.000000 18.000000
130.000000 27.000000
99.000000 47.000000
77.000000 84.000000
70.000000 122.000000
67.000000 159.000000
71.000000 196.000000
82.000000 229.000000
92.000000 265.000000
109.000000 294.000000
134.000000 320.000000
174.000000 336.000000
212.000000 319.000000
240.000000 290.000000
256.000000 259.000000
266.000000 227.000000
278.000000 194.000000
281.000000 158.000000
282.000000 122.000000
266.000000 91.000000
250.000000 55.000000
215.000000 29.000000
140.000000 124.000000
125.000000 119.000000
110.000000 115.000000
95.000000 116.000000
82.000000 121.000000
83.000000 128.000000
96.000000 125.000000
110.000000 126.000000
124.000000 130.000000
138.000000 134.000000
261.000000 120.000000
248.000000 114.000000
232.000000 113.000000
217.000000 116.000000
201.000000 122.000000
203.000000 132.000000
219.000000 127.000000
234.000000 123.000000
246.000000 121.000000
257.000000 124.000000
143.000000 166.000000
135.000000 153.000000
122.000000 147.000000
109.000000 148.000000
98.000000 156.000000
107.000000 164.000000
119.000000 168.000000
131.000000 168.000000
246.000000 155.000000
237.000000 148.000000
224.000000 146.000000
211.000000 152.000000
202.000000 163.000000
214.000000 167.000000
228.000000 168.000000
239.000000 163.000000
121.000000 156.000000
224.000000 156.000000
156.000000 158.000000
154.000000 179.000000
150.000000 198.000000
145.000000 216.000000
140.000000 235.000000
153.000000 245.000000
170.000000 251.000000
189.000000 245.000000
202.000000 234.000000
196.000000 217.000000
191.000000 201.000000
187.000000 178.000000
185.000000 158.000000
217.000000 268.000000
199.000000 273.000000
187.000000 272.000000
175.000000 278.000000
159.000000 274.000000
148.000000 277.000000
133.000000 274.000000
145.000000 287.000000
159.000000 296.000000
171.000000 303.000000
184.000000 302.000000
199.000000 296.000000
206.000000 282.000000
