176.000000 71.000000
149.000000 74.000000
120.000000 90.000000
104.000000 115.000000
95.000000 146.000000
99.000000 175.000000
102.000000 204.000000
110.000000 230.000000
121.000000 253.000000
136.000000 273.000000
155.000000 289.000000
181.000000 297.000000
206.000000 287.000000
225.000000 270.000000
241.000000 250.000000
251.000000 227.000000
258.000000 203.000000
262.000000 176.000000
267.000000 146.000000
260.000000 118.000000
241.000000 95.000000
211.000000 76.000000
158.000000 151.000000
147.000000 147.000000
136.000000 145.000000
124.000000 145.000000
113.000000 150.000000
115.000000 156.000000
125.000000 154.000000
136.000000 154.000000
146.000000 156.000000
156.000000 159.000000
243.000000 147.000000
232.000000 143.000000
220.000000 144.000000
209.000000 146.000000
197.000000 151.000000
199.000000 158.000000
210.000000 154.000000
221.000000 152.000000
232.000000 152.000000
241.000000 153.000000
157.000000 178.000000
151.000000 171.000000
142.000000 167.000000
132.000000 169.000000
125.000000 174.000000
131.000000 179.000000
140.000000 182.000000
149.000000 181.000000
235.000000 172.000000
225.000000 167.000000
216.000000 166.000000
207.000000 170.000000
201.000000 177.000000
209.000000 179.000000
218.000000 180.000000
226.000000 178.000000
142.000000 174.000000
216.000000 173.000000
168.000000 175.000000
167.000000 188.000000
165.000000 199.000000
161.000000 209.000000
157.000000 219.000000
166.000000 228.000000
180.000000 232.000000
193.000000 227.000000
202.000000 218.000000
197.000000 208.000000
193.000000 199.000000
191.000000 186.000000
189.000000 174.000000
209.000000 246.000000
199.000000 244.000000
189.000000 243.000000
181.000000 246.000000
171.000000 243.000000
161.000000 246.000000
151.000000 248.000000
159.000000 255.000000
166.000000 261.000000
176.000000 264.000000
186.000000 264.000000
195.000000 260.000000
202.000000 254.000000
