176.000000 42.000000
136.000000 49.000000
105.000000 69.000000
84.000000 96.000000
76.000000 127.000000
74.000000 157.000000
77.000000 190.000000
83.000000 221.000000
90.000000 253.000000
108.000000 278.000000
135.000000 300.000000
172.000000 309.000000
212.000000 299.000000
243.000000 277.000000
261.000000 248.000000
266.000000 217.000000
272.000000 187.000000
276.000000 155.000000
273.000000 120.000000
260.000000 90.000000
242.000000 67.000000
213.000000 51.000000
144.000000 121.000000
131.000000 118.000000
120.000000 115.000000
108.000000 115.000000
97.000000 121.000000
99.000000 126.000000
109.000000 124.000000
120.000000 124.000000
131.000000 127.000000
142.000000 130.000000
247.000000 122.000000
236.000000 116.000000
223.000000 114.000000
210.000000 116.000000
197.000000 120.000000
199.000000 129.000000
212.000000 125.000000
224.000000 122.000000
235.000000 122.000000
244.000000 126.000000
144.000000 156.000000
138.000000 147.000000
128.000000 143.000000
118.000000 144.000000
110.000000 150.000000
115.000000 156.000000
125.000000 159.000000
137.000000 158.000000
232.000000 150.000000
224.000000 143.000000
214.000000 141.000000
204.000000 144.000000
197.000000 152.000000
205.000000 156.000000
216.000000 157.000000
227.000000 155.000000
128.000000 150.000000
214.000000 149.000000
158.000000 148.000000
157.000000 163.000000
155.000000 178.000000
150.000000 192.000000
147.000000 204.000000
157.000000 213.000000
170.000000 215.000000
184.000000 213.000000
197.000000 206.000000
192.000000 193.000000
187.000000 179.000000
185.000000 166.000000
183.000000 149.000000
206.000000 245.000000
191.000000 235.000000
181.000000 230.000000
171.000000 234.000000
159.000000 231.000000
148.000000 235.000000
137.000000 245.000000
143.000000 253.000000
153.000000 260.000000
165.000000 263.000000
178.000000 263.000000
189.000000 258.000000
199.000000 252.000000
