179.000000 0.000000
136.000000 1.000000
96.000000 21.000000
65.000000 52.000000
52.000000 89.000000
55.000000 129.000000
61.000000 179.000000
78.000000 225.000000
96.000000 254.000000
121.000000 278.000000
146.000000 299.000000
183.000000 311.000000
213.000000 302.000000
239.000000 279.000000
263.000000 253.000000
281.000000 224.000000
293.000000 181.000000
303.000000 136.000000
306.000000 95.000000
293.000000 54.000000
262.000000 22.000000
223.000000 2.000000
153.000000 95.000000
132.000000 91.000000
112.000000 88.000000
93.000000 88.000000
74.000000 94.000000
77.000000 103.000000
94.000000 101.000000
112.000000 101.000000
130.000000 104.000000
148.000000 109.000000
294.000000 96.000000
276.000000 90.000000
258.000000 89.000000
239.000000 92.000000
220.000000 97.000000
222.000000 109.000000
241.000000 105.000000
259.000000 103.000000
275.000000 102.000000
291.000000 105.000000
150.000000 141.000000
138.000000 126.000000
122.000000 120.000000
103.000000 121.000000
90.000000 134.000000
105.000000 141.000000
119.000000 145.000000
133.000000 144.000000
280.000000 131.000000
266.000000 120.000000
246.000000 121.000000
232.000000 128.000000
223.000000 143.000000
235.000000 146.000000
251.000000 147.000000
266.000000 143.000000
122.000000 132.000000
248.000000 133.000000
166.000000 140.000000
166.000000 162.000000
160.000000 184.000000
155.000000 207.000000
153.000000 227.000000
174.000000 235.000000
189.000000 244.000000
211.000000 233.000000
226.000000 221.000000
216.000000 200.000000
211.000000 181.000000
204.000000 162.000000
202.000000 139.000000
236.000000 253.000000
219.000000 258.000000
201.000000 260.000000
185.000000 265.000000
169.000000 262.000000
153.000000 259.000000
133.000000 258.000000
149.000000 269.000000
162.000000 274.000000
179.000000 279.000000
194.000000 279.000000
206.000000 273.000000
222.000000 265.000000
