178.000000 15.000000
124.000000 21.000000
90.000000 52.000000
77.000000 91.000000
74.000000 124.000000
72.000000 159.000000
76.000000 197.000000
83.000000 233.000000
96.000000 268.000000
113.000000 297.000000
134.000000 322.000000
169.000000 334.000000
209.000000 327.000000
244.000000 303.000000
269.000000 281.000000
293.000000 248.000000
296.000000 206.000000
297.000000 164.000000
296.000000 129.000000
288.000000 95.000000
271.000000 57.000000
234.000000 26.000000
144.000000 123.000000
128.000000 119.000000
113.000000 115.000000
98.000000 114.000000
86.000000 118.000000
87.000000 124.000000
100.000000 123.000000
114.000000 125.000000
128.000000 129.000000
141.000000 134.000000
268.000000 125.000000
253.000000 118.000000
237.000000 117.000000
220.000000 119.000000
203.000000 123.000000
204.000000 133.000000
222.000000 129.000000
238.000000 127.000000
253.000000 127.000000
266.000000 131.000000
142.000000 162.000000
136.000000 151.000000
123.000000 143.000000
110.000000 145.000000
98.000000 151.000000
108.000000 159.000000
119.000000 163.000000
130.000000 163.000000
249.000000 158.000000
239.000000 150.000000
225.000000 149.000000
213.000000 154.000000
203.000000 163.000000
215.000000 166.000000
228.000000 168.000000
240.000000 165.000000
123.000000 152.000000
227.000000 157.000000
155.000000 156.000000
152.000000 177.000000
148.000000 195.000000
143.000000 211.000000
140.000000 229.000000
154.000000 236.000000
168.000000 243.000000
184.000000 237.000000
199.000000 228.000000
195.000000 212.000000
190.000000 195.000000
188.000000 178.000000
187.000000 158.000000
215.000000 265.000000
197.000000 263.000000
182.000000 259.000000
170.000000 263.000000
156.000000 258.000000
143.000000 261.000000
128.000000 261.000000
138.000000 275.000000
149.000000 283.000000
163.000000 290.000000
177.000000 290.000000
192.000000 286.000000
204.000000 278.000000
