190.000000 39.000000
155.000000 49.000000
120.000000 65.000000
98.000000 94.000000
87.000000 128.000000
87.000000 165.000000
95.000000 200.000000
105.000000 231.000000
118.000000 261.000000
138.000000 287.000000
163.000000 310.000000
188.000000 316.000000
216.000000 304.000000
239.000000 278.000000
257.000000 251.000000
272.000000 225.000000
288.000000 188.000000
291.000000 155.000000
285.000000 122.000000
272.000000 92.000000
254.000000 70.000000
225.000000 51.000000
167.000000 136.000000
153.000000 131.000000
137.000000 129.000000
122.000000 129.000000
108.000000 133.000000
109.000000 139.000000
122.000000 137.000000
137.000000 138.000000
151.000000 140.000000
163.000000 144.000000
272.000000 129.000000
258.000000 126.000000
243.000000 127.000000
229.000000 131.000000
215.000000 136.000000
218.000000 144.000000
231.000000 140.000000
244.000000 137.000000
257.000000 135.000000
270.000000 135.000000
162.000000 171.000000
155.000000 159.000000
142.000000 154.000000
129.000000 155.000000
117.000000 163.000000
128.000000 170.000000
141.000000 173.000000
153.000000 172.000000
261.000000 161.000000
249.000000 154.000000
237.000000 153.000000
227.000000 158.000000
220.000000 168.000000
229.000000 171.000000
241.000000 171.000000
251.000000 168.000000
142.000000 163.000000
237.000000 162.000000
175.000000 165.000000
174.000000 184.000000
172.000000 200.000000
167.000000 216.000000
163.000000 233.000000
175.000000 242.000000
191.000000 247.000000
208.000000 241.000000
221.000000 231.000000
215.000000 215.000000
210.000000 198.000000
207.000000 183.000000
204.000000 165.000000
225.000000 261.000000
212.000000 262.000000
200.000000 260.000000
192.000000 263.000000
184.000000 261.000000
172.000000 263.000000
154.000000 263.000000
168.000000 274.000000
176.000000 280.000000
188.000000 283.000000
199.000000 283.000000
210.000000 278.000000
219.000000 272.000000
