187.000000 18.000000
144.000000 21.000000
101.000000 36.000000
73.000000 70.000000
60.000000 106.000000
60.000000 148.000000
62.000000 190.000000
70.000000 228.000000
85.000000 265.000000
106.000000 297.000000
136.000000 322.000000
182.000000 335.000000
227.000000 320.000000
256.000000 294.000000
279.000000 264.000000
292.000000 229.000000
301.000000 193.000000
304.000000 154.000000
302.000000 113.000000
288.000000 77.000000
261.000000 47.000000
234.000000 30.000000
153.000000 112.000000
135.000000 107.000000
119.000000 104.000000
103.000000 106.000000
89.000000 113.000000
93.000000 119.000000
105.000000 115.000000
119.000000 115.000000
134.000000 117.000000
149.000000 121.000000
273.000000 114.000000
259.000000 107.000000
244.000000 105.000000
228.000000 107.000000
211.000000 112.000000
214.000000 122.000000
230.000000 117.000000
245.000000 115.000000
258.000000 115.000000
269.000000 120.000000
148.000000 149.000000
140.000000 139.000000
127.000000 134.000000
116.000000 136.000000
106.000000 143.000000
114.000000 150.000000
126.000000 153.000000
139.000000 152.000000
258.000000 144.000000
249.000000 136.000000
237.000000 134.000000
225.000000 138.000000
216.000000 147.000000
227.000000 152.000000
239.000000 153.000000
251.000000 150.000000
127.000000 143.000000
237.000000 143.000000
165.000000 142.000000
162.000000 162.000000
159.000000 180.000000
153.000000 196.000000
145.000000 213.000000
160.000000 223.000000
181.000000 229.000000
201.000000 224.000000
216.000000 214.000000
209.000000 198.000000
203.000000 181.000000
200.000000 162.000000
199.000000 142.000000
224.000000 258.000000
209.000000 250.000000
195.000000 246.000000
182.000000 250.000000
168.000000 246.000000
153.000000 251.000000
137.000000 257.000000
147.000000 269.000000
159.000000 278.000000
174.000000 282.000000
189.000000 283.000000
203.000000 277.000000
213.000000 269.000000
