183.000000 38.000000
146.000000 44.000000
117.000000 64.000000
100.000000 98.000000
92.000000 135.000000
96.000000 163.000000
102.000000 192.000000
111.000000 220.000000
120.000000 248.000000
139.000000 272.000000
165.000000 289.000000
195.000000 292.000000
227.000000 284.000000
253.000000 265.000000
267.000000 238.000000
275.000000 210.000000
280.000000 180.000000
281.000000 152.000000
275.000000 124.000000
268.000000 89.000000
252.000000 58.000000
218.000000 41.000000
163.000000 123.000000
150.000000 120.000000
137.000000 118.000000
125.000000 119.000000
115.000000 123.000000
116.000000 131.000000
127.000000 128.000000
138.000000 128.000000
149.000000 130.000000
162.000000 133.000000
257.000000 112.000000
246.000000 108.000000
233.000000 108.000000
221.000000 111.000000
208.000000 116.000000
211.000000 125.000000
223.000000 121.000000
235.000000 117.000000
246.000000 117.000000
256.000000 119.000000
163.000000 156.000000
155.000000 148.000000
144.000000 144.000000
134.000000 147.000000
127.000000 155.000000
135.000000 160.000000
144.000000 162.000000
154.000000 160.000000
248.000000 145.000000
240.000000 138.000000
229.000000 138.000000
221.000000 143.000000
214.000000 152.000000
223.000000 155.000000
234.000000 155.000000
244.000000 152.000000
144.000000 152.000000
231.000000 146.000000
176.000000 150.000000
174.000000 165.000000
171.000000 180.000000
167.000000 194.000000
164.000000 209.000000
177.000000 215.000000
192.000000 217.000000
207.000000 213.000000
219.000000 205.000000
216.000000 192.000000
210.000000 179.000000
205.000000 163.000000
202.000000 149.000000
223.000000 239.000000
212.000000 235.000000
202.000000 231.000000
193.000000 235.000000
182.000000 233.000000
172.000000 238.000000
160.000000 243.000000
169.000000 249.000000
178.000000 254.000000
188.000000 256.000000
200.000000 256.000000
209.000000 252.000000
217.000000 246.000000
