179.000000 0.000000
125.000000 1.000000
100.000000 16.000000
79.000000 43.000000
67.000000 78.000000
61.000000 114.000000
63.000000 154.000000
73.000000 192.000000
88.000000 227.000000
110.000000 260.000000
138.000000 283.000000
178.000000 294.000000
213.000000 279.000000
238.000000 249.000000
258.000000 214.000000
268.000000 184.000000
277.000000 151.000000
280.000000 115.000000
279.000000 82.000000
273.000000 48.000000
262.000000 13.000000
230.000000 1.000000
144.000000 75.000000
129.000000 70.000000
114.000000 69.000000
98.000000 73.000000
85.000000 80.000000
88.000000 86.000000
100.000000 82.000000
113.000000 80.000000
127.000000 82.000000
141.000000 85.000000
265.000000 76.000000
250.000000 70.000000
236.000000 70.000000
220.000000 73.000000
206.000000 76.000000
208.000000 86.000000
222.000000 83.000000
236.000000 81.000000
250.000000 80.000000
262.000000 82.000000
145.000000 121.000000
136.000000 111.000000
123.000000 106.000000
111.000000 109.000000
100.000000 117.000000
109.000000 125.000000
122.000000 127.000000
136.000000 126.000000
250.000000 114.000000
240.000000 107.000000
228.000000 106.000000
217.000000 112.000000
208.000000 120.000000
219.000000 123.000000
232.000000 125.000000
243.000000 121.000000
124.000000 116.000000
229.000000 115.000000
159.000000 115.000000
160.000000 130.000000
158.000000 152.000000
154.000000 170.000000
149.000000 189.000000
157.000000 199.000000
174.000000 200.000000
195.000000 199.000000
210.000000 190.000000
204.000000 172.000000
200.000000 155.000000
196.000000 134.000000
194.000000 115.000000
214.000000 233.000000
198.000000 226.000000
186.000000 221.000000
178.000000 226.000000
168.000000 222.000000
155.000000 227.000000
139.000000 233.000000
149.000000 243.000000
159.000000 249.000000
171.000000 253.000000
184.000000 253.000000
195.000000 247.000000
203.000000 239.000000
