188.000000 63.000000
153.000000 71.000000
126.000000 94.000000
109.000000 117.000000
96.000000 144.000000
92.000000 173.000000
95.000000 206.000000
101.000000 237.000000
113.000000 266.000000
134.000000 290.000000
161.000000 308.000000
193.000000 315.000000
225.000000 303.000000
248.000000 282.000000
265.000000 257.000000
274.000000 228.000000
279.000000 199.000000
280.000000 167.000000
274.000000 138.000000
260.000000 113.000000
241.000000 86.000000
224.000000 69.000000
168.000000 145.000000
155.000000 141.000000
141.000000 139.000000
126.000000 140.000000
114.000000 146.000000
116.000000 152.000000
128.000000 149.000000
141.000000 149.000000
154.000000 151.000000
166.000000 154.000000
263.000000 141.000000
251.000000 136.000000
238.000000 137.000000
226.000000 139.000000
213.000000 144.000000
217.000000 152.000000
228.000000 149.000000
239.000000 146.000000
251.000000 145.000000
261.000000 147.000000
167.000000 177.000000
160.000000 167.000000
149.000000 162.000000
137.000000 165.000000
128.000000 171.000000
137.000000 177.000000
147.000000 180.000000
157.000000 179.000000
250.000000 167.000000
241.000000 161.000000
230.000000 160.000000
220.000000 165.000000
213.000000 173.000000
222.000000 176.000000
233.000000 177.000000
244.000000 173.000000
147.000000 171.000000
230.000000 168.000000
179.000000 172.000000
177.000000 188.000000
174.000000 201.000000
169.000000 214.000000
164.000000 228.000000
176.000000 235.000000
192.000000 240.000000
208.000000 234.000000
218.000000 226.000000
212.000000 213.000000
207.000000 200.000000
204.000000 188.000000
201.000000 172.000000
227.000000 251.000000
212.000000 252.000000
200.000000 251.000000
191.000000 254.000000
182.000000 252.000000
168.000000 254.000000
152.000000 253.000000
163.000000 263.000000
174.000000 270.000000
186.000000 273.000000
198.000000 273.000000
209.000000 269.000000
218.000000 261.000000
