193.000000 36.000000
149.000000 44.000000
118.000000 60.000000
100.000000 91.000000
80.000000 121.000000
76.000000 159.000000
84.000000 202.000000
92.000000 241.000000
110.000000 274.000000
134.000000 301.000000
166.000000 320.000000
198.000000 328.000000
228.000000 311.000000
248.000000 285.000000
272.000000 254.000000
285.000000 224.000000
295.000000 192.000000
299.000000 156.000000
300.000000 118.000000
292.000000 85.000000
268.000000 54.000000
238.000000 37.000000
178.000000 133.000000
161.000000 128.000000
146.000000 124.000000
130.000000 123.000000
115.000000 127.000000
116.000000 135.000000
131.000000 133.000000
145.000000 134.000000
159.000000 137.000000
174.000000 141.000000
288.000000 125.000000
273.000000 121.000000
260.000000 124.000000
245.000000 128.000000
232.000000 134.000000
235.000000 141.000000
248.000000 137.000000
261.000000 132.000000
274.000000 130.000000
286.000000 132.000000
174.000000 164.000000
166.000000 152.000000
152.000000 148.000000
140.000000 150.000000
124.000000 160.000000
139.000000 165.000000
151.000000 168.000000
164.000000 167.000000
276.000000 157.000000
263.000000 148.000000
250.000000 147.000000
240.000000 153.000000
232.000000 163.000000
243.000000 166.000000
255.000000 166.000000
266.000000 164.000000
151.000000 158.000000
252.000000 156.000000
190.000000 161.000000
187.000000 177.000000
183.000000 194.000000
177.000000 210.000000
175.000000 222.000000
191.000000 235.000000
204.000000 240.000000
222.000000 235.000000
235.000000 223.000000
232.000000 207.000000
224.000000 193.000000
219.000000 176.000000
217.000000 161.000000
239.000000 259.000000
227.000000 257.000000
216.000000 258.000000
204.000000 259.000000
190.000000 257.000000
176.000000 259.000000
160.000000 262.000000
173.000000 271.000000
184.000000 279.000000
198.000000 283.000000
212.000000 283.000000
223.000000 277.000000
232.000000 269.000000
