143.000000 1.000000
85.000000 12.000000
57.000000 42.000000
51.000000 83.000000
49.000000 120.000000
49.000000 159.000000
53.000000 196.000000
66.000000 233.000000
85.000000 266.000000
103.000000 289.000000
122.000000 307.000000
151.000000 324.000000
189.000000 316.000000
219.000000 299.000000
250.000000 272.000000
273.000000 230.000000
280.000000 191.000000
283.000000 149.000000
276.000000 113.000000
258.000000 80.000000
231.000000 54.000000
205.000000 28.000000
123.000000 109.000000
107.000000 106.000000
92.000000 104.000000
80.000000 108.000000
65.000000 114.000000
67.000000 120.000000
79.000000 117.000000
92.000000 114.000000
109.000000 115.000000
125.000000 117.000000
250.000000 109.000000
236.000000 105.000000
220.000000 106.000000
204.000000 109.000000
187.000000 113.000000
188.000000 122.000000
206.000000 118.000000
221.000000 114.000000
235.000000 112.000000
248.000000 115.000000
123.000000 157.000000
115.000000 145.000000
100.000000 139.000000
85.000000 142.000000
71.000000 149.000000
83.000000 157.000000
99.000000 160.000000
113.000000 159.000000
239.000000 146.000000
225.000000 137.000000
211.000000 135.000000
197.000000 142.000000
187.000000 153.000000
200.000000 156.000000
215.000000 156.000000
228.000000 152.000000
101.000000 149.000000
211.000000 145.000000
137.000000 150.000000
135.000000 170.000000
131.000000 188.000000
125.000000 206.000000
123.000000 224.000000
137.000000 230.000000
154.000000 235.000000
173.000000 228.000000
188.000000 221.000000
183.000000 203.000000
177.000000 187.000000
172.000000 168.000000
170.000000 149.000000
193.000000 269.000000
180.000000 261.000000
167.000000 258.000000
157.000000 261.000000
146.000000 258.000000
135.000000 262.000000
123.000000 271.000000
131.000000 274.000000
141.000000 280.000000
153.000000 284.000000
164.000000 284.000000
176.000000 280.000000
187.000000 273.000000
