152.000000 60.000000
103.000000 61.000000
80.000000 85.000000
68.000000 113.000000
64.000000 147.000000
63.000000 184.000000
66.000000 218.000000
71.000000 251.000000
87.000000 282.000000
109.000000 306.000000
130.000000 333.000000
168.000000 347.000000
205.000000 332.000000
237.000000 306.000000
261.000000 275.000000
272.000000 241.000000
278.000000 206.000000
282.000000 171.000000
271.000000 128.000000
257.000000 96.000000
232.000000 74.000000
206.000000 57.000000
129.000000 137.000000
114.000000 132.000000
100.000000 129.000000
86.000000 129.000000
73.000000 134.000000
74.000000 143.000000
88.000000 141.000000
101.000000 142.000000
114.000000 144.000000
127.000000 149.000000
252.000000 128.000000
237.000000 120.000000
221.000000 120.000000
204.000000 124.000000
186.000000 131.000000
189.000000 142.000000
207.000000 136.000000
223.000000 132.000000
237.000000 131.000000
249.000000 135.000000
128.000000 177.000000
121.000000 165.000000
109.000000 159.000000
92.000000 164.000000
83.000000 175.000000
95.000000 178.000000
106.000000 182.000000
118.000000 181.000000
235.000000 166.000000
225.000000 157.000000
212.000000 155.000000
199.000000 161.000000
189.000000 173.000000
202.000000 176.000000
215.000000 177.000000
228.000000 173.000000
111.000000 170.000000
212.000000 166.000000
140.000000 170.000000
138.000000 192.000000
134.000000 211.000000
128.000000 228.000000
123.000000 241.000000
134.000000 252.000000
155.000000 255.000000
175.000000 252.000000
191.000000 237.000000
189.000000 222.000000
181.000000 207.000000
174.000000 189.000000
168.000000 170.000000
214.000000 273.000000
192.000000 272.000000
177.000000 275.000000
162.000000 275.000000
150.000000 275.000000
137.000000 276.000000
120.000000 275.000000
130.000000 288.000000
142.000000 297.000000
156.000000 298.000000
171.000000 298.000000
186.000000 294.000000
199.000000 284.000000
