182.000000 75.000000
145.000000 77.000000
123.000000 93.000000
101.000000 115.000000
79.000000 143.000000
81.000000 173.000000
84.000000 204.000000
93.000000 235.000000
104.000000 265.000000
123.000000 292.000000
148.000000 312.000000
182.000000 323.000000
217.000000 314.000000
246.000000 294.000000
261.000000 268.000000
270.000000 239.000000
277.000000 209.000000
279.000000 177.000000
275.000000 146.000000
267.000000 117.000000
250.000000 93.000000
219.000000 76.000000
159.000000 139.000000
145.000000 135.000000
131.000000 132.000000
118.000000 135.000000
106.000000 142.000000
110.000000 148.000000
121.000000 144.000000
133.000000 143.000000
144.000000 144.000000
155.000000 147.000000
258.000000 143.000000
248.000000 136.000000
235.000000 133.000000
222.000000 135.000000
209.000000 139.000000
210.000000 147.000000
224.000000 145.000000
236.000000 144.000000
247.000000 145.000000
256.000000 149.000000
158.000000 176.000000
152.000000 166.000000
141.000000 161.000000
130.000000 163.000000
121.000000 170.000000
128.000000 176.000000
138.000000 179.000000
147.000000 178.000000
244.000000 171.000000
236.000000 164.000000
225.000000 162.000000
214.000000 166.000000
207.000000 175.000000
217.000000 178.000000
228.000000 179.000000
237.000000 176.000000
140.000000 170.000000
225.000000 170.000000
169.000000 171.000000
168.000000 187.000000
166.000000 201.000000
161.000000 215.000000
156.000000 230.000000
167.000000 239.000000
182.000000 243.000000
198.000000 239.000000
209.000000 230.000000
204.000000 216.000000
199.000000 201.000000
197.000000 188.000000
196.000000 171.000000
217.000000 262.000000
204.000000 258.000000
192.000000 255.000000
183.000000 257.000000
173.000000 255.000000
162.000000 259.000000
150.000000 263.000000
158.000000 273.000000
166.000000 279.000000
177.000000 282.000000
189.000000 282.000000
199.000000 278.000000
208.000000 272.000000
