178.000000 41.000000
137.000000 48.000000
112.000000 65.000000
99.000000 92.000000
92.000000 121.000000
88.000000 149.000000
90.000000 181.000000
95.000000 211.000000
103.000000 242.000000
122.000000 268.000000
147.000000 288.000000
180.000000 298.000000
211.000000 287.000000
234.000000 266.000000
261.000000 241.000000
269.000000 210.000000
274.000000 183.000000
278.000000 146.000000
267.000000 116.000000
256.000000 93.000000
248.000000 66.000000
221.000000 49.000000
159.000000 122.000000
146.000000 119.000000
132.000000 118.000000
119.000000 120.000000
107.000000 125.000000
109.000000 129.000000
121.000000 127.000000
133.000000 127.000000
145.000000 129.000000
157.000000 131.000000
250.000000 122.000000
239.000000 117.000000
228.000000 116.000000
215.000000 118.000000
202.000000 121.000000
204.000000 130.000000
217.000000 127.000000
228.000000 124.000000
239.000000 124.000000
248.000000 127.000000
157.000000 159.000000
150.000000 150.000000
140.000000 145.000000
129.000000 147.000000
120.000000 152.000000
127.000000 159.000000
138.000000 162.000000
147.000000 161.000000
239.000000 151.000000
231.000000 146.000000
220.000000 145.000000
210.000000 149.000000
204.000000 158.000000
213.000000 160.000000
224.000000 161.000000
234.000000 158.000000
138.000000 153.000000
220.000000 153.000000
168.000000 153.000000
166.000000 169.000000
163.000000 183.000000
158.000000 196.000000
152.000000 209.000000
164.000000 217.000000
179.000000 222.000000
196.000000 217.000000
207.000000 209.000000
201.000000 196.000000
196.000000 183.000000
193.000000 170.000000
191.000000 153.000000
215.000000 237.000000
202.000000 237.000000
189.000000 235.000000
180.000000 237.000000
172.000000 235.000000
159.000000 238.000000
144.000000 239.000000
154.000000 249.000000
164.000000 256.000000
175.000000 259.000000
186.000000 259.000000
197.000000 255.000000
207.000000 248.000000
