180.000000 66.000000
142.000000 76.000000
119.000000 91.000000
98.000000 117.000000
84.000000 144.000000
79.000000 175.000000
81.000000 210.000000
89.000000 242.000000
103.000000 272.000000
123.000000 296.000000
147.000000 314.000000
179.000000 323.000000
211.000000 313.000000
237.000000 293.000000
257.000000 268.000000
268.000000 238.000000
274.000000 208.000000
276.000000 174.000000
277.000000 146.000000
270.000000 114.000000
248.000000 92.000000
215.000000 73.000000
158.000000 152.000000
145.000000 147.000000
130.000000 144.000000
116.000000 144.000000
103.000000 149.000000
105.000000 157.000000
118.000000 154.000000
130.000000 155.000000
143.000000 157.000000
154.000000 161.000000
256.000000 150.000000
244.000000 144.000000
231.000000 144.000000
217.000000 146.000000
202.000000 152.000000
205.000000 160.000000
219.000000 157.000000
232.000000 155.000000
243.000000 154.000000
254.000000 157.000000
152.000000 184.000000
145.000000 174.000000
135.000000 170.000000
124.000000 171.000000
109.000000 179.000000
123.000000 184.000000
133.000000 187.000000
143.000000 186.000000
249.000000 180.000000
234.000000 171.000000
224.000000 170.000000
214.000000 174.000000
208.000000 184.000000
216.000000 186.000000
227.000000 187.000000
237.000000 184.000000
135.000000 178.000000
224.000000 178.000000
167.000000 180.000000
165.000000 196.000000
162.000000 210.000000
157.000000 223.000000
149.000000 234.000000
161.000000 247.000000
179.000000 252.000000
196.000000 246.000000
207.000000 237.000000
201.000000 224.000000
196.000000 211.000000
193.000000 197.000000
192.000000 179.000000
215.000000 265.000000
200.000000 263.000000
189.000000 262.000000
178.000000 265.000000
168.000000 262.000000
155.000000 262.000000
140.000000 264.000000
150.000000 274.000000
160.000000 280.000000
172.000000 283.000000
185.000000 283.000000
196.000000 280.000000
205.000000 274.000000
