203.000000 43.000000
150.000000 44.000000
120.000000 62.000000
102.000000 83.000000
88.000000 112.000000
81.000000 140.000000
80.000000 179.000000
82.000000 212.000000
94.000000 246.000000
112.000000 277.000000
139.000000 302.000000
176.000000 317.000000
211.000000 304.000000
236.000000 282.000000
257.000000 256.000000
268.000000 226.000000
277.000000 196.000000
282.000000 170.000000
282.000000 136.000000
282.000000 103.000000
270.000000 72.000000
247.000000 49.000000
175.000000 134.000000
161.000000 127.000000
147.000000 123.000000
131.000000 122.000000
116.000000 126.000000
119.000000 134.000000
132.000000 132.000000
146.000000 133.000000
159.000000 137.000000
172.000000 142.000000
272.000000 136.000000
258.000000 132.000000
246.000000 133.000000
232.000000 135.000000
220.000000 140.000000
222.000000 148.000000
234.000000 144.000000
247.000000 142.000000
259.000000 142.000000
270.000000 144.000000
169.000000 164.000000
161.000000 153.000000
150.000000 148.000000
138.000000 148.000000
128.000000 154.000000
134.000000 161.000000
146.000000 165.000000
158.000000 166.000000
259.000000 162.000000
249.000000 156.000000
238.000000 154.000000
228.000000 160.000000
223.000000 169.000000
230.000000 172.000000
242.000000 173.000000
252.000000 171.000000
147.000000 155.000000
239.000000 163.000000
184.000000 163.000000
183.000000 177.000000
176.000000 193.000000
169.000000 207.000000
166.000000 222.000000
178.000000 233.000000
194.000000 239.000000
208.000000 233.000000
220.000000 227.000000
216.000000 210.000000
212.000000 198.000000
210.000000 183.000000
209.000000 165.000000
222.000000 255.000000
207.000000 254.000000
195.000000 252.000000
185.000000 255.000000
173.000000 252.000000
160.000000 252.000000
144.000000 252.000000
155.000000 262.000000
165.000000 270.000000
176.000000 274.000000
189.000000 275.000000
202.000000 273.000000
211.000000 265.000000
