156.000000 0.000000
109.000000 0.000000
67.000000 0.000000
37.000000 18.000000
29.000000 65.000000
29.000000 108.000000
32.000000 159.000000
47.000000 200.000000
70.000000 241.000000
95.000000 272.000000
123.000000 298.000000
166.000000 320.000000
216.000000 306.000000
252.000000 268.000000
280.000000 234.000000
292.000000 192.000000
301.000000 144.000000
303.000000 94.000000
300.000000 48.000000
283.000000 7.000000
248.000000 0.000000
204.000000 0.000000
126.000000 58.000000
109.000000 47.000000
88.000000 45.000000
65.000000 45.000000
41.000000 48.000000
43.000000 61.000000
66.000000 57.000000
88.000000 61.000000
105.000000 62.000000
120.000000 67.000000
290.000000 54.000000
267.000000 43.000000
239.000000 44.000000
215.000000 43.000000
199.000000 57.000000
208.000000 66.000000
221.000000 57.000000
241.000000 58.000000
266.000000 56.000000
286.000000 62.000000
123.000000 114.000000
114.000000 100.000000
96.000000 91.000000
74.000000 94.000000
58.000000 105.000000
78.000000 116.000000
95.000000 120.000000
112.000000 119.000000
270.000000 105.000000
249.000000 91.000000
231.000000 91.000000
216.000000 99.000000
207.000000 112.000000
222.000000 118.000000
239.000000 119.000000
254.000000 115.000000
96.000000 105.000000
233.000000 105.000000
147.000000 110.000000
145.000000 136.000000
138.000000 156.000000
130.000000 177.000000
126.000000 200.000000
144.000000 216.000000
168.000000 226.000000
188.000000 216.000000
205.000000 198.000000
202.000000 174.000000
194.000000 157.000000
184.000000 134.000000
184.000000 109.000000
214.000000 249.000000
198.000000 247.000000
183.000000 243.000000
171.000000 250.000000
156.000000 245.000000
143.000000 252.000000
124.000000 255.000000
133.000000 265.000000
146.000000 274.000000
163.000000 282.000000
184.000000 280.000000
197.000000 271.000000
205.000000 261.000000
