169.000000 69.000000
135.000000 80.000000
110.000000 99.000000
88.000000 124.000000
83.000000 152.000000
80.000000 180.000000
84.000000 210.000000
92.000000 238.000000
103.000000 265.000000
120.000000 287.000000
142.000000 308.000000
173.000000 320.000000
207.000000 304.000000
230.000000 282.000000
244.000000 257.000000
254.000000 230.000000
261.000000 203.000000
264.000000 173.000000
258.000000 145.000000
251.000000 116.000000
230.000000 97.000000
207.000000 78.000000
145.000000 144.000000
131.000000 140.000000
119.000000 138.000000
106.000000 139.000000
96.000000 144.000000
98.000000 151.000000
108.000000 149.000000
120.000000 149.000000
131.000000 151.000000
144.000000 154.000000
240.000000 143.000000
229.000000 138.000000
217.000000 138.000000
205.000000 141.000000
193.000000 144.000000
195.000000 154.000000
207.000000 150.000000
218.000000 148.000000
229.000000 148.000000
239.000000 150.000000
147.000000 178.000000
139.000000 169.000000
128.000000 164.000000
117.000000 166.000000
109.000000 173.000000
116.000000 178.000000
127.000000 180.000000
138.000000 179.000000
228.000000 171.000000
220.000000 165.000000
209.000000 164.000000
200.000000 169.000000
193.000000 176.000000
203.000000 179.000000
213.000000 179.000000
222.000000 177.000000
128.000000 172.000000
211.000000 171.000000
158.000000 174.000000
155.000000 190.000000
152.000000 204.000000
147.000000 217.000000
145.000000 231.000000
156.000000 239.000000
170.000000 244.000000
184.000000 239.000000
195.000000 230.000000
193.000000 217.000000
188.000000 202.000000
184.000000 189.000000
182.000000 174.000000
203.000000 260.000000
190.000000 258.000000
179.000000 256.000000
171.000000 259.000000
162.000000 257.000000
151.000000 260.000000
138.000000 262.000000
147.000000 271.000000
156.000000 277.000000
167.000000 282.000000
178.000000 282.000000
188.000000 276.000000
196.000000 269.000000
