183.000000 78.000000
154.000000 82.000000
128.000000 95.000000
107.000000 116.000000
85.000000 144.000000
86.000000 171.000000
89.000000 200.000000
95.000000 230.000000
105.000000 257.000000
124.000000 278.000000
146.000000 297.000000
176.000000 307.000000
207.000000 297.000000
230.000000 276.000000
247.000000 257.000000
259.000000 234.000000
264.000000 203.000000
269.000000 172.000000
271.000000 145.000000
257.000000 117.000000
238.000000 97.000000
212.000000 84.000000
155.000000 153.000000
143.000000 148.000000
131.000000 144.000000
119.000000 143.000000
108.000000 146.000000
110.000000 152.000000
120.000000 150.000000
130.000000 153.000000
141.000000 157.000000
153.000000 161.000000
247.000000 150.000000
236.000000 147.000000
225.000000 148.000000
215.000000 151.000000
203.000000 156.000000
205.000000 162.000000
218.000000 158.000000
227.000000 156.000000
236.000000 154.000000
245.000000 155.000000
155.000000 180.000000
149.000000 170.000000
139.000000 165.000000
128.000000 166.000000
120.000000 172.000000
126.000000 178.000000
137.000000 181.000000
148.000000 181.000000
239.000000 174.000000
228.000000 168.000000
217.000000 166.000000
208.000000 171.000000
203.000000 181.000000
211.000000 182.000000
221.000000 183.000000
230.000000 180.000000
138.000000 172.000000
219.000000 174.000000
166.000000 176.000000
164.000000 191.000000
161.000000 204.000000
156.000000 217.000000
152.000000 229.000000
163.000000 239.000000
178.000000 245.000000
191.000000 240.000000
200.000000 229.000000
196.000000 217.000000
192.000000 205.000000
190.000000 192.000000
188.000000 177.000000
211.000000 253.000000
196.000000 253.000000
188.000000 254.000000
176.000000 255.000000
165.000000 253.000000
154.000000 254.000000
140.000000 251.000000
149.000000 264.000000
158.000000 269.000000
171.000000 274.000000
186.000000 274.000000
196.000000 269.000000
204.000000 264.000000
