207.000000 0.000000
166.000000 0.000000
128.000000 3.000000
97.000000 30.000000
76.000000 64.000000
66.000000 104.000000
63.000000 150.000000
65.000000 195.000000
78.000000 237.000000
107.000000 271.000000
143.000000 300.000000
184.000000 316.000000
226.000000 301.000000
254.000000 275.000000
279.000000 242.000000
296.000000 208.000000
307.000000 167.000000
315.000000 128.000000
318.000000 85.000000
317.000000 39.000000
290.000000 5.000000
246.000000 0.000000
174.000000 68.000000
154.000000 58.000000
134.000000 53.000000
114.000000 54.000000
97.000000 60.000000
99.000000 70.000000
115.000000 67.000000
133.000000 67.000000
151.000000 72.000000
168.000000 80.000000
306.000000 74.000000
290.000000 66.000000
272.000000 67.000000
257.000000 71.000000
239.000000 79.000000
244.000000 89.000000
259.000000 84.000000
274.000000 80.000000
288.000000 79.000000
302.000000 83.000000
170.000000 113.000000
159.000000 97.000000
146.000000 87.000000
128.000000 87.000000
111.000000 97.000000
127.000000 109.000000
141.000000 114.000000
155.000000 114.000000
290.000000 118.000000
276.000000 104.000000
261.000000 101.000000
247.000000 107.000000
235.000000 123.000000
250.000000 123.000000
263.000000 125.000000
277.000000 122.000000
142.000000 101.000000
262.000000 113.000000
191.000000 109.000000
186.000000 133.000000
176.000000 150.000000
166.000000 171.000000
165.000000 191.000000
176.000000 205.000000
196.000000 214.000000
217.000000 209.000000
233.000000 196.000000
229.000000 179.000000
224.000000 158.000000
221.000000 138.000000
220.000000 114.000000
246.000000 230.000000
223.000000 231.000000
205.000000 229.000000
192.000000 233.000000
179.000000 225.000000
159.000000 223.000000
131.000000 224.000000
146.000000 247.000000
161.000000 260.000000
180.000000 268.000000
197.000000 270.000000
215.000000 267.000000
230.000000 252.000000
