181.000000 8.000000
146.000000 14.000000
115.000000 30.000000
90.000000 55.000000
74.000000 86.000000
69.000000 121.000000
72.000000 158.000000
80.000000 194.000000
98.000000 226.000000
123.000000 253.000000
152.000000 274.000000
185.000000 280.000000
217.000000 268.000000
243.000000 245.000000
265.000000 219.000000
279.000000 188.000000
289.000000 155.000000
294.000000 120.000000
288.000000 85.000000
272.000000 54.000000
247.000000 29.000000
216.000000 13.000000
156.000000 84.000000
141.000000 78.000000
126.000000 74.000000
112.000000 72.000000
98.000000 76.000000
99.000000 84.000000
112.000000 83.000000
125.000000 85.000000
139.000000 88.000000
153.000000 93.000000
271.000000 81.000000
257.000000 77.000000
243.000000 79.000000
230.000000 83.000000
216.000000 86.000000
218.000000 94.000000
232.000000 92.000000
245.000000 89.000000
256.000000 88.000000
269.000000 89.000000
156.000000 120.000000
147.000000 109.000000
134.000000 104.000000
120.000000 105.000000
110.000000 112.000000
120.000000 120.000000
131.000000 123.000000
143.000000 123.000000
259.000000 113.000000
249.000000 105.000000
236.000000 104.000000
225.000000 109.000000
218.000000 119.000000
228.000000 123.000000
241.000000 125.000000
253.000000 121.000000
133.000000 112.000000
238.000000 114.000000
171.000000 115.000000
168.000000 133.000000
164.000000 150.000000
157.000000 167.000000
152.000000 184.000000
167.000000 195.000000
186.000000 200.000000
205.000000 195.000000
219.000000 184.000000
214.000000 167.000000
208.000000 150.000000
205.000000 134.000000
202.000000 116.000000
221.000000 221.000000
208.000000 218.000000
196.000000 215.000000
187.000000 219.000000
172.000000 216.000000
160.000000 219.000000
145.000000 220.000000
156.000000 230.000000
166.000000 236.000000
179.000000 240.000000
192.000000 240.000000
203.000000 236.000000
212.000000 229.000000
