191.000000 12.000000
142.000000 17.000000
109.000000 35.000000
98.000000 60.000000
82.000000 87.000000
79.000000 120.000000
80.000000 155.000000
85.000000 189.000000
97.000000 222.000000
119.000000 251.000000
146.000000 274.000000
181.000000 288.000000
211.000000 276.000000
236.000000 248.000000
255.000000 224.000000
267.000000 194.000000
275.000000 165.000000
280.000000 133.000000
282.000000 100.000000
282.000000 64.000000
264.000000 33.000000
233.000000 16.000000
170.000000 93.000000
156.000000 87.000000
142.000000 83.000000
128.000000 81.000000
113.000000 85.000000
113.000000 93.000000
127.000000 92.000000
140.000000 94.000000
153.000000 97.000000
165.000000 102.000000
274.000000 95.000000
261.000000 91.000000
246.000000 92.000000
233.000000 94.000000
220.000000 99.000000
222.000000 107.000000
235.000000 105.000000
247.000000 102.000000
260.000000 101.000000
271.000000 102.000000
167.000000 131.000000
160.000000 119.000000
148.000000 114.000000
136.000000 113.000000
123.000000 122.000000
132.000000 128.000000
144.000000 132.000000
157.000000 132.000000
261.000000 125.000000
250.000000 119.000000
239.000000 118.000000
227.000000 121.000000
219.000000 131.000000
229.000000 135.000000
242.000000 137.000000
253.000000 133.000000
145.000000 122.000000
238.000000 127.000000
181.000000 128.000000
178.000000 145.000000
173.000000 162.000000
166.000000 177.000000
159.000000 194.000000
178.000000 208.000000
194.000000 215.000000
209.000000 209.000000
221.000000 195.000000
217.000000 177.000000
210.000000 163.000000
208.000000 147.000000
207.000000 129.000000
219.000000 228.000000
207.000000 229.000000
200.000000 229.000000
192.000000 232.000000
178.000000 230.000000
162.000000 227.000000
146.000000 223.000000
153.000000 235.000000
162.000000 246.000000
176.000000 253.000000
189.000000 254.000000
201.000000 250.000000
211.000000 242.000000
