160.000000 57.000000
118.000000 70.000000
94.000000 98.000000
79.000000 125.000000
71.000000 157.000000
69.000000 190.000000
79.000000 222.000000
92.000000 252.000000
108.000000 278.000000
126.000000 302.000000
147.000000 322.000000
180.000000 334.000000
215.000000 321.000000
239.000000 297.000000
258.000000 269.000000
276.000000 237.000000
278.000000 200.000000
277.000000 167.000000
272.000000 136.000000
257.000000 107.000000
237.000000 82.000000
208.000000 67.000000
136.000000 152.000000
123.000000 147.000000
109.000000 144.000000
94.000000 143.000000
81.000000 147.000000
83.000000 154.000000
95.000000 152.000000
109.000000 153.000000
123.000000 156.000000
134.000000 160.000000
243.000000 136.000000
232.000000 132.000000
217.000000 132.000000
203.000000 137.000000
190.000000 143.000000
193.000000 151.000000
206.000000 146.000000
219.000000 141.000000
232.000000 140.000000
241.000000 141.000000
137.000000 186.000000
130.000000 175.000000
117.000000 170.000000
105.000000 173.000000
93.000000 180.000000
105.000000 187.000000
117.000000 189.000000
129.000000 188.000000
235.000000 170.000000
222.000000 162.000000
210.000000 161.000000
200.000000 168.000000
191.000000 184.000000
203.000000 181.000000
215.000000 181.000000
225.000000 176.000000
118.000000 179.000000
210.000000 171.000000
148.000000 179.000000
148.000000 197.000000
147.000000 213.000000
143.000000 229.000000
142.000000 243.000000
154.000000 250.000000
169.000000 254.000000
187.000000 246.000000
200.000000 235.000000
193.000000 221.000000
187.000000 209.000000
181.000000 190.000000
178.000000 176.000000
222.000000 258.000000
199.000000 264.000000
182.000000 264.000000
172.000000 268.000000
162.000000 266.000000
147.000000 269.000000
132.000000 267.000000
147.000000 284.000000
156.000000 293.000000
169.000000 298.000000
182.000000 296.000000
195.000000 289.000000
204.000000 280.000000
