173.000000 36.000000
136.000000 40.000000
102.000000 50.000000
76.000000 78.000000
60.000000 115.000000
59.000000 149.000000
62.000000 184.000000
67.000000 219.000000
77.000000 254.000000
95.000000 285.000000
118.000000 313.000000
161.000000 331.000000
202.000000 318.000000
234.000000 291.000000
259.000000 261.000000
271.000000 228.000000
276.000000 190.000000
280.000000 155.000000
275.000000 121.000000
260.000000 89.000000
237.000000 64.000000
210.000000 46.000000
134.000000 117.000000
119.000000 111.000000
104.000000 106.000000
89.000000 105.000000
76.000000 111.000000
78.000000 120.000000
90.000000 117.000000
104.000000 119.000000
118.000000 123.000000
132.000000 128.000000
249.000000 117.000000
236.000000 110.000000
221.000000 110.000000
200.000000 114.000000
185.000000 121.000000
191.000000 129.000000
207.000000 125.000000
223.000000 122.000000
235.000000 121.000000
247.000000 124.000000
130.000000 153.000000
122.000000 141.000000
110.000000 135.000000
98.000000 136.000000
82.000000 148.000000
96.000000 151.000000
107.000000 154.000000
118.000000 154.000000
240.000000 151.000000
226.000000 140.000000
214.000000 137.000000
201.000000 141.000000
189.000000 152.000000
203.000000 155.000000
216.000000 156.000000
228.000000 153.000000
109.000000 144.000000
214.000000 146.000000
142.000000 149.000000
139.000000 167.000000
135.000000 184.000000
129.000000 201.000000
125.000000 218.000000
140.000000 226.000000
158.000000 232.000000
174.000000 226.000000
192.000000 217.000000
188.000000 202.000000
184.000000 187.000000
178.000000 167.000000
176.000000 149.000000
203.000000 258.000000
187.000000 255.000000
172.000000 252.000000
159.000000 255.000000
146.000000 252.000000
133.000000 255.000000
120.000000 257.000000
129.000000 269.000000
140.000000 276.000000
153.000000 281.000000
167.000000 281.000000
179.000000 276.000000
192.000000 269.000000
