189.000000 38.000000
152.000000 39.000000
118.000000 51.000000
89.000000 73.000000
68.000000 103.000000
57.000000 138.000000
58.000000 176.000000
62.000000 216.000000
72.000000 251.000000
95.000000 281.000000
122.000000 308.000000
157.000000 328.000000
196.000000 315.000000
223.000000 294.000000
248.000000 270.000000
265.000000 241.000000
277.000000 205.000000
288.000000 169.000000
287.000000 133.000000
275.000000 98.000000
253.000000 69.000000
224.000000 49.000000
150.000000 129.000000
136.000000 121.000000
119.000000 114.000000
103.000000 108.000000
88.000000 110.000000
88.000000 117.000000
102.000000 116.000000
117.000000 122.000000
133.000000 131.000000
148.000000 139.000000
270.000000 134.000000
256.000000 127.000000
239.000000 127.000000
222.000000 131.000000
205.000000 136.000000
207.000000 145.000000
224.000000 141.000000
240.000000 137.000000
255.000000 136.000000
267.000000 139.000000
142.000000 160.000000
137.000000 148.000000
124.000000 139.000000
109.000000 140.000000
94.000000 145.000000
106.000000 157.000000
119.000000 162.000000
131.000000 163.000000
257.000000 164.000000
240.000000 157.000000
227.000000 153.000000
215.000000 158.000000
205.000000 169.000000
216.000000 173.000000
228.000000 176.000000
241.000000 174.000000
122.000000 150.000000
225.000000 164.000000
158.000000 160.000000
155.000000 176.000000
150.000000 192.000000
144.000000 209.000000
141.000000 225.000000
150.000000 234.000000
165.000000 243.000000
184.000000 239.000000
197.000000 231.000000
195.000000 216.000000
192.000000 199.000000
191.000000 180.000000
190.000000 163.000000
205.000000 265.000000
187.000000 263.000000
175.000000 259.000000
163.000000 262.000000
151.000000 257.000000
137.000000 257.000000
121.000000 255.000000
131.000000 270.000000
141.000000 279.000000
155.000000 286.000000
167.000000 287.000000
180.000000 284.000000
193.000000 277.000000
