163.000000 68.000000
136.000000 84.000000
110.000000 100.000000
90.000000 122.000000
79.000000 153.000000
73.000000 182.000000
73.000000 213.000000
77.000000 243.000000
87.000000 271.000000
106.000000 295.000000
129.000000 316.000000
161.000000 329.000000
195.000000 318.000000
217.000000 297.000000
238.000000 274.000000
250.000000 248.000000
256.000000 219.000000
258.000000 190.000000
258.000000 158.000000
255.000000 125.000000
236.000000 92.000000
201.000000 71.000000
147.000000 151.000000
134.000000 146.000000
121.000000 143.000000
109.000000 143.000000
98.000000 149.000000
101.000000 155.000000
110.000000 153.000000
121.000000 153.000000
134.000000 156.000000
146.000000 159.000000
238.000000 154.000000
228.000000 147.000000
217.000000 146.000000
204.000000 148.000000
192.000000 152.000000
194.000000 161.000000
206.000000 157.000000
217.000000 155.000000
227.000000 156.000000
235.000000 160.000000
144.000000 185.000000
138.000000 176.000000
129.000000 171.000000
119.000000 173.000000
110.000000 178.000000
117.000000 184.000000
126.000000 187.000000
136.000000 187.000000
226.000000 183.000000
219.000000 177.000000
209.000000 175.000000
200.000000 178.000000
192.000000 185.000000
201.000000 188.000000
210.000000 190.000000
219.000000 188.000000
127.000000 178.000000
208.000000 182.000000
156.000000 180.000000
153.000000 194.000000
149.000000 208.000000
143.000000 219.000000
138.000000 231.000000
151.000000 239.000000
166.000000 244.000000
183.000000 240.000000
195.000000 233.000000
191.000000 222.000000
185.000000 211.000000
182.000000 194.000000
181.000000 181.000000
200.000000 266.000000
187.000000 260.000000
176.000000 256.000000
166.000000 259.000000
155.000000 255.000000
143.000000 258.000000
130.000000 262.000000
137.000000 274.000000
146.000000 282.000000
158.000000 287.000000
170.000000 288.000000
182.000000 283.000000
192.000000 276.000000
