177.000000 55.000000
145.000000 55.000000
118.000000 70.000000
101.000000 92.000000
88.000000 118.000000
83.000000 147.000000
86.000000 177.000000
92.000000 207.000000
99.000000 237.000000
116.000000 260.000000
139.000000 279.000000
173.000000 291.000000
206.000000 281.000000
232.000000 264.000000
253.000000 239.000000
260.000000 210.000000
265.000000 180.000000
268.000000 150.000000
264.000000 121.000000
251.000000 95.000000
231.000000 74.000000
205.000000 60.000000
151.000000 116.000000
138.000000 112.000000
126.000000 109.000000
114.000000 110.000000
104.000000 115.000000
105.000000 121.000000
115.000000 118.000000
126.000000 118.000000
137.000000 121.000000
149.000000 124.000000
247.000000 115.000000
236.000000 109.000000
223.000000 108.000000
210.000000 110.000000
197.000000 115.000000
198.000000 123.000000
212.000000 119.000000
224.000000 116.000000
235.000000 116.000000
244.000000 120.000000
149.000000 145.000000
142.000000 137.000000
132.000000 132.000000
118.000000 135.000000
109.000000 145.000000
120.000000 146.000000
131.000000 149.000000
141.000000 148.000000
235.000000 147.000000
228.000000 136.000000
214.000000 134.000000
205.000000 138.000000
197.000000 146.000000
206.000000 148.000000
216.000000 149.000000
226.000000 147.000000
132.000000 140.000000
216.000000 141.000000
161.000000 142.000000
159.000000 156.000000
156.000000 169.000000
151.000000 181.000000
148.000000 193.000000
159.000000 200.000000
171.000000 202.000000
184.000000 200.000000
197.000000 193.000000
194.000000 182.000000
190.000000 170.000000
186.000000 155.000000
185.000000 142.000000
202.000000 231.000000
191.000000 224.000000
181.000000 219.000000
172.000000 223.000000
163.000000 219.000000
153.000000 224.000000
143.000000 232.000000
150.000000 240.000000
158.000000 246.000000
167.000000 249.000000
178.000000 249.000000
187.000000 245.000000
195.000000 239.000000
