177.000000 46.000000
135.000000 58.000000
104.000000 83.000000
85.000000 115.000000
80.000000 144.000000
74.000000 175.000000
77.000000 209.000000
82.000000 241.000000
93.000000 272.000000
111.000000 297.000000
132.000000 320.000000
166.000000 336.000000
203.000000 325.000000
232.000000 306.000000
256.000000 279.000000
265.000000 247.000000
282.000000 214.000000
285.000000 180.000000
285.000000 152.000000
272.000000 126.000000
259.000000 97.000000
231.000000 66.000000
146.000000 149.000000
131.000000 144.000000
117.000000 141.000000
104.000000 140.000000
92.000000 145.000000
93.000000 154.000000
105.000000 152.000000
118.000000 153.000000
130.000000 154.000000
144.000000 158.000000
248.000000 150.000000
234.000000 146.000000
220.000000 146.000000
206.000000 148.000000
192.000000 152.000000
194.000000 161.000000
208.000000 158.000000
221.000000 157.000000
234.000000 156.000000
246.000000 158.000000
145.000000 178.000000
137.000000 168.000000
126.000000 164.000000
115.000000 164.000000
108.000000 170.000000
113.000000 176.000000
123.000000 179.000000
134.000000 179.000000
236.000000 176.000000
227.000000 169.000000
216.000000 167.000000
204.000000 170.000000
196.000000 179.000000
206.000000 182.000000
218.000000 183.000000
228.000000 181.000000
125.000000 170.000000
216.000000 175.000000
158.000000 177.000000
153.000000 192.000000
148.000000 206.000000
142.000000 220.000000
138.000000 234.000000
149.000000 244.000000
164.000000 250.000000
181.000000 245.000000
195.000000 235.000000
192.000000 222.000000
188.000000 208.000000
184.000000 193.000000
182.000000 178.000000
208.000000 265.000000
192.000000 263.000000
177.000000 261.000000
165.000000 263.000000
153.000000 260.000000
140.000000 262.000000
126.000000 262.000000
135.000000 276.000000
144.000000 287.000000
158.000000 293.000000
173.000000 294.000000
188.000000 287.000000
199.000000 279.000000
