158.000000 35.000000
124.000000 41.000000
100.000000 62.000000
84.000000 86.000000
81.000000 113.000000
78.000000 141.000000
82.000000 170.000000
89.000000 198.000000
98.000000 226.000000
114.000000 247.000000
138.000000 261.000000
174.000000 267.000000
205.000000 259.000000
232.000000 241.000000
252.000000 216.000000
256.000000 188.000000
256.000000 159.000000
255.000000 130.000000
256.000000 101.000000
242.000000 73.000000
216.000000 52.000000
188.000000 40.000000
138.000000 111.000000
125.000000 108.000000
113.000000 107.000000
102.000000 108.000000
92.000000 115.000000
94.000000 120.000000
104.000000 116.000000
114.000000 115.000000
125.000000 116.000000
136.000000 118.000000
229.000000 105.000000
220.000000 100.000000
207.000000 98.000000
195.000000 100.000000
183.000000 105.000000
184.000000 113.000000
197.000000 109.000000
209.000000 106.000000
219.000000 106.000000
228.000000 109.000000
136.000000 139.000000
131.000000 133.000000
122.000000 131.000000
114.000000 133.000000
107.000000 139.000000
113.000000 143.000000
122.000000 144.000000
131.000000 143.000000
216.000000 129.000000
208.000000 125.000000
199.000000 125.000000
191.000000 128.000000
185.000000 135.000000
193.000000 137.000000
203.000000 138.000000
212.000000 134.000000
124.000000 137.000000
201.000000 131.000000
147.000000 134.000000
145.000000 147.000000
143.000000 160.000000
139.000000 173.000000
137.000000 187.000000
149.000000 192.000000
164.000000 194.000000
177.000000 189.000000
189.000000 182.000000
186.000000 170.000000
180.000000 158.000000
176.000000 145.000000
173.000000 132.000000
196.000000 213.000000
184.000000 210.000000
174.000000 206.000000
165.000000 209.000000
158.000000 207.000000
149.000000 212.000000
138.000000 217.000000
145.000000 224.000000
153.000000 228.000000
163.000000 231.000000
174.000000 230.000000
182.000000 226.000000
190.000000 220.000000
