172.000000 40.000000
139.000000 52.000000
117.000000 70.000000
102.000000 95.000000
90.000000 120.000000
86.000000 148.000000
88.000000 177.000000
91.000000 207.000000
100.000000 236.000000
119.000000 260.000000
144.000000 279.000000
178.000000 287.000000
209.000000 276.000000
234.000000 256.000000
250.000000 232.000000
257.000000 204.000000
261.000000 176.000000
264.000000 145.000000
260.000000 118.000000
247.000000 93.000000
228.000000 72.000000
207.000000 53.000000
161.000000 111.000000
147.000000 107.000000
135.000000 105.000000
123.000000 106.000000
111.000000 111.000000
112.000000 116.000000
123.000000 114.000000
135.000000 114.000000
147.000000 116.000000
159.000000 119.000000
249.000000 113.000000
240.000000 108.000000
228.000000 107.000000
216.000000 109.000000
204.000000 112.000000
205.000000 120.000000
218.000000 117.000000
229.000000 115.000000
240.000000 115.000000
247.000000 118.000000
158.000000 143.000000
150.000000 134.000000
140.000000 130.000000
129.000000 131.000000
121.000000 137.000000
128.000000 143.000000
138.000000 145.000000
148.000000 144.000000
238.000000 139.000000
229.000000 133.000000
219.000000 132.000000
210.000000 136.000000
203.000000 143.000000
212.000000 146.000000
223.000000 146.000000
232.000000 144.000000
137.000000 137.000000
220.000000 139.000000
168.000000 140.000000
165.000000 154.000000
161.000000 168.000000
154.000000 182.000000
152.000000 197.000000
166.000000 202.000000
181.000000 207.000000
194.000000 201.000000
209.000000 195.000000
206.000000 183.000000
201.000000 169.000000
197.000000 154.000000
194.000000 140.000000
217.000000 224.000000
204.000000 221.000000
189.000000 219.000000
180.000000 221.000000
170.000000 219.000000
155.000000 222.000000
139.000000 223.000000
150.000000 236.000000
161.000000 246.000000
173.000000 251.000000
186.000000 252.000000
196.000000 246.000000
205.000000 238.000000
