192.000000 49.000000
153.000000 57.000000
116.000000 79.000000
100.000000 107.000000
93.000000 138.000000
89.000000 170.000000
94.000000 205.000000
104.000000 240.000000
117.000000 273.000000
138.000000 300.000000
163.000000 322.000000
198.000000 332.000000
231.000000 318.000000
255.000000 293.000000
274.000000 264.000000
285.000000 234.000000
293.000000 200.000000
297.000000 165.000000
291.000000 133.000000
286.000000 103.000000
265.000000 77.000000
240.000000 59.000000
168.000000 145.000000
153.000000 140.000000
138.000000 136.000000
123.000000 135.000000
111.000000 141.000000
114.000000 147.000000
125.000000 144.000000
138.000000 145.000000
152.000000 149.000000
166.000000 153.000000
277.000000 136.000000
265.000000 131.000000
251.000000 132.000000
237.000000 135.000000
223.000000 141.000000
226.000000 149.000000
240.000000 144.000000
253.000000 139.000000
264.000000 138.000000
274.000000 141.000000
169.000000 174.000000
160.000000 164.000000
149.000000 160.000000
137.000000 162.000000
129.000000 169.000000
137.000000 176.000000
148.000000 178.000000
158.000000 176.000000
262.000000 164.000000
254.000000 157.000000
242.000000 156.000000
232.000000 161.000000
225.000000 170.000000
235.000000 173.000000
246.000000 174.000000
257.000000 171.000000
147.000000 167.000000
244.000000 164.000000
183.000000 169.000000
182.000000 186.000000
180.000000 202.000000
176.000000 217.000000
171.000000 232.000000
183.000000 241.000000
198.000000 245.000000
213.000000 240.000000
224.000000 231.000000
220.000000 217.000000
215.000000 202.000000
212.000000 186.000000
211.000000 168.000000
231.000000 270.000000
219.000000 265.000000
209.000000 261.000000
200.000000 266.000000
188.000000 262.000000
176.000000 267.000000
163.000000 274.000000
172.000000 284.000000
182.000000 290.000000
193.000000 293.000000
205.000000 293.000000
215.000000 288.000000
224.000000 280.000000
