180.000000 65.000000
146.000000 72.000000
119.000000 89.000000
104.000000 117.000000
89.000000 144.000000
84.000000 174.000000
86.000000 206.000000
92.000000 236.000000
102.000000 265.000000
119.000000 290.000000
141.000000 312.000000
174.000000 325.000000
211.000000 316.000000
239.000000 297.000000
258.000000 272.000000
269.000000 243.000000
275.000000 213.000000
279.000000 180.000000
275.000000 149.000000
262.000000 122.000000
247.000000 98.000000
223.000000 77.000000
156.000000 145.000000
143.000000 139.000000
129.000000 135.000000
114.000000 134.000000
102.000000 142.000000
104.000000 149.000000
116.000000 145.000000
129.000000 147.000000
142.000000 150.000000
154.000000 154.000000
258.000000 148.000000
245.000000 140.000000
230.000000 138.000000
215.000000 140.000000
199.000000 145.000000
202.000000 155.000000
217.000000 152.000000
231.000000 150.000000
244.000000 150.000000
255.000000 155.000000
152.000000 176.000000
145.000000 166.000000
135.000000 161.000000
123.000000 162.000000
115.000000 168.000000
122.000000 175.000000
131.000000 177.000000
140.000000 177.000000
242.000000 174.000000
234.000000 167.000000
223.000000 164.000000
212.000000 167.000000
203.000000 176.000000
212.000000 179.000000
224.000000 180.000000
235.000000 179.000000
134.000000 169.000000
222.000000 172.000000
164.000000 173.000000
162.000000 189.000000
159.000000 202.000000
155.000000 215.000000
149.000000 229.000000
160.000000 238.000000
174.000000 243.000000
190.000000 238.000000
202.000000 229.000000
196.000000 216.000000
192.000000 202.000000
190.000000 190.000000
189.000000 173.000000
213.000000 262.000000
197.000000 258.000000
185.000000 255.000000
174.000000 258.000000
164.000000 255.000000
151.000000 258.000000
137.000000 260.000000
146.000000 272.000000
156.000000 279.000000
168.000000 283.000000
180.000000 283.000000
193.000000 280.000000
204.000000 273.000000
