179.000000 47.000000
140.000000 65.000000
113.000000 86.000000
90.000000 110.000000
75.000000 139.000000
70.000000 172.000000
75.000000 207.000000
84.000000 241.000000
101.000000 270.000000
118.000000 295.000000
139.000000 321.000000
169.000000 337.000000
202.000000 328.000000
232.000000 307.000000
257.000000 277.000000
275.000000 241.000000
286.000000 204.000000
287.000000 172.000000
277.000000 139.000000
262.000000 109.000000
248.000000 81.000000
219.000000 61.000000
138.000000 137.000000
124.000000 131.000000
109.000000 127.000000
95.000000 128.000000
83.000000 133.000000
87.000000 140.000000
97.000000 137.000000
109.000000 139.000000
123.000000 142.000000
135.000000 146.000000
252.000000 135.000000
240.000000 130.000000
226.000000 129.000000
212.000000 131.000000
196.000000 134.000000
197.000000 144.000000
213.000000 142.000000
227.000000 140.000000
239.000000 140.000000
249.000000 140.000000
140.000000 173.000000
134.000000 162.000000
123.000000 157.000000
111.000000 159.000000
101.000000 165.000000
110.000000 173.000000
119.000000 177.000000
128.000000 176.000000
237.000000 168.000000
229.000000 160.000000
217.000000 158.000000
205.000000 163.000000
197.000000 172.000000
207.000000 176.000000
220.000000 179.000000
231.000000 175.000000
123.000000 166.000000
216.000000 168.000000
151.000000 169.000000
149.000000 188.000000
146.000000 205.000000
142.000000 221.000000
136.000000 236.000000
148.000000 245.000000
165.000000 251.000000
183.000000 245.000000
196.000000 236.000000
190.000000 220.000000
186.000000 206.000000
183.000000 187.000000
181.000000 170.000000
212.000000 265.000000
195.000000 265.000000
180.000000 264.000000
168.000000 267.000000
158.000000 264.000000
144.000000 267.000000
130.000000 269.000000
140.000000 280.000000
149.000000 286.000000
163.000000 290.000000
176.000000 289.000000
188.000000 284.000000
200.000000 277.000000
