170.000000 63.000000
136.000000 72.000000
109.000000 88.000000
88.000000 119.000000
78.000000 149.000000
75.000000 180.000000
80.000000 212.000000
89.000000 245.000000
102.000000 276.000000
125.000000 303.000000
150.000000 325.000000
186.000000 337.000000
222.000000 324.000000
248.000000 298.000000
267.000000 268.000000
275.000000 235.000000
276.000000 202.000000
281.000000 170.000000
279.000000 133.000000
261.000000 102.000000
230.000000 90.000000
201.000000 78.000000
153.000000 149.000000
139.000000 144.000000
124.000000 140.000000
110.000000 139.000000
98.000000 145.000000
100.000000 152.000000
112.000000 149.000000
124.000000 151.000000
138.000000 153.000000
150.000000 157.000000
252.000000 135.000000
239.000000 130.000000
225.000000 132.000000
213.000000 137.000000
199.000000 144.000000
202.000000 152.000000
215.000000 147.000000
227.000000 142.000000
239.000000 139.000000
250.000000 141.000000
151.000000 181.000000
144.000000 171.000000
133.000000 167.000000
122.000000 170.000000
115.000000 176.000000
123.000000 182.000000
132.000000 184.000000
141.000000 182.000000
239.000000 168.000000
231.000000 163.000000
220.000000 162.000000
210.000000 167.000000
203.000000 176.000000
213.000000 178.000000
223.000000 177.000000
233.000000 175.000000
133.000000 175.000000
221.000000 169.000000
164.000000 175.000000
163.000000 192.000000
161.000000 208.000000
157.000000 224.000000
153.000000 240.000000
165.000000 248.000000
180.000000 252.000000
196.000000 247.000000
208.000000 236.000000
203.000000 222.000000
197.000000 207.000000
192.000000 189.000000
190.000000 173.000000
219.000000 271.000000
204.000000 268.000000
191.000000 267.000000
181.000000 270.000000
171.000000 268.000000
160.000000 271.000000
147.000000 273.000000
157.000000 284.000000
166.000000 291.000000
177.000000 296.000000
189.000000 295.000000
201.000000 290.000000
210.000000 282.000000
