190.000000 58.000000
152.000000 70.000000
116.000000 92.000000
98.000000 110.000000
82.000000 145.000000
76.000000 177.000000
79.000000 208.000000
86.000000 244.000000
101.000000 273.000000
126.000000 297.000000
152.000000 322.000000
192.000000 328.000000
225.000000 314.000000
247.000000 289.000000
268.000000 264.000000
282.000000 234.000000
285.000000 207.000000
289.000000 176.000000
284.000000 145.000000
280.000000 109.000000
264.000000 78.000000
238.000000 68.000000
166.000000 147.000000
153.000000 142.000000
140.000000 140.000000
127.000000 141.000000
114.000000 145.000000
116.000000 151.000000
128.000000 150.000000
140.000000 150.000000
152.000000 152.000000
165.000000 155.000000
267.000000 143.000000
256.000000 140.000000
243.000000 140.000000
230.000000 143.000000
218.000000 147.000000
220.000000 154.000000
232.000000 151.000000
244.000000 149.000000
256.000000 148.000000
266.000000 150.000000
166.000000 180.000000
157.000000 170.000000
146.000000 164.000000
135.000000 166.000000
126.000000 172.000000
133.000000 179.000000
144.000000 182.000000
156.000000 181.000000
256.000000 171.000000
247.000000 164.000000
236.000000 164.000000
226.000000 168.000000
218.000000 177.000000
228.000000 180.000000
239.000000 180.000000
250.000000 178.000000
144.000000 172.000000
236.000000 172.000000
179.000000 176.000000
176.000000 192.000000
172.000000 207.000000
166.000000 221.000000
161.000000 235.000000
173.000000 245.000000
191.000000 250.000000
210.000000 244.000000
222.000000 233.000000
217.000000 221.000000
212.000000 206.000000
208.000000 192.000000
205.000000 176.000000
231.000000 257.000000
214.000000 259.000000
201.000000 257.000000
191.000000 260.000000
181.000000 258.000000
167.000000 261.000000
141.000000 257.000000
153.000000 276.000000
171.000000 286.000000
185.000000 291.000000
199.000000 291.000000
211.000000 285.000000
221.000000 273.000000
