174.000000 55.000000
135.000000 63.000000
114.000000 82.000000
101.000000 107.000000
91.000000 136.000000
92.000000 167.000000
93.000000 197.000000
101.000000 229.000000
112.000000 259.000000
130.000000 283.000000
151.000000 304.000000
184.000000 317.000000
215.000000 306.000000
245.000000 284.000000
268.000000 254.000000
277.000000 224.000000
288.000000 190.000000
290.000000 152.000000
281.000000 124.000000
273.000000 96.000000
251.000000 63.000000
211.000000 53.000000
152.000000 134.000000
139.000000 129.000000
126.000000 124.000000
114.000000 124.000000
103.000000 130.000000
105.000000 137.000000
116.000000 133.000000
126.000000 134.000000
139.000000 138.000000
150.000000 142.000000
255.000000 127.000000
244.000000 121.000000
230.000000 120.000000
218.000000 123.000000
205.000000 128.000000
206.000000 136.000000
219.000000 132.000000
232.000000 128.000000
243.000000 127.000000
252.000000 131.000000
155.000000 167.000000
148.000000 157.000000
138.000000 151.000000
127.000000 153.000000
118.000000 160.000000
124.000000 166.000000
135.000000 169.000000
146.000000 168.000000
242.000000 157.000000
234.000000 151.000000
222.000000 150.000000
211.000000 155.000000
203.000000 164.000000
214.000000 166.000000
226.000000 167.000000
236.000000 163.000000
137.000000 159.000000
224.000000 157.000000
165.000000 164.000000
163.000000 180.000000
160.000000 195.000000
155.000000 210.000000
152.000000 225.000000
162.000000 231.000000
178.000000 236.000000
194.000000 230.000000
205.000000 222.000000
201.000000 209.000000
197.000000 195.000000
193.000000 178.000000
191.000000 163.000000
216.000000 253.000000
202.000000 252.000000
190.000000 251.000000
180.000000 254.000000
171.000000 251.000000
159.000000 254.000000
148.000000 256.000000
155.000000 266.000000
164.000000 273.000000
176.000000 278.000000
188.000000 278.000000
198.000000 272.000000
208.000000 265.000000
