154.000000 70.000000
123.000000 78.000000
96.000000 95.000000
76.000000 119.000000
64.000000 149.000000
62.000000 181.000000
65.000000 215.000000
75.000000 246.000000
88.000000 278.000000
107.000000 304.000000
133.000000 325.000000
171.000000 335.000000
209.000000 319.000000
239.000000 294.000000
261.000000 267.000000
273.000000 228.000000
274.000000 195.000000
267.000000 158.000000
258.000000 131.000000
241.000000 104.000000
216.000000 84.000000
186.000000 72.000000
128.000000 146.000000
116.000000 143.000000
104.000000 141.000000
93.000000 140.000000
81.000000 142.000000
82.000000 148.000000
93.000000 149.000000
104.000000 149.000000
115.000000 151.000000
125.000000 155.000000
235.000000 132.000000
222.000000 129.000000
209.000000 129.000000
195.000000 132.000000
181.000000 137.000000
183.000000 147.000000
198.000000 142.000000
211.000000 138.000000
222.000000 137.000000
233.000000 138.000000
128.000000 180.000000
121.000000 169.000000
109.000000 164.000000
97.000000 167.000000
89.000000 175.000000
98.000000 182.000000
107.000000 185.000000
117.000000 184.000000
226.000000 164.000000
216.000000 156.000000
203.000000 156.000000
193.000000 162.000000
186.000000 174.000000
197.000000 177.000000
210.000000 177.000000
221.000000 172.000000
110.000000 173.000000
207.000000 165.000000
140.000000 174.000000
140.000000 193.000000
138.000000 210.000000
134.000000 226.000000
132.000000 243.000000
146.000000 251.000000
161.000000 254.000000
176.000000 249.000000
190.000000 237.000000
185.000000 222.000000
179.000000 206.000000
175.000000 190.000000
172.000000 172.000000
202.000000 273.000000
187.000000 269.000000
173.000000 266.000000
163.000000 270.000000
152.000000 267.000000
141.000000 272.000000
128.000000 277.000000
137.000000 286.000000
146.000000 293.000000
159.000000 298.000000
173.000000 297.000000
185.000000 291.000000
193.000000 284.000000
