152.000000 2.000000
113.000000 9.000000
78.000000 29.000000
65.000000 58.000000
63.000000 94.000000
62.000000 134.000000
68.000000 173.000000
82.000000 204.000000
102.000000 242.000000
118.000000 266.000000
133.000000 282.000000
156.000000 291.000000
196.000000 285.000000
216.000000 268.000000
242.000000 245.000000
263.000000 208.000000
276.000000 171.000000
286.000000 125.000000
278.000000 85.000000
258.000000 50.000000
229.000000 23.000000
192.000000 6.000000
119.000000 86.000000
102.000000 81.000000
85.000000 79.000000
69.000000 79.000000
53.000000 84.000000
55.000000 92.000000
70.000000 89.000000
85.000000 90.000000
101.000000 92.000000
115.000000 96.000000
246.000000 80.000000
231.000000 73.000000
213.000000 72.000000
196.000000 74.000000
179.000000 79.000000
182.000000 89.000000
198.000000 85.000000
214.000000 82.000000
230.000000 82.000000
243.000000 86.000000
118.000000 129.000000
110.000000 117.000000
96.000000 110.000000
82.000000 114.000000
72.000000 122.000000
81.000000 131.000000
95.000000 135.000000
108.000000 134.000000
231.000000 120.000000
220.000000 111.000000
205.000000 109.000000
192.000000 116.000000
182.000000 127.000000
196.000000 132.000000
209.000000 133.000000
222.000000 129.000000
97.000000 122.000000
208.000000 120.000000
132.000000 122.000000
130.000000 143.000000
126.000000 163.000000
121.000000 181.000000
117.000000 201.000000
132.000000 210.000000
149.000000 215.000000
167.000000 209.000000
183.000000 196.000000
178.000000 178.000000
171.000000 160.000000
166.000000 141.000000
163.000000 121.000000
189.000000 242.000000
177.000000 237.000000
162.000000 234.000000
152.000000 238.000000
141.000000 234.000000
123.000000 238.000000
114.000000 245.000000
129.000000 252.000000
137.000000 260.000000
149.000000 264.000000
163.000000 263.000000
175.000000 256.000000
185.000000 250.000000
