184.000000 29.000000
149.000000 33.000000
116.000000 48.000000
90.000000 72.000000
72.000000 103.000000
65.000000 138.000000
68.000000 176.000000
77.000000 213.000000
91.000000 247.000000
113.000000 276.000000
139.000000 302.000000
177.000000 319.000000
218.000000 304.000000
245.000000 279.000000
266.000000 252.000000
280.000000 220.000000
288.000000 183.000000
293.000000 148.000000
289.000000 112.000000
274.000000 80.000000
250.000000 54.000000
219.000000 36.000000
157.000000 117.000000
141.000000 110.000000
125.000000 105.000000
108.000000 103.000000
95.000000 109.000000
98.000000 117.000000
110.000000 113.000000
124.000000 115.000000
139.000000 120.000000
155.000000 126.000000
269.000000 115.000000
256.000000 108.000000
240.000000 108.000000
224.000000 112.000000
208.000000 118.000000
210.000000 126.000000
226.000000 121.000000
241.000000 118.000000
255.000000 117.000000
266.000000 120.000000
152.000000 150.000000
144.000000 139.000000
131.000000 133.000000
118.000000 135.000000
108.000000 142.000000
115.000000 148.000000
128.000000 151.000000
141.000000 151.000000
252.000000 145.000000
244.000000 138.000000
232.000000 136.000000
221.000000 140.000000
211.000000 148.000000
221.000000 152.000000
233.000000 153.000000
245.000000 151.000000
129.000000 141.000000
231.000000 144.000000
167.000000 145.000000
164.000000 161.000000
160.000000 177.000000
154.000000 193.000000
149.000000 209.000000
163.000000 218.000000
180.000000 222.000000
196.000000 218.000000
209.000000 210.000000
207.000000 195.000000
201.000000 180.000000
197.000000 160.000000
195.000000 145.000000
216.000000 248.000000
202.000000 241.000000
191.000000 237.000000
180.000000 241.000000
168.000000 237.000000
155.000000 241.000000
142.000000 247.000000
149.000000 259.000000
159.000000 267.000000
172.000000 271.000000
185.000000 271.000000
198.000000 266.000000
208.000000 259.000000
