191.000000 65.000000
153.000000 71.000000
125.000000 93.000000
108.000000 120.000000
92.000000 146.000000
93.000000 177.000000
95.000000 210.000000
102.000000 241.000000
113.000000 272.000000
133.000000 295.000000
158.000000 314.000000
191.000000 323.000000
223.000000 310.000000
246.000000 289.000000
262.000000 266.000000
271.000000 239.000000
279.000000 211.000000
283.000000 181.000000
279.000000 152.000000
271.000000 123.000000
259.000000 95.000000
231.000000 75.000000
170.000000 152.000000
158.000000 148.000000
146.000000 145.000000
134.000000 145.000000
122.000000 148.000000
123.000000 154.000000
134.000000 153.000000
145.000000 154.000000
157.000000 156.000000
168.000000 159.000000
264.000000 148.000000
253.000000 145.000000
241.000000 145.000000
230.000000 148.000000
218.000000 151.000000
220.000000 158.000000
231.000000 155.000000
243.000000 152.000000
253.000000 152.000000
262.000000 153.000000
170.000000 183.000000
163.000000 173.000000
153.000000 168.000000
142.000000 169.000000
133.000000 174.000000
140.000000 182.000000
149.000000 184.000000
159.000000 184.000000
253.000000 175.000000
245.000000 168.000000
235.000000 168.000000
225.000000 173.000000
218.000000 181.000000
228.000000 184.000000
239.000000 185.000000
248.000000 182.000000
149.000000 175.000000
235.000000 175.000000
184.000000 179.000000
181.000000 193.000000
176.000000 207.000000
171.000000 220.000000
167.000000 233.000000
177.000000 242.000000
198.000000 248.000000
214.000000 245.000000
226.000000 233.000000
224.000000 222.000000
216.000000 208.000000
215.000000 194.000000
207.000000 179.000000
227.000000 262.000000
214.000000 260.000000
202.000000 258.000000
193.000000 261.000000
183.000000 258.000000
170.000000 261.000000
156.000000 264.000000
164.000000 275.000000
173.000000 283.000000
186.000000 287.000000
199.000000 288.000000
211.000000 282.000000
220.000000 274.000000
