193.000000 69.000000
163.000000 73.000000
125.000000 81.000000
103.000000 105.000000
99.000000 131.000000
93.000000 160.000000
93.000000 194.000000
97.000000 226.000000
106.000000 258.000000
125.000000 285.000000
150.000000 307.000000
184.000000 320.000000
219.000000 307.000000
245.000000 287.000000
263.000000 258.000000
273.000000 230.000000
280.000000 199.000000
283.000000 169.000000
280.000000 140.000000
268.000000 112.000000
248.000000 90.000000
222.000000 75.000000
169.000000 133.000000
156.000000 127.000000
142.000000 124.000000
128.000000 125.000000
117.000000 132.000000
119.000000 137.000000
130.000000 132.000000
142.000000 132.000000
155.000000 136.000000
166.000000 140.000000
266.000000 138.000000
254.000000 133.000000
240.000000 131.000000
228.000000 133.000000
217.000000 138.000000
220.000000 145.000000
230.000000 141.000000
242.000000 139.000000
253.000000 140.000000
263.000000 143.000000
168.000000 166.000000
160.000000 155.000000
149.000000 150.000000
138.000000 153.000000
130.000000 159.000000
137.000000 165.000000
148.000000 166.000000
158.000000 166.000000
252.000000 165.000000
244.000000 158.000000
234.000000 157.000000
224.000000 161.000000
217.000000 168.000000
226.000000 170.000000
236.000000 172.000000
246.000000 170.000000
148.000000 158.000000
233.000000 164.000000
181.000000 165.000000
179.000000 180.000000
175.000000 195.000000
169.000000 208.000000
162.000000 222.000000
173.000000 232.000000
189.000000 237.000000
206.000000 233.000000
216.000000 224.000000
211.000000 210.000000
207.000000 197.000000
205.000000 181.000000
204.000000 166.000000
225.000000 255.000000
210.000000 251.000000
197.000000 248.000000
188.000000 250.000000
178.000000 247.000000
163.000000 250.000000
147.000000 250.000000
157.000000 264.000000
168.000000 272.000000
180.000000 276.000000
192.000000 276.000000
204.000000 272.000000
215.000000 265.000000
