170.000000 87.000000
134.000000 97.000000
111.000000 111.000000
90.000000 134.000000
75.000000 162.000000
76.000000 191.000000
79.000000 223.000000
86.000000 251.000000
99.000000 279.000000
119.000000 304.000000
143.000000 322.000000
174.000000 330.000000
204.000000 320.000000
231.000000 298.000000
250.000000 270.000000
261.000000 242.000000
270.000000 214.000000
267.000000 182.000000
263.000000 155.000000
250.000000 127.000000
231.000000 109.000000
208.000000 96.000000
150.000000 160.000000
138.000000 156.000000
126.000000 154.000000
113.000000 156.000000
101.000000 162.000000
103.000000 168.000000
115.000000 164.000000
126.000000 164.000000
138.000000 165.000000
148.000000 168.000000
242.000000 160.000000
232.000000 154.000000
219.000000 152.000000
206.000000 154.000000
194.000000 159.000000
197.000000 166.000000
208.000000 163.000000
219.000000 161.000000
231.000000 162.000000
240.000000 165.000000
149.000000 194.000000
142.000000 184.000000
132.000000 181.000000
122.000000 183.000000
114.000000 189.000000
122.000000 195.000000
131.000000 197.000000
140.000000 196.000000
229.000000 185.000000
220.000000 179.000000
210.000000 179.000000
201.000000 183.000000
196.000000 192.000000
204.000000 194.000000
215.000000 194.000000
224.000000 191.000000
131.000000 188.000000
211.000000 187.000000
161.000000 190.000000
160.000000 205.000000
158.000000 220.000000
153.000000 233.000000
147.000000 247.000000
158.000000 255.000000
174.000000 260.000000
192.000000 254.000000
201.000000 244.000000
194.000000 232.000000
189.000000 220.000000
185.000000 204.000000
184.000000 189.000000
208.000000 272.000000
194.000000 271.000000
183.000000 270.000000
174.000000 273.000000
164.000000 271.000000
152.000000 273.000000
138.000000 274.000000
148.000000 283.000000
157.000000 289.000000
169.000000 292.000000
180.000000 292.000000
190.000000 288.000000
199.000000 281.000000
