197.000000 0.000000
156.000000 0.000000
118.000000 5.000000
87.000000 33.000000
65.000000 69.000000
56.000000 109.000000
53.000000 156.000000
57.000000 199.000000
68.000000 243.000000
95.000000 281.000000
132.000000 310.000000
179.000000 326.000000
229.000000 312.000000
263.000000 286.000000
291.000000 250.000000
304.000000 208.000000
315.000000 167.000000
322.000000 126.000000
318.000000 85.000000
301.000000 46.000000
274.000000 15.000000
238.000000 0.000000
164.000000 76.000000
147.000000 69.000000
128.000000 66.000000
110.000000 68.000000
94.000000 77.000000
98.000000 85.000000
112.000000 80.000000
128.000000 80.000000
145.000000 83.000000
160.000000 89.000000
298.000000 86.000000
281.000000 76.000000
263.000000 76.000000
244.000000 79.000000
227.000000 85.000000
231.000000 96.000000
246.000000 92.000000
263.000000 89.000000
280.000000 89.000000
293.000000 94.000000
163.000000 125.000000
152.000000 112.000000
137.000000 105.000000
123.000000 107.000000
111.000000 115.000000
122.000000 123.000000
135.000000 126.000000
148.000000 126.000000
279.000000 124.000000
268.000000 114.000000
254.000000 112.000000
240.000000 116.000000
231.000000 127.000000
243.000000 131.000000
256.000000 133.000000
269.000000 130.000000
135.000000 115.000000
253.000000 123.000000
180.000000 121.000000
176.000000 142.000000
170.000000 163.000000
162.000000 180.000000
156.000000 198.000000
171.000000 208.000000
192.000000 214.000000
215.000000 211.000000
232.000000 199.000000
225.000000 181.000000
218.000000 164.000000
215.000000 144.000000
213.000000 122.000000
241.000000 240.000000
221.000000 235.000000
204.000000 232.000000
190.000000 234.000000
177.000000 231.000000
158.000000 233.000000
134.000000 233.000000
148.000000 249.000000
162.000000 258.000000
179.000000 263.000000
195.000000 265.000000
211.000000 261.000000
224.000000 253.000000
