180.000000 59.000000
141.000000 66.000000
115.000000 83.000000
97.000000 108.000000
82.000000 135.000000
76.000000 165.000000
75.000000 197.000000
78.000000 231.000000
87.000000 263.000000
108.000000 290.000000
134.000000 313.000000
169.000000 328.000000
208.000000 314.000000
232.000000 292.000000
252.000000 268.000000
264.000000 239.000000
271.000000 205.000000
273.000000 172.000000
269.000000 142.000000
260.000000 113.000000
246.000000 91.000000
222.000000 71.000000
151.000000 138.000000
137.000000 133.000000
124.000000 129.000000
110.000000 129.000000
98.000000 134.000000
100.000000 140.000000
111.000000 138.000000
124.000000 139.000000
137.000000 143.000000
149.000000 147.000000
252.000000 139.000000
240.000000 132.000000
227.000000 131.000000
213.000000 133.000000
201.000000 138.000000
203.000000 147.000000
216.000000 143.000000
228.000000 140.000000
240.000000 140.000000
249.000000 144.000000
149.000000 172.000000
142.000000 162.000000
131.000000 157.000000
120.000000 160.000000
112.000000 166.000000
119.000000 172.000000
129.000000 174.000000
140.000000 173.000000
238.000000 169.000000
229.000000 162.000000
218.000000 160.000000
208.000000 164.000000
200.000000 172.000000
209.000000 175.000000
220.000000 176.000000
231.000000 174.000000
131.000000 165.000000
218.000000 168.000000
160.000000 169.000000
157.000000 184.000000
153.000000 197.000000
147.000000 211.000000
142.000000 224.000000
155.000000 232.000000
173.000000 238.000000
190.000000 233.000000
203.000000 224.000000
199.000000 211.000000
193.000000 199.000000
190.000000 185.000000
187.000000 169.000000
211.000000 257.000000
196.000000 254.000000
183.000000 252.000000
172.000000 255.000000
162.000000 251.000000
149.000000 254.000000
133.000000 255.000000
141.000000 268.000000
151.000000 278.000000
165.000000 284.000000
178.000000 285.000000
192.000000 279.000000
203.000000 270.000000
