189.000000 35.000000
156.000000 42.000000
127.000000 74.000000
107.000000 101.000000
95.000000 129.000000
91.000000 159.000000
90.000000 193.000000
97.000000 224.000000
109.000000 253.000000
130.000000 279.000000
155.000000 301.000000
190.000000 312.000000
223.000000 298.000000
244.000000 274.000000
260.000000 248.000000
273.000000 220.000000
282.000000 190.000000
287.000000 160.000000
282.000000 129.000000
273.000000 97.000000
253.000000 67.000000
227.000000 38.000000
170.000000 125.000000
156.000000 120.000000
142.000000 118.000000
127.000000 119.000000
113.000000 125.000000
115.000000 131.000000
128.000000 128.000000
142.000000 128.000000
155.000000 131.000000
168.000000 135.000000
270.000000 122.000000
257.000000 117.000000
245.000000 117.000000
232.000000 120.000000
220.000000 125.000000
223.000000 133.000000
234.000000 129.000000
246.000000 127.000000
258.000000 126.000000
268.000000 129.000000
165.000000 163.000000
159.000000 152.000000
148.000000 146.000000
136.000000 149.000000
126.000000 156.000000
135.000000 163.000000
146.000000 166.000000
156.000000 165.000000
258.000000 156.000000
250.000000 148.000000
238.000000 146.000000
227.000000 151.000000
220.000000 162.000000
229.000000 165.000000
241.000000 166.000000
252.000000 162.000000
147.000000 156.000000
237.000000 156.000000
179.000000 158.000000
176.000000 175.000000
172.000000 191.000000
167.000000 205.000000
162.000000 220.000000
175.000000 229.000000
192.000000 234.000000
211.000000 230.000000
223.000000 220.000000
219.000000 205.000000
213.000000 190.000000
210.000000 175.000000
207.000000 158.000000
224.000000 252.000000
212.000000 251.000000
200.000000 249.000000
191.000000 252.000000
181.000000 249.000000
169.000000 252.000000
153.000000 251.000000
162.000000 262.000000
172.000000 269.000000
185.000000 273.000000
197.000000 273.000000
207.000000 269.000000
216.000000 262.000000
