182.000000 73.000000
149.000000 79.000000
128.000000 93.000000
111.000000 113.000000
106.000000 137.000000
101.000000 161.000000
103.000000 188.000000
108.000000 213.000000
118.000000 236.000000
132.000000 256.000000
150.000000 272.000000
175.000000 280.000000
201.000000 273.000000
221.000000 258.000000
237.000000 239.000000
248.000000 219.000000
255.000000 194.000000
259.000000 168.000000
257.000000 143.000000
246.000000 121.000000
233.000000 100.000000
211.000000 81.000000
158.000000 140.000000
148.000000 136.000000
137.000000 134.000000
126.000000 134.000000
116.000000 138.000000
118.000000 142.000000
127.000000 140.000000
137.000000 141.000000
146.000000 144.000000
156.000000 147.000000
239.000000 143.000000
230.000000 139.000000
220.000000 138.000000
209.000000 140.000000
199.000000 142.000000
201.000000 149.000000
211.000000 147.000000
220.000000 146.000000
229.000000 145.000000
238.000000 147.000000
155.000000 167.000000
151.000000 159.000000
142.000000 155.000000
133.000000 156.000000
126.000000 161.000000
133.000000 165.000000
141.000000 168.000000
148.000000 168.000000
228.000000 164.000000
222.000000 159.000000
213.000000 158.000000
206.000000 161.000000
200.000000 167.000000
207.000000 170.000000
215.000000 171.000000
223.000000 169.000000
142.000000 161.000000
213.000000 164.000000
165.000000 162.000000
164.000000 176.000000
162.000000 187.000000
159.000000 198.000000
155.000000 209.000000
164.000000 215.000000
175.000000 219.000000
187.000000 216.000000
196.000000 210.000000
193.000000 199.000000
190.000000 189.000000
188.000000 176.000000
188.000000 164.000000
201.000000 236.000000
190.000000 235.000000
182.000000 233.000000
175.000000 236.000000
168.000000 233.000000
160.000000 235.000000
150.000000 235.000000
157.000000 242.000000
164.000000 246.000000
171.000000 249.000000
179.000000 249.000000
187.000000 247.000000
194.000000 243.000000
