168.000000 40.000000
139.000000 53.000000
120.000000 70.000000
102.000000 97.000000
91.000000 122.000000
91.000000 158.000000
95.000000 185.000000
101.000000 220.000000
113.000000 247.000000
129.000000 273.000000
150.000000 295.000000
182.000000 308.000000
216.000000 294.000000
244.000000 269.000000
265.000000 240.000000
276.000000 210.000000
285.000000 178.000000
285.000000 143.000000
279.000000 110.000000
268.000000 77.000000
244.000000 50.000000
201.000000 39.000000
144.000000 125.000000
130.000000 121.000000
117.000000 118.000000
104.000000 118.000000
92.000000 124.000000
96.000000 134.000000
107.000000 130.000000
118.000000 130.000000
130.000000 131.000000
142.000000 134.000000
251.000000 116.000000
239.000000 110.000000
227.000000 110.000000
213.000000 113.000000
199.000000 118.000000
201.000000 127.000000
215.000000 123.000000
228.000000 120.000000
239.000000 120.000000
249.000000 123.000000
145.000000 156.000000
139.000000 147.000000
128.000000 143.000000
117.000000 145.000000
110.000000 152.000000
117.000000 158.000000
127.000000 161.000000
137.000000 160.000000
239.000000 146.000000
230.000000 139.000000
218.000000 138.000000
207.000000 142.000000
200.000000 152.000000
210.000000 155.000000
222.000000 155.000000
232.000000 152.000000
129.000000 150.000000
220.000000 146.000000
157.000000 152.000000
155.000000 169.000000
152.000000 184.000000
147.000000 199.000000
145.000000 214.000000
156.000000 222.000000
174.000000 227.000000
191.000000 220.000000
201.000000 210.000000
196.000000 196.000000
189.000000 183.000000
187.000000 165.000000
184.000000 150.000000
214.000000 241.000000
199.000000 240.000000
186.000000 240.000000
176.000000 245.000000
167.000000 242.000000
156.000000 245.000000
144.000000 245.000000
152.000000 255.000000
161.000000 262.000000
173.000000 266.000000
186.000000 265.000000
197.000000 259.000000
206.000000 252.000000
