180.000000 76.000000
154.000000 84.000000
128.000000 102.000000
111.000000 117.000000
101.000000 143.000000
97.000000 169.000000
98.000000 198.000000
104.000000 223.000000
115.000000 249.000000
131.000000 269.000000
153.000000 284.000000
181.000000 292.000000
210.000000 282.000000
231.000000 266.000000
246.000000 245.000000
256.000000 223.000000
263.000000 198.000000
264.000000 171.000000
260.000000 145.000000
253.000000 118.000000
235.000000 91.000000
209.000000 78.000000
164.000000 150.000000
153.000000 145.000000
142.000000 142.000000
131.000000 141.000000
120.000000 144.000000
121.000000 149.000000
131.000000 148.000000
141.000000 149.000000
152.000000 152.000000
161.000000 155.000000
245.000000 146.000000
234.000000 143.000000
224.000000 144.000000
213.000000 146.000000
203.000000 150.000000
206.000000 156.000000
216.000000 153.000000
225.000000 150.000000
234.000000 149.000000
243.000000 150.000000
160.000000 174.000000
154.000000 165.000000
144.000000 161.000000
135.000000 163.000000
128.000000 168.000000
134.000000 173.000000
143.000000 176.000000
152.000000 175.000000
235.000000 169.000000
228.000000 164.000000
219.000000 163.000000
211.000000 167.000000
205.000000 173.000000
212.000000 176.000000
221.000000 177.000000
230.000000 175.000000
144.000000 169.000000
220.000000 170.000000
172.000000 171.000000
170.000000 183.000000
167.000000 195.000000
163.000000 206.000000
159.000000 216.000000
168.000000 223.000000
181.000000 227.000000
195.000000 223.000000
203.000000 216.000000
199.000000 205.000000
195.000000 195.000000
193.000000 183.000000
192.000000 171.000000
210.000000 240.000000
198.000000 237.000000
189.000000 235.000000
181.000000 239.000000
172.000000 236.000000
161.000000 238.000000
150.000000 241.000000
158.000000 250.000000
166.000000 257.000000
175.000000 261.000000
186.000000 261.000000
195.000000 256.000000
203.000000 249.000000
