187.000000 62.000000
149.000000 69.000000
121.000000 89.000000
105.000000 111.000000
90.000000 138.000000
83.000000 169.000000
86.000000 204.000000
93.000000 237.000000
103.000000 268.000000
124.000000 293.000000
149.000000 315.000000
184.000000 329.000000
220.000000 318.000000
243.000000 297.000000
265.000000 270.000000
276.000000 242.000000
282.000000 210.000000
284.000000 178.000000
281.000000 146.000000
272.000000 118.000000
258.000000 91.000000
225.000000 70.000000
164.000000 144.000000
151.000000 139.000000
137.000000 136.000000
123.000000 135.000000
111.000000 141.000000
113.000000 149.000000
125.000000 146.000000
137.000000 147.000000
151.000000 150.000000
164.000000 154.000000
264.000000 141.000000
253.000000 136.000000
240.000000 136.000000
227.000000 138.000000
214.000000 144.000000
216.000000 153.000000
230.000000 149.000000
242.000000 146.000000
253.000000 145.000000
262.000000 148.000000
162.000000 174.000000
155.000000 164.000000
144.000000 160.000000
133.000000 162.000000
124.000000 168.000000
131.000000 174.000000
142.000000 177.000000
152.000000 176.000000
252.000000 169.000000
244.000000 163.000000
233.000000 161.000000
222.000000 164.000000
214.000000 174.000000
224.000000 176.000000
235.000000 177.000000
245.000000 175.000000
142.000000 167.000000
232.000000 168.000000
175.000000 170.000000
172.000000 184.000000
169.000000 199.000000
163.000000 212.000000
158.000000 225.000000
170.000000 234.000000
186.000000 238.000000
205.000000 234.000000
216.000000 225.000000
211.000000 213.000000
207.000000 201.000000
203.000000 185.000000
201.000000 169.000000
228.000000 257.000000
212.000000 253.000000
198.000000 251.000000
186.000000 254.000000
176.000000 251.000000
160.000000 254.000000
144.000000 257.000000
155.000000 270.000000
166.000000 279.000000
180.000000 284.000000
193.000000 285.000000
206.000000 280.000000
218.000000 271.000000
