192.000000 0.000000
153.000000 0.000000
115.000000 0.000000
68.000000 16.000000
57.000000 53.000000
49.000000 90.000000
49.000000 134.000000
52.000000 176.000000
66.000000 209.000000
88.000000 239.000000
108.000000 264.000000
140.000000 283.000000
188.000000 279.000000
226.000000 260.000000
253.000000 241.000000
276.000000 207.000000
290.000000 167.000000
298.000000 127.000000
298.000000 88.000000
294.000000 46.000000
277.000000 7.000000
229.000000 0.000000
141.000000 69.000000
124.000000 58.000000
109.000000 52.000000
90.000000 44.000000
72.000000 48.000000
81.000000 55.000000
92.000000 60.000000
106.000000 63.000000
122.000000 69.000000
135.000000 77.000000
275.000000 74.000000
257.000000 66.000000
239.000000 67.000000
221.000000 70.000000
203.000000 73.000000
204.000000 84.000000
222.000000 81.000000
239.000000 79.000000
253.000000 80.000000
267.000000 82.000000
131.000000 109.000000
124.000000 97.000000
111.000000 89.000000
96.000000 89.000000
84.000000 95.000000
92.000000 104.000000
105.000000 110.000000
118.000000 110.000000
247.000000 117.000000
238.000000 109.000000
225.000000 105.000000
212.000000 109.000000
202.000000 121.000000
213.000000 124.000000
225.000000 127.000000
239.000000 125.000000
112.000000 100.000000
224.000000 115.000000
149.000000 103.000000
144.000000 124.000000
138.000000 143.000000
129.000000 161.000000
120.000000 177.000000
133.000000 189.000000
153.000000 197.000000
174.000000 195.000000
194.000000 189.000000
187.000000 169.000000
184.000000 149.000000
184.000000 129.000000
185.000000 108.000000
205.000000 217.000000
185.000000 217.000000
167.000000 211.000000
152.000000 212.000000
139.000000 207.000000
124.000000 207.000000
100.000000 200.000000
116.000000 227.000000
127.000000 237.000000
140.000000 244.000000
155.000000 246.000000
170.000000 244.000000
183.000000 237.000000
