170.000000 2.000000
124.000000 9.000000
88.000000 31.000000
67.000000 58.000000
53.000000 92.000000
52.000000 126.000000
54.000000 166.000000
58.000000 199.000000
75.000000 231.000000
91.000000 258.000000
115.000000 290.000000
155.000000 317.000000
192.000000 307.000000
219.000000 288.000000
242.000000 264.000000
261.000000 230.000000
275.000000 195.000000
282.000000 160.000000
287.000000 124.000000
282.000000 64.000000
264.000000 30.000000
226.000000 4.000000
127.000000 91.000000
112.000000 88.000000
95.000000 88.000000
79.000000 87.000000
63.000000 93.000000
65.000000 103.000000
79.000000 100.000000
93.000000 102.000000
109.000000 103.000000
125.000000 106.000000
259.000000 96.000000
244.000000 92.000000
231.000000 91.000000
215.000000 95.000000
197.000000 102.000000
196.000000 116.000000
217.000000 111.000000
232.000000 110.000000
242.000000 111.000000
258.000000 110.000000
118.000000 139.000000
110.000000 126.000000
99.000000 119.000000
87.000000 119.000000
76.000000 126.000000
81.000000 134.000000
93.000000 139.000000
107.000000 140.000000
246.000000 148.000000
232.000000 136.000000
217.000000 130.000000
202.000000 133.000000
190.000000 151.000000
205.000000 157.000000
218.000000 160.000000
232.000000 158.000000
98.000000 129.000000
216.000000 145.000000
135.000000 162.000000
136.000000 177.000000
129.000000 192.000000
122.000000 204.000000
118.000000 215.000000
131.000000 227.000000
151.000000 232.000000
167.000000 230.000000
185.000000 219.000000
178.000000 202.000000
170.000000 189.000000
168.000000 173.000000
168.000000 162.000000
194.000000 267.000000
178.000000 261.000000
160.000000 256.000000
149.000000 260.000000
139.000000 255.000000
126.000000 260.000000
114.000000 264.000000
121.000000 272.000000
129.000000 278.000000
143.000000 286.000000
157.000000 287.000000
172.000000 281.000000
182.000000 273.000000
