182.000000 61.000000
138.000000 62.000000
106.000000 74.000000
82.000000 107.000000
67.000000 141.000000
68.000000 175.000000
71.000000 213.000000
80.000000 247.000000
92.000000 280.000000
114.000000 309.000000
141.000000 330.000000
176.000000 341.000000
211.000000 332.000000
238.000000 311.000000
262.000000 283.000000
275.000000 250.000000
284.000000 217.000000
290.000000 181.000000
292.000000 146.000000
275.000000 117.000000
253.000000 87.000000
223.000000 63.000000
151.000000 149.000000
137.000000 145.000000
122.000000 142.000000
107.000000 142.000000
93.000000 147.000000
95.000000 156.000000
108.000000 153.000000
122.000000 154.000000
136.000000 156.000000
148.000000 159.000000
263.000000 149.000000
250.000000 144.000000
236.000000 144.000000
221.000000 146.000000
207.000000 151.000000
210.000000 161.000000
223.000000 158.000000
236.000000 156.000000
249.000000 155.000000
261.000000 157.000000
150.000000 186.000000
144.000000 175.000000
132.000000 170.000000
120.000000 171.000000
109.000000 177.000000
115.000000 185.000000
129.000000 189.000000
142.000000 189.000000
246.000000 179.000000
237.000000 173.000000
225.000000 171.000000
214.000000 175.000000
206.000000 185.000000
217.000000 188.000000
229.000000 189.000000
240.000000 186.000000
131.000000 179.000000
224.000000 180.000000
164.000000 181.000000
162.000000 199.000000
160.000000 216.000000
154.000000 231.000000
148.000000 245.000000
161.000000 254.000000
178.000000 259.000000
196.000000 255.000000
210.000000 246.000000
203.000000 231.000000
197.000000 216.000000
194.000000 199.000000
193.000000 181.000000
215.000000 278.000000
199.000000 275.000000
188.000000 272.000000
178.000000 275.000000
168.000000 272.000000
154.000000 275.000000
139.000000 278.000000
149.000000 288.000000
159.000000 295.000000
171.000000 299.000000
184.000000 299.000000
195.000000 295.000000
205.000000 288.000000
