191.000000 10.000000
156.000000 14.000000
125.000000 29.000000
100.000000 52.000000
83.000000 83.000000
77.000000 117.000000
77.000000 154.000000
83.000000 191.000000
94.000000 225.000000
114.000000 256.000000
143.000000 281.000000
187.000000 296.000000
224.000000 281.000000
251.000000 257.000000
269.000000 229.000000
280.000000 195.000000
290.000000 161.000000
297.000000 124.000000
293.000000 90.000000
278.000000 59.000000
255.000000 33.000000
225.000000 17.000000
167.000000 83.000000
151.000000 77.000000
135.000000 74.000000
118.000000 76.000000
103.000000 82.000000
106.000000 90.000000
120.000000 86.000000
136.000000 86.000000
149.000000 89.000000
163.000000 94.000000
278.000000 91.000000
267.000000 84.000000
252.000000 82.000000
236.000000 84.000000
223.000000 89.000000
225.000000 99.000000
239.000000 96.000000
253.000000 94.000000
265.000000 94.000000
275.000000 98.000000
163.000000 129.000000
155.000000 117.000000
141.000000 109.000000
126.000000 111.000000
115.000000 119.000000
125.000000 128.000000
138.000000 131.000000
150.000000 131.000000
265.000000 125.000000
256.000000 117.000000
243.000000 114.000000
230.000000 119.000000
221.000000 131.000000
233.000000 135.000000
246.000000 136.000000
259.000000 133.000000
138.000000 120.000000
241.000000 125.000000
177.000000 125.000000
173.000000 144.000000
169.000000 159.000000
163.000000 175.000000
160.000000 191.000000
175.000000 201.000000
191.000000 207.000000
207.000000 203.000000
221.000000 194.000000
219.000000 178.000000
215.000000 163.000000
211.000000 146.000000
209.000000 127.000000
225.000000 240.000000
212.000000 231.000000
200.000000 225.000000
190.000000 228.000000
179.000000 224.000000
165.000000 230.000000
151.000000 236.000000
159.000000 246.000000
169.000000 255.000000
182.000000 259.000000
195.000000 260.000000
206.000000 255.000000
218.000000 248.000000
