119.000000 0.000000
266.000000 12.000000
60.000000 18.000000
49.000000 56.000000
41.000000 95.000000
42.000000 141.000000
48.000000 185.000000
60.000000 225.000000
84.000000 259.000000
106.000000 281.000000
134.000000 305.000000
171.000000 319.000000
210.000000 304.000000
240.000000 281.000000
265.000000 250.000000
284.000000 215.000000
296.000000 178.000000
301.000000 135.000000
299.000000 97.000000
288.000000 57.000000
227.000000 0.000000
176.000000 0.000000
133.000000 74.000000
116.000000 69.000000
98.000000 66.000000
84.000000 68.000000
72.000000 74.000000
73.000000 82.000000
85.000000 81.000000
97.000000 81.000000
113.000000 83.000000
127.000000 88.000000
269.000000 76.000000
256.000000 69.000000
237.000000 69.000000
220.000000 71.000000
206.000000 75.000000
207.000000 89.000000
222.000000 87.000000
239.000000 84.000000
253.000000 83.000000
266.000000 86.000000
128.000000 130.000000
123.000000 118.000000
107.000000 110.000000
92.000000 113.000000
80.000000 122.000000
89.000000 131.000000
106.000000 134.000000
121.000000 133.000000
259.000000 121.000000
243.000000 112.000000
227.000000 110.000000
214.000000 116.000000
206.000000 128.000000
216.000000 132.000000
231.000000 133.000000
245.000000 129.000000
107.000000 122.000000
228.000000 122.000000
148.000000 126.000000
148.000000 151.000000
142.000000 174.000000
138.000000 191.000000
132.000000 208.000000
144.000000 220.000000
165.000000 226.000000
188.000000 219.000000
203.000000 208.000000
196.000000 189.000000
190.000000 170.000000
186.000000 149.000000
184.000000 126.000000
214.000000 245.000000
195.000000 244.000000
180.000000 242.000000
167.000000 248.000000
152.000000 244.000000
136.000000 247.000000
119.000000 248.000000
134.000000 260.000000
145.000000 268.000000
157.000000 271.000000
174.000000 271.000000
189.000000 266.000000
200.000000 257.000000
