175.000000 62.000000
136.000000 71.000000
109.000000 91.000000
91.000000 116.000000
81.000000 148.000000
77.000000 180.000000
79.000000 213.000000
84.000000 247.000000
94.000000 280.000000
116.000000 304.000000
143.000000 326.000000
179.000000 338.000000
216.000000 324.000000
244.000000 301.000000
267.000000 275.000000
275.000000 241.000000
280.000000 208.000000
282.000000 174.000000
279.000000 144.000000
265.000000 113.000000
243.000000 90.000000
215.000000 70.000000
149.000000 138.000000
134.000000 132.000000
119.000000 130.000000
105.000000 131.000000
93.000000 136.000000
94.000000 145.000000
107.000000 142.000000
120.000000 142.000000
134.000000 145.000000
147.000000 147.000000
259.000000 136.000000
247.000000 129.000000
232.000000 128.000000
217.000000 131.000000
203.000000 136.000000
205.000000 146.000000
220.000000 142.000000
234.000000 138.000000
246.000000 138.000000
256.000000 142.000000
149.000000 176.000000
140.000000 166.000000
128.000000 161.000000
116.000000 163.000000
108.000000 170.000000
115.000000 176.000000
127.000000 178.000000
138.000000 177.000000
244.000000 169.000000
235.000000 163.000000
224.000000 162.000000
214.000000 165.000000
205.000000 173.000000
216.000000 176.000000
226.000000 177.000000
237.000000 175.000000
127.000000 170.000000
224.000000 169.000000
162.000000 170.000000
160.000000 188.000000
156.000000 204.000000
149.000000 219.000000
146.000000 233.000000
160.000000 242.000000
177.000000 246.000000
195.000000 240.000000
208.000000 230.000000
204.000000 217.000000
198.000000 204.000000
193.000000 187.000000
190.000000 170.000000
218.000000 266.000000
203.000000 262.000000
190.000000 262.000000
180.000000 261.000000
167.000000 262.000000
154.000000 263.000000
139.000000 268.000000
147.000000 281.000000
157.000000 290.000000
171.000000 296.000000
186.000000 296.000000
200.000000 290.000000
211.000000 279.000000
