215.000000 55.000000
179.000000 56.000000
113.000000 68.000000
82.000000 91.000000
66.000000 126.000000
58.000000 167.000000
64.000000 207.000000
75.000000 244.000000
90.000000 280.000000
108.000000 302.000000
133.000000 329.000000
168.000000 348.000000
200.000000 337.000000
225.000000 317.000000
250.000000 283.000000
266.000000 251.000000
274.000000 218.000000
281.000000 176.000000
259.000000 158.000000
280.000000 139.000000
268.000000 104.000000
246.000000 77.000000
146.000000 162.000000
134.000000 171.000000
121.000000 155.000000
123.000000 168.000000
99.000000 162.000000
98.000000 154.000000
111.000000 164.000000
106.000000 154.000000
129.000000 157.000000
147.000000 175.000000
254.000000 185.000000
257.000000 149.000000
246.000000 149.000000
239.000000 196.000000
229.000000 166.000000
217.000000 182.000000
240.000000 176.000000
249.000000 160.000000
215.000000 173.000000
236.000000 150.000000
147.000000 195.000000
140.000000 185.000000
127.000000 179.000000
126.000000 189.000000
101.000000 188.000000
112.000000 200.000000
125.000000 204.000000
139.000000 201.000000
239.000000 161.000000
151.000000 60.000000
223.000000 155.000000
211.000000 165.000000
228.000000 176.000000
226.000000 196.000000
218.000000 195.000000
208.000000 192.000000
114.000000 178.000000
225.000000 185.000000
167.000000 206.000000
163.000000 226.000000
157.000000 244.000000
147.000000 250.000000
147.000000 263.000000
163.000000 270.000000
181.000000 274.000000
197.000000 269.000000
209.000000 265.000000
212.000000 254.000000
202.000000 243.000000
195.000000 227.000000
194.000000 208.000000
211.000000 286.000000
200.000000 284.000000
188.000000 285.000000
177.000000 289.000000
165.000000 287.000000
150.000000 287.000000
145.000000 298.000000
136.000000 280.000000
156.000000 309.000000
172.000000 315.000000
188.000000 312.000000
199.000000 305.000000
205.000000 297.000000
