171.000000 62.000000
144.000000 71.000000
119.000000 88.000000
99.000000 110.000000
86.000000 136.000000
82.000000 166.000000
86.000000 198.000000
95.000000 226.000000
112.000000 247.000000
132.000000 265.000000
154.000000 280.000000
180.000000 284.000000
208.000000 277.000000
231.000000 262.000000
249.000000 242.000000
263.000000 218.000000
271.000000 190.000000
274.000000 157.000000
267.000000 132.000000
259.000000 102.000000
236.000000 80.000000
208.000000 62.000000
154.000000 135.000000
140.000000 132.000000
128.000000 130.000000
115.000000 129.000000
105.000000 134.000000
108.000000 141.000000
117.000000 138.000000
128.000000 138.000000
139.000000 140.000000
152.000000 142.000000
248.000000 130.000000
237.000000 126.000000
226.000000 126.000000
214.000000 128.000000
203.000000 132.000000
205.000000 139.000000
216.000000 136.000000
227.000000 134.000000
237.000000 134.000000
247.000000 137.000000
152.000000 162.000000
146.000000 155.000000
135.000000 151.000000
123.000000 154.000000
113.000000 160.000000
120.000000 165.000000
135.000000 165.000000
144.000000 165.000000
250.000000 154.000000
240.000000 148.000000
231.000000 146.000000
221.000000 146.000000
210.000000 152.000000
213.000000 161.000000
227.000000 163.000000
242.000000 162.000000
131.000000 157.000000
221.000000 154.000000
165.000000 157.000000
162.000000 171.000000
160.000000 184.000000
154.000000 196.000000
152.000000 209.000000
165.000000 214.000000
181.000000 215.000000
195.000000 213.000000
207.000000 206.000000
204.000000 194.000000
198.000000 182.000000
194.000000 170.000000
191.000000 156.000000
211.000000 239.000000
199.000000 234.000000
189.000000 230.000000
181.000000 234.000000
170.000000 231.000000
159.000000 236.000000
147.000000 241.000000
157.000000 248.000000
166.000000 252.000000
176.000000 253.000000
186.000000 253.000000
196.000000 250.000000
204.000000 245.000000
