174.000000 33.000000
130.000000 48.000000
98.000000 75.000000
82.000000 107.000000
78.000000 142.000000
73.000000 174.000000
73.000000 210.000000
78.000000 244.000000
91.000000 275.000000
113.000000 303.000000
141.000000 325.000000
178.000000 337.000000
212.000000 324.000000
239.000000 299.000000
260.000000 273.000000
271.000000 241.000000
278.000000 209.000000
282.000000 175.000000
277.000000 142.000000
278.000000 114.000000
261.000000 72.000000
217.000000 41.000000
157.000000 140.000000
142.000000 135.000000
126.000000 132.000000
111.000000 133.000000
96.000000 138.000000
97.000000 145.000000
112.000000 143.000000
126.000000 143.000000
140.000000 145.000000
153.000000 149.000000
261.000000 137.000000
249.000000 132.000000
235.000000 132.000000
220.000000 135.000000
207.000000 140.000000
210.000000 148.000000
222.000000 144.000000
235.000000 142.000000
248.000000 141.000000
259.000000 143.000000
152.000000 181.000000
145.000000 171.000000
132.000000 166.000000
120.000000 167.000000
110.000000 174.000000
118.000000 182.000000
131.000000 185.000000
143.000000 184.000000
248.000000 174.000000
239.000000 167.000000
227.000000 165.000000
216.000000 170.000000
208.000000 179.000000
218.000000 184.000000
230.000000 185.000000
241.000000 181.000000
131.000000 175.000000
226.000000 176.000000
166.000000 176.000000
163.000000 194.000000
158.000000 211.000000
152.000000 226.000000
147.000000 243.000000
162.000000 254.000000
180.000000 259.000000
198.000000 254.000000
212.000000 242.000000
208.000000 226.000000
201.000000 210.000000
197.000000 193.000000
194.000000 176.000000
212.000000 279.000000
200.000000 276.000000
188.000000 273.000000
179.000000 276.000000
168.000000 273.000000
157.000000 277.000000
142.000000 278.000000
150.000000 286.000000
160.000000 293.000000
172.000000 297.000000
186.000000 297.000000
196.000000 293.000000
205.000000 286.000000
