163.000000 47.000000
120.000000 54.000000
95.000000 75.000000
75.000000 104.000000
62.000000 136.000000
61.000000 167.000000
63.000000 199.000000
70.000000 235.000000
83.000000 264.000000
99.000000 295.000000
126.000000 318.000000
164.000000 330.000000
201.000000 317.000000
226.000000 293.000000
243.000000 266.000000
254.000000 235.000000
262.000000 203.000000
265.000000 172.000000
267.000000 138.000000
254.000000 101.000000
232.000000 68.000000
199.000000 51.000000
142.000000 134.000000
127.000000 128.000000
113.000000 124.000000
98.000000 124.000000
85.000000 130.000000
88.000000 136.000000
100.000000 134.000000
113.000000 134.000000
126.000000 138.000000
138.000000 143.000000
243.000000 130.000000
231.000000 125.000000
218.000000 125.000000
206.000000 128.000000
195.000000 132.000000
197.000000 141.000000
209.000000 137.000000
220.000000 134.000000
231.000000 134.000000
241.000000 137.000000
138.000000 171.000000
132.000000 162.000000
121.000000 157.000000
110.000000 159.000000
100.000000 165.000000
106.000000 171.000000
118.000000 173.000000
130.000000 173.000000
229.000000 165.000000
221.000000 160.000000
209.000000 158.000000
199.000000 162.000000
192.000000 170.000000
201.000000 173.000000
212.000000 174.000000
223.000000 171.000000
119.000000 164.000000
210.000000 166.000000
152.000000 167.000000
148.000000 183.000000
145.000000 198.000000
139.000000 212.000000
139.000000 226.000000
148.000000 237.000000
165.000000 241.000000
182.000000 237.000000
192.000000 228.000000
192.000000 212.000000
187.000000 198.000000
183.000000 182.000000
180.000000 168.000000
200.000000 263.000000
187.000000 256.000000
175.000000 252.000000
165.000000 255.000000
154.000000 252.000000
140.000000 256.000000
125.000000 262.000000
133.000000 272.000000
143.000000 280.000000
157.000000 286.000000
172.000000 286.000000
184.000000 281.000000
194.000000 273.000000
