183.000000 0.000000
145.000000 0.000000
109.000000 0.000000
78.000000 29.000000
63.000000 69.000000
58.000000 115.000000
57.000000 167.000000
65.000000 209.000000
88.000000 249.000000
120.000000 284.000000
163.000000 300.000000
208.000000 297.000000
248.000000 278.000000
272.000000 244.000000
297.000000 211.000000
311.000000 173.000000
311.000000 133.000000
312.000000 93.000000
304.000000 56.000000
284.000000 23.000000
256.000000 0.000000
221.000000 0.000000
160.000000 64.000000
145.000000 59.000000
129.000000 56.000000
112.000000 56.000000
97.000000 61.000000
99.000000 70.000000
114.000000 68.000000
129.000000 69.000000
144.000000 71.000000
158.000000 74.000000
283.000000 50.000000
268.000000 47.000000
253.000000 50.000000
238.000000 54.000000
225.000000 61.000000
228.000000 70.000000
242.000000 66.000000
256.000000 62.000000
269.000000 59.000000
282.000000 58.000000
161.000000 108.000000
150.000000 96.000000
136.000000 93.000000
123.000000 94.000000
113.000000 102.000000
121.000000 109.000000
135.000000 111.000000
149.000000 109.000000
270.000000 89.000000
259.000000 84.000000
247.000000 83.000000
236.000000 89.000000
227.000000 99.000000
239.000000 101.000000
251.000000 101.000000
263.000000 97.000000
133.000000 101.000000
246.000000 93.000000
177.000000 101.000000
176.000000 120.000000
172.000000 140.000000
167.000000 160.000000
163.000000 181.000000
181.000000 189.000000
202.000000 191.000000
222.000000 185.000000
238.000000 175.000000
232.000000 156.000000
224.000000 138.000000
218.000000 118.000000
213.000000 98.000000
250.000000 220.000000
232.000000 201.000000
216.000000 199.000000
202.000000 202.000000
188.000000 204.000000
175.000000 217.000000
162.000000 232.000000
170.000000 239.000000
182.000000 246.000000
197.000000 248.000000
212.000000 246.000000
225.000000 240.000000
235.000000 231.000000
