167.000000 3.000000
114.000000 7.000000
68.000000 28.000000
55.000000 76.000000
55.000000 117.000000
58.000000 158.000000
65.000000 199.000000
79.000000 238.000000
100.000000 270.000000
129.000000 294.000000
163.000000 312.000000
199.000000 319.000000
234.000000 302.000000
261.000000 276.000000
284.000000 247.000000
296.000000 214.000000
301.000000 174.000000
303.000000 132.000000
300.000000 92.000000
285.000000 44.000000
253.000000 9.000000
212.000000 5.000000
142.000000 119.000000
127.000000 116.000000
111.000000 113.000000
95.000000 114.000000
81.000000 121.000000
84.000000 128.000000
97.000000 124.000000
111.000000 124.000000
126.000000 126.000000
139.000000 129.000000
267.000000 101.000000
251.000000 97.000000
235.000000 98.000000
219.000000 103.000000
205.000000 110.000000
209.000000 119.000000
223.000000 114.000000
237.000000 109.000000
251.000000 107.000000
264.000000 108.000000
146.000000 158.000000
138.000000 145.000000
124.000000 141.000000
109.000000 145.000000
99.000000 154.000000
109.000000 162.000000
123.000000 164.000000
136.000000 162.000000
253.000000 135.000000
242.000000 128.000000
227.000000 128.000000
215.000000 135.000000
208.000000 148.000000
220.000000 151.000000
235.000000 151.000000
247.000000 144.000000
126.000000 151.000000
228.000000 139.000000
160.000000 151.000000
161.000000 170.000000
160.000000 188.000000
156.000000 207.000000
149.000000 227.000000
164.000000 236.000000
188.000000 240.000000
209.000000 231.000000
217.000000 219.000000
211.000000 202.000000
203.000000 185.000000
197.000000 168.000000
192.000000 148.000000
229.000000 253.000000
216.000000 254.000000
201.000000 256.000000
189.000000 258.000000
178.000000 260.000000
167.000000 261.000000
145.000000 260.000000
162.000000 272.000000
173.000000 278.000000
186.000000 279.000000
199.000000 278.000000
211.000000 273.000000
222.000000 264.000000
