169.000000 46.000000
123.000000 55.000000
99.000000 78.000000
76.000000 113.000000
73.000000 142.000000
68.000000 172.000000
71.000000 206.000000
77.000000 240.000000
89.000000 272.000000
109.000000 297.000000
134.000000 317.000000
167.000000 325.000000
196.000000 315.000000
222.000000 295.000000
238.000000 269.000000
249.000000 239.000000
256.000000 208.000000
263.000000 173.000000
259.000000 143.000000
264.000000 104.000000
243.000000 73.000000
204.000000 50.000000
149.000000 139.000000
135.000000 134.000000
119.000000 131.000000
104.000000 131.000000
89.000000 136.000000
91.000000 145.000000
106.000000 142.000000
119.000000 143.000000
133.000000 146.000000
145.000000 150.000000
249.000000 139.000000
238.000000 134.000000
224.000000 134.000000
210.000000 137.000000
196.000000 141.000000
198.000000 151.000000
213.000000 148.000000
226.000000 146.000000
238.000000 145.000000
248.000000 146.000000
144.000000 174.000000
136.000000 163.000000
124.000000 158.000000
106.000000 161.000000
91.000000 168.000000
108.000000 177.000000
122.000000 176.000000
133.000000 175.000000
250.000000 166.000000
235.000000 161.000000
220.000000 158.000000
205.000000 164.000000
198.000000 173.000000
208.000000 176.000000
219.000000 178.000000
236.000000 174.000000
122.000000 167.000000
216.000000 168.000000
156.000000 171.000000
153.000000 188.000000
149.000000 203.000000
144.000000 217.000000
140.000000 233.000000
152.000000 243.000000
168.000000 249.000000
187.000000 244.000000
198.000000 232.000000
194.000000 218.000000
190.000000 203.000000
186.000000 188.000000
184.000000 171.000000
207.000000 265.000000
193.000000 263.000000
179.000000 261.000000
168.000000 263.000000
158.000000 261.000000
143.000000 263.000000
126.000000 264.000000
138.000000 274.000000
148.000000 281.000000
162.000000 286.000000
174.000000 286.000000
185.000000 281.000000
195.000000 275.000000
