177.000000 80.000000
140.000000 88.000000
113.000000 101.000000
98.000000 126.000000
93.000000 155.000000
90.000000 182.000000
95.000000 208.000000
107.000000 237.000000
119.000000 259.000000
134.000000 277.000000
154.000000 296.000000
180.000000 303.000000
202.000000 294.000000
223.000000 276.000000
244.000000 254.000000
252.000000 226.000000
256.000000 199.000000
256.000000 171.000000
251.000000 145.000000
241.000000 117.000000
228.000000 99.000000
205.000000 85.000000
144.000000 146.000000
132.000000 142.000000
121.000000 140.000000
110.000000 143.000000
101.000000 148.000000
104.000000 153.000000
113.000000 150.000000
122.000000 149.000000
132.000000 151.000000
141.000000 153.000000
232.000000 139.000000
220.000000 134.000000
208.000000 134.000000
196.000000 138.000000
185.000000 143.000000
188.000000 150.000000
198.000000 146.000000
210.000000 143.000000
220.000000 142.000000
230.000000 144.000000
146.000000 178.000000
140.000000 168.000000
129.000000 164.000000
119.000000 167.000000
113.000000 173.000000
119.000000 179.000000
129.000000 180.000000
138.000000 179.000000
227.000000 167.000000
215.000000 161.000000
206.000000 159.000000
196.000000 164.000000
190.000000 173.000000
198.000000 175.000000
208.000000 175.000000
216.000000 173.000000
131.000000 172.000000
205.000000 168.000000
155.000000 173.000000
155.000000 188.000000
154.000000 202.000000
149.000000 213.000000
145.000000 225.000000
155.000000 233.000000
170.000000 237.000000
185.000000 231.000000
194.000000 221.000000
188.000000 210.000000
183.000000 198.000000
180.000000 186.000000
178.000000 171.000000
205.000000 247.000000
192.000000 246.000000
180.000000 245.000000
171.000000 248.000000
163.000000 246.000000
154.000000 249.000000
144.000000 252.000000
151.000000 262.000000
159.000000 267.000000
169.000000 271.000000
179.000000 270.000000
189.000000 265.000000
198.000000 258.000000
