165.000000 61.000000
124.000000 87.000000
106.000000 112.000000
92.000000 139.000000
91.000000 166.000000
78.000000 196.000000
89.000000 235.000000
104.000000 265.000000
124.000000 284.000000
139.000000 305.000000
160.000000 319.000000
185.000000 318.000000
217.000000 306.000000
231.000000 281.000000
241.000000 261.000000
251.000000 231.000000
256.000000 211.000000
262.000000 182.000000
261.000000 154.000000
246.000000 128.000000
233.000000 92.000000
201.000000 68.000000
150.000000 162.000000
138.000000 158.000000
126.000000 155.000000
113.000000 155.000000
101.000000 159.000000
103.000000 165.000000
114.000000 163.000000
126.000000 163.000000
137.000000 166.000000
148.000000 169.000000
251.000000 150.000000
239.000000 148.000000
228.000000 150.000000
216.000000 154.000000
206.000000 159.000000
208.000000 166.000000
219.000000 162.000000
230.000000 158.000000
240.000000 156.000000
250.000000 156.000000
152.000000 193.000000
146.000000 182.000000
134.000000 177.000000
122.000000 180.000000
114.000000 188.000000
120.000000 195.000000
132.000000 200.000000
144.000000 196.000000
242.000000 179.000000
234.000000 172.000000
223.000000 171.000000
212.000000 177.000000
207.000000 187.000000
216.000000 190.000000
228.000000 190.000000
238.000000 186.000000
133.000000 187.000000
222.000000 181.000000
165.000000 189.000000
164.000000 205.000000
163.000000 219.000000
159.000000 233.000000
155.000000 247.000000
166.000000 256.000000
183.000000 260.000000
200.000000 254.000000
210.000000 244.000000
205.000000 230.000000
199.000000 216.000000
196.000000 203.000000
194.000000 187.000000
214.000000 275.000000
202.000000 273.000000
192.000000 270.000000
184.000000 275.000000
175.000000 273.000000
165.000000 277.000000
152.000000 282.000000
160.000000 290.000000
170.000000 295.000000
181.000000 297.000000
192.000000 296.000000
200.000000 292.000000
207.000000 285.000000
