168.000000 53.000000
139.000000 62.000000
110.000000 86.000000
102.000000 112.000000
91.000000 136.000000
88.000000 163.000000
92.000000 192.000000
100.000000 219.000000
112.000000 246.000000
128.000000 268.000000
147.000000 288.000000
175.000000 301.000000
206.000000 287.000000
229.000000 266.000000
252.000000 251.000000
265.000000 213.000000
272.000000 186.000000
271.000000 154.000000
257.000000 128.000000
243.000000 104.000000
223.000000 86.000000
203.000000 69.000000
144.000000 132.000000
132.000000 126.000000
119.000000 123.000000
106.000000 124.000000
97.000000 128.000000
99.000000 135.000000
109.000000 134.000000
119.000000 133.000000
131.000000 135.000000
142.000000 139.000000
238.000000 125.000000
226.000000 121.000000
214.000000 122.000000
203.000000 124.000000
191.000000 129.000000
193.000000 137.000000
205.000000 133.000000
216.000000 131.000000
227.000000 130.000000
237.000000 131.000000
145.000000 159.000000
138.000000 151.000000
129.000000 147.000000
118.000000 149.000000
108.000000 155.000000
116.000000 161.000000
127.000000 163.000000
137.000000 162.000000
233.000000 154.000000
219.000000 146.000000
209.000000 145.000000
200.000000 149.000000
193.000000 156.000000
201.000000 159.000000
211.000000 160.000000
220.000000 157.000000
131.000000 155.000000
209.000000 152.000000
154.000000 157.000000
153.000000 173.000000
151.000000 186.000000
148.000000 199.000000
145.000000 211.000000
155.000000 221.000000
170.000000 226.000000
186.000000 219.000000
195.000000 208.000000
190.000000 195.000000
185.000000 183.000000
181.000000 170.000000
179.000000 156.000000
209.000000 233.000000
194.000000 232.000000
181.000000 231.000000
171.000000 235.000000
163.000000 232.000000
151.000000 235.000000
136.000000 231.000000
146.000000 250.000000
155.000000 259.000000
167.000000 264.000000
180.000000 263.000000
192.000000 256.000000
202.000000 246.000000
