170.000000 69.000000
138.000000 78.000000
108.000000 93.000000
96.000000 120.000000
94.000000 142.000000
92.000000 168.000000
96.000000 195.000000
103.000000 222.000000
113.000000 247.000000
130.000000 268.000000
152.000000 285.000000
182.000000 295.000000
213.000000 283.000000
235.000000 263.000000
250.000000 240.000000
256.000000 213.000000
258.000000 186.000000
259.000000 157.000000
253.000000 131.000000
240.000000 109.000000
225.000000 89.000000
206.000000 71.000000
149.000000 142.000000
136.000000 139.000000
124.000000 136.000000
113.000000 136.000000
104.000000 141.000000
106.000000 147.000000
115.000000 146.000000
124.000000 146.000000
135.000000 147.000000
147.000000 150.000000
236.000000 131.000000
225.000000 127.000000
215.000000 127.000000
204.000000 131.000000
192.000000 136.000000
194.000000 143.000000
206.000000 140.000000
216.000000 137.000000
225.000000 135.000000
234.000000 137.000000
150.000000 170.000000
144.000000 161.000000
134.000000 157.000000
124.000000 159.000000
118.000000 165.000000
124.000000 170.000000
133.000000 172.000000
142.000000 172.000000
226.000000 158.000000
218.000000 153.000000
208.000000 153.000000
200.000000 157.000000
194.000000 165.000000
203.000000 168.000000
212.000000 167.000000
221.000000 164.000000
134.000000 164.000000
210.000000 159.000000
160.000000 166.000000
158.000000 180.000000
155.000000 193.000000
150.000000 205.000000
149.000000 218.000000
160.000000 224.000000
174.000000 228.000000
187.000000 222.000000
198.000000 214.000000
195.000000 203.000000
190.000000 190.000000
186.000000 178.000000
182.000000 165.000000
205.000000 243.000000
194.000000 239.000000
183.000000 237.000000
175.000000 240.000000
167.000000 238.000000
158.000000 241.000000
149.000000 244.000000
156.000000 251.000000
164.000000 256.000000
173.000000 260.000000
183.000000 259.000000
191.000000 255.000000
199.000000 250.000000
