175.000000 68.000000
142.000000 80.000000
123.000000 99.000000
112.000000 124.000000
103.000000 149.000000
100.000000 174.000000
105.000000 200.000000
111.000000 225.000000
119.000000 250.000000
131.000000 270.000000
149.000000 289.000000
177.000000 300.000000
208.000000 290.000000
221.000000 273.000000
237.000000 251.000000
247.000000 227.000000
251.000000 199.000000
254.000000 172.000000
252.000000 147.000000
244.000000 123.000000
232.000000 101.000000
212.000000 84.000000
154.000000 143.000000
142.000000 140.000000
131.000000 138.000000
121.000000 138.000000
112.000000 141.000000
112.000000 148.000000
122.000000 147.000000
131.000000 147.000000
142.000000 149.000000
152.000000 152.000000
242.000000 141.000000
233.000000 135.000000
221.000000 135.000000
209.000000 137.000000
197.000000 140.000000
197.000000 149.000000
210.000000 146.000000
222.000000 144.000000
232.000000 143.000000
241.000000 145.000000
154.000000 171.000000
147.000000 162.000000
138.000000 158.000000
128.000000 160.000000
120.000000 166.000000
125.000000 172.000000
136.000000 174.000000
146.000000 174.000000
236.000000 162.000000
224.000000 158.000000
214.000000 157.000000
204.000000 161.000000
197.000000 170.000000
206.000000 172.000000
217.000000 173.000000
227.000000 170.000000
138.000000 166.000000
215.000000 164.000000
162.000000 167.000000
160.000000 181.000000
157.000000 193.000000
153.000000 206.000000
150.000000 219.000000
159.000000 227.000000
174.000000 232.000000
190.000000 226.000000
200.000000 217.000000
196.000000 206.000000
191.000000 192.000000
188.000000 180.000000
186.000000 166.000000
209.000000 244.000000
196.000000 244.000000
184.000000 242.000000
175.000000 244.000000
167.000000 242.000000
157.000000 245.000000
145.000000 244.000000
153.000000 254.000000
161.000000 261.000000
171.000000 267.000000
181.000000 267.000000
191.000000 262.000000
200.000000 255.000000
