189.000000 68.000000
159.000000 74.000000
132.000000 88.000000
110.000000 110.000000
97.000000 138.000000
93.000000 168.000000
97.000000 199.000000
104.000000 230.000000
115.000000 260.000000
135.000000 285.000000
157.000000 307.000000
189.000000 319.000000
224.000000 307.000000
252.000000 285.000000
272.000000 260.000000
282.000000 231.000000
286.000000 197.000000
288.000000 164.000000
283.000000 134.000000
269.000000 107.000000
247.000000 86.000000
219.000000 72.000000
157.000000 138.000000
144.000000 133.000000
131.000000 129.000000
118.000000 129.000000
108.000000 135.000000
110.000000 142.000000
120.000000 139.000000
131.000000 140.000000
143.000000 143.000000
155.000000 147.000000
261.000000 137.000000
249.000000 130.000000
235.000000 129.000000
221.000000 132.000000
208.000000 137.000000
210.000000 146.000000
224.000000 142.000000
236.000000 140.000000
248.000000 140.000000
258.000000 142.000000
159.000000 171.000000
152.000000 160.000000
141.000000 155.000000
129.000000 157.000000
121.000000 164.000000
128.000000 170.000000
139.000000 172.000000
149.000000 173.000000
247.000000 163.000000
239.000000 157.000000
227.000000 155.000000
217.000000 159.000000
209.000000 168.000000
219.000000 171.000000
230.000000 172.000000
240.000000 169.000000
141.000000 163.000000
228.000000 163.000000
168.000000 168.000000
167.000000 184.000000
165.000000 199.000000
160.000000 214.000000
158.000000 228.000000
171.000000 233.000000
184.000000 237.000000
199.000000 232.000000
212.000000 225.000000
208.000000 211.000000
203.000000 199.000000
198.000000 183.000000
196.000000 167.000000
223.000000 256.000000
208.000000 253.000000
196.000000 252.000000
186.000000 255.000000
175.000000 253.000000
165.000000 255.000000
153.000000 257.000000
162.000000 268.000000
170.000000 274.000000
182.000000 278.000000
193.000000 277.000000
203.000000 273.000000
213.000000 266.000000
