186.000000 47.000000
143.000000 56.000000
110.000000 69.000000
85.000000 106.000000
75.000000 145.000000
81.000000 186.000000
86.000000 223.000000
97.000000 252.000000
110.000000 278.000000
124.000000 300.000000
139.000000 322.000000
168.000000 335.000000
202.000000 324.000000
231.000000 304.000000
253.000000 279.000000
265.000000 251.000000
281.000000 223.000000
282.000000 186.000000
290.000000 147.000000
278.000000 113.000000
257.000000 81.000000
231.000000 53.000000
140.000000 155.000000
127.000000 149.000000
114.000000 145.000000
102.000000 144.000000
92.000000 149.000000
93.000000 156.000000
103.000000 154.000000
113.000000 155.000000
125.000000 158.000000
137.000000 162.000000
245.000000 154.000000
234.000000 147.000000
220.000000 146.000000
206.000000 148.000000
192.000000 153.000000
192.000000 161.000000
208.000000 159.000000
221.000000 156.000000
232.000000 156.000000
242.000000 159.000000
141.000000 187.000000
135.000000 176.000000
125.000000 170.000000
109.000000 170.000000
100.000000 179.000000
111.000000 185.000000
121.000000 188.000000
131.000000 188.000000
236.000000 181.000000
222.000000 174.000000
211.000000 172.000000
200.000000 176.000000
192.000000 185.000000
202.000000 188.000000
214.000000 189.000000
224.000000 186.000000
124.000000 179.000000
211.000000 180.000000
152.000000 184.000000
150.000000 199.000000
146.000000 214.000000
140.000000 229.000000
135.000000 244.000000
147.000000 253.000000
165.000000 259.000000
184.000000 251.000000
195.000000 242.000000
190.000000 229.000000
184.000000 216.000000
180.000000 198.000000
178.000000 184.000000
207.000000 267.000000
191.000000 265.000000
176.000000 265.000000
165.000000 267.000000
156.000000 265.000000
144.000000 266.000000
131.000000 267.000000
138.000000 281.000000
147.000000 290.000000
160.000000 296.000000
174.000000 295.000000
187.000000 289.000000
198.000000 281.000000
