175.000000 52.000000
142.000000 60.000000
113.000000 81.000000
96.000000 110.000000
82.000000 138.000000
77.000000 170.000000
87.000000 204.000000
93.000000 234.000000
103.000000 265.000000
124.000000 290.000000
149.000000 311.000000
183.000000 320.000000
215.000000 309.000000
242.000000 287.000000
263.000000 261.000000
273.000000 232.000000
279.000000 202.000000
280.000000 170.000000
280.000000 139.000000
268.000000 98.000000
248.000000 72.000000
215.000000 57.000000
160.000000 134.000000
147.000000 129.000000
133.000000 127.000000
119.000000 127.000000
105.000000 132.000000
107.000000 139.000000
120.000000 136.000000
133.000000 136.000000
146.000000 138.000000
157.000000 143.000000
261.000000 131.000000
249.000000 127.000000
236.000000 125.000000
222.000000 128.000000
209.000000 133.000000
212.000000 141.000000
224.000000 137.000000
237.000000 134.000000
248.000000 135.000000
259.000000 138.000000
156.000000 168.000000
150.000000 158.000000
138.000000 153.000000
127.000000 155.000000
117.000000 161.000000
125.000000 168.000000
136.000000 171.000000
147.000000 171.000000
250.000000 161.000000
241.000000 154.000000
230.000000 153.000000
219.000000 158.000000
212.000000 166.000000
222.000000 169.000000
233.000000 170.000000
243.000000 167.000000
138.000000 161.000000
230.000000 161.000000
170.000000 163.000000
168.000000 180.000000
164.000000 196.000000
159.000000 208.000000
154.000000 223.000000
167.000000 232.000000
184.000000 236.000000
201.000000 232.000000
214.000000 223.000000
210.000000 210.000000
205.000000 197.000000
201.000000 182.000000
199.000000 163.000000
225.000000 254.000000
207.000000 255.000000
194.000000 253.000000
184.000000 256.000000
175.000000 253.000000
160.000000 256.000000
142.000000 256.000000
154.000000 267.000000
165.000000 274.000000
178.000000 277.000000
191.000000 277.000000
203.000000 273.000000
214.000000 265.000000
