189.000000 10.000000
130.000000 24.000000
104.000000 52.000000
85.000000 85.000000
76.000000 126.000000
70.000000 161.000000
74.000000 199.000000
83.000000 234.000000
97.000000 265.000000
116.000000 295.000000
140.000000 323.000000
175.000000 339.000000
210.000000 319.000000
234.000000 295.000000
254.000000 271.000000
271.000000 246.000000
280.000000 213.000000
288.000000 173.000000
287.000000 134.000000
277.000000 96.000000
260.000000 65.000000
240.000000 23.000000
145.000000 133.000000
130.000000 127.000000
114.000000 122.000000
97.000000 121.000000
84.000000 124.000000
85.000000 131.000000
98.000000 129.000000
113.000000 132.000000
127.000000 137.000000
141.000000 141.000000
268.000000 130.000000
253.000000 125.000000
237.000000 125.000000
222.000000 128.000000
206.000000 133.000000
209.000000 141.000000
224.000000 138.000000
238.000000 134.000000
252.000000 133.000000
265.000000 136.000000
143.000000 172.000000
136.000000 159.000000
122.000000 152.000000
104.000000 151.000000
93.000000 159.000000
103.000000 169.000000
120.000000 172.000000
133.000000 173.000000
259.000000 163.000000
242.000000 157.000000
228.000000 155.000000
216.000000 160.000000
207.000000 170.000000
218.000000 174.000000
231.000000 175.000000
247.000000 171.000000
123.000000 162.000000
228.000000 165.000000
158.000000 167.000000
157.000000 187.000000
154.000000 205.000000
148.000000 222.000000
141.000000 239.000000
153.000000 249.000000
172.000000 256.000000
191.000000 249.000000
202.000000 240.000000
197.000000 223.000000
192.000000 205.000000
190.000000 188.000000
189.000000 168.000000
209.000000 276.000000
193.000000 274.000000
182.000000 271.000000
171.000000 274.000000
160.000000 271.000000
149.000000 273.000000
138.000000 275.000000
146.000000 286.000000
155.000000 292.000000
167.000000 296.000000
178.000000 296.000000
190.000000 293.000000
201.000000 286.000000
