167.000000 18.000000
105.000000 30.000000
67.000000 65.000000
52.000000 99.000000
47.000000 138.000000
54.000000 168.000000
59.000000 204.000000
70.000000 237.000000
86.000000 265.000000
110.000000 292.000000
137.000000 313.000000
173.000000 324.000000
206.000000 312.000000
232.000000 289.000000
255.000000 264.000000
269.000000 235.000000
278.000000 200.000000
281.000000 164.000000
290.000000 116.000000
277.000000 77.000000
251.000000 40.000000
211.000000 22.000000
143.000000 139.000000
128.000000 134.000000
111.000000 132.000000
95.000000 132.000000
80.000000 134.000000
79.000000 145.000000
97.000000 144.000000
112.000000 145.000000
126.000000 146.000000
140.000000 149.000000
264.000000 127.000000
249.000000 127.000000
228.000000 131.000000
214.000000 134.000000
200.000000 138.000000
203.000000 148.000000
217.000000 145.000000
229.000000 143.000000
245.000000 138.000000
260.000000 139.000000
136.000000 179.000000
128.000000 167.000000
109.000000 159.000000
90.000000 164.000000
74.000000 170.000000
90.000000 177.000000
101.000000 182.000000
116.000000 183.000000
265.000000 163.000000
248.000000 156.000000
232.000000 155.000000
217.000000 160.000000
211.000000 173.000000
225.000000 181.000000
242.000000 180.000000
252.000000 175.000000
114.000000 169.000000
233.000000 165.000000
154.000000 168.000000
156.000000 189.000000
156.000000 208.000000
145.000000 222.000000
137.000000 239.000000
152.000000 254.000000
171.000000 258.000000
188.000000 253.000000
200.000000 242.000000
194.000000 225.000000
188.000000 206.000000
184.000000 188.000000
186.000000 167.000000
214.000000 261.000000
198.000000 265.000000
182.000000 267.000000
171.000000 269.000000
160.000000 265.000000
148.000000 265.000000
129.000000 258.000000
143.000000 278.000000
153.000000 286.000000
167.000000 289.000000
179.000000 289.000000
191.000000 283.000000
201.000000 274.000000
