172.000000 28.000000
127.000000 40.000000
96.000000 65.000000
78.000000 104.000000
72.000000 143.000000
75.000000 171.000000
81.000000 207.000000
89.000000 241.000000
109.000000 269.000000
127.000000 292.000000
149.000000 307.000000
181.000000 323.000000
204.000000 305.000000
226.000000 289.000000
251.000000 264.000000
261.000000 232.000000
268.000000 202.000000
273.000000 168.000000
267.000000 138.000000
268.000000 106.000000
255.000000 72.000000
225.000000 37.000000
154.000000 132.000000
139.000000 128.000000
126.000000 126.000000
112.000000 127.000000
98.000000 132.000000
100.000000 138.000000
114.000000 136.000000
127.000000 136.000000
139.000000 138.000000
151.000000 141.000000
254.000000 133.000000
243.000000 127.000000
231.000000 126.000000
216.000000 129.000000
204.000000 133.000000
206.000000 141.000000
218.000000 138.000000
231.000000 136.000000
243.000000 137.000000
252.000000 139.000000
151.000000 167.000000
144.000000 159.000000
128.000000 153.000000
114.000000 157.000000
100.000000 165.000000
117.000000 171.000000
132.000000 171.000000
141.000000 170.000000
249.000000 162.000000
236.000000 155.000000
223.000000 152.000000
212.000000 158.000000
205.000000 166.000000
214.000000 169.000000
225.000000 171.000000
239.000000 169.000000
132.000000 162.000000
221.000000 161.000000
163.000000 161.000000
161.000000 178.000000
158.000000 193.000000
153.000000 208.000000
148.000000 224.000000
160.000000 232.000000
179.000000 238.000000
198.000000 233.000000
210.000000 223.000000
204.000000 208.000000
200.000000 193.000000
196.000000 178.000000
194.000000 161.000000
225.000000 249.000000
208.000000 252.000000
194.000000 250.000000
180.000000 252.000000
168.000000 250.000000
155.000000 253.000000
136.000000 248.000000
151.000000 265.000000
160.000000 272.000000
174.000000 276.000000
188.000000 276.000000
198.000000 271.000000
207.000000 264.000000
