177.000000 73.000000
147.000000 72.000000
110.000000 88.000000
89.000000 114.000000
77.000000 147.000000
78.000000 181.000000
80.000000 213.000000
90.000000 245.000000
101.000000 267.000000
120.000000 291.000000
135.000000 308.000000
161.000000 324.000000
191.000000 316.000000
217.000000 300.000000
240.000000 278.000000
252.000000 251.000000
260.000000 220.000000
267.000000 186.000000
263.000000 155.000000
256.000000 127.000000
235.000000 101.000000
208.000000 84.000000
137.000000 153.000000
124.000000 149.000000
111.000000 145.000000
98.000000 144.000000
86.000000 148.000000
88.000000 154.000000
100.000000 153.000000
111.000000 155.000000
123.000000 158.000000
135.000000 162.000000
239.000000 153.000000
226.000000 149.000000
213.000000 148.000000
199.000000 150.000000
185.000000 154.000000
187.000000 162.000000
200.000000 159.000000
214.000000 157.000000
226.000000 157.000000
237.000000 158.000000
136.000000 183.000000
130.000000 175.000000
121.000000 169.000000
107.000000 172.000000
97.000000 179.000000
105.000000 182.000000
117.000000 186.000000
128.000000 186.000000
226.000000 178.000000
217.000000 173.000000
206.000000 172.000000
196.000000 176.000000
188.000000 184.000000
197.000000 188.000000
209.000000 189.000000
219.000000 186.000000
120.000000 177.000000
206.000000 180.000000
148.000000 181.000000
145.000000 196.000000
142.000000 209.000000
138.000000 222.000000
133.000000 235.000000
143.000000 244.000000
159.000000 250.000000
175.000000 245.000000
186.000000 236.000000
181.000000 223.000000
177.000000 210.000000
175.000000 197.000000
173.000000 182.000000
196.000000 264.000000
182.000000 264.000000
170.000000 263.000000
160.000000 266.000000
151.000000 263.000000
139.000000 265.000000
126.000000 265.000000
134.000000 275.000000
143.000000 282.000000
155.000000 287.000000
167.000000 287.000000
178.000000 282.000000
188.000000 275.000000
