170.000000 46.000000
138.000000 58.000000
114.000000 80.000000
92.000000 102.000000
90.000000 134.000000
87.000000 161.000000
89.000000 192.000000
96.000000 222.000000
116.000000 249.000000
134.000000 271.000000
159.000000 283.000000
186.000000 293.000000
211.000000 280.000000
227.000000 260.000000
247.000000 237.000000
256.000000 209.000000
261.000000 181.000000
263.000000 152.000000
257.000000 125.000000
255.000000 98.000000
235.000000 64.000000
199.000000 45.000000
154.000000 126.000000
141.000000 122.000000
128.000000 121.000000
116.000000 123.000000
105.000000 129.000000
106.000000 135.000000
118.000000 131.000000
129.000000 131.000000
141.000000 132.000000
152.000000 135.000000
249.000000 122.000000
238.000000 117.000000
226.000000 117.000000
214.000000 120.000000
202.000000 124.000000
204.000000 133.000000
216.000000 129.000000
228.000000 127.000000
238.000000 126.000000
248.000000 128.000000
155.000000 158.000000
147.000000 148.000000
135.000000 144.000000
122.000000 147.000000
111.000000 153.000000
122.000000 159.000000
134.000000 161.000000
144.000000 159.000000
243.000000 147.000000
230.000000 142.000000
219.000000 141.000000
210.000000 145.000000
204.000000 154.000000
213.000000 156.000000
223.000000 157.000000
233.000000 154.000000
134.000000 152.000000
220.000000 149.000000
167.000000 154.000000
166.000000 167.000000
163.000000 180.000000
159.000000 193.000000
154.000000 207.000000
167.000000 215.000000
182.000000 218.000000
198.000000 213.000000
208.000000 203.000000
203.000000 191.000000
197.000000 178.000000
194.000000 167.000000
192.000000 152.000000
217.000000 227.000000
205.000000 227.000000
193.000000 225.000000
182.000000 228.000000
171.000000 227.000000
157.000000 230.000000
137.000000 230.000000
153.000000 242.000000
164.000000 249.000000
177.000000 252.000000
190.000000 251.000000
201.000000 247.000000
209.000000 240.000000
