213.000000 0.000000
178.000000 0.000000
144.000000 0.000000
114.000000 19.000000
92.000000 46.000000
78.000000 79.000000
74.000000 116.000000
73.000000 152.000000
77.000000 187.000000
91.000000 221.000000
121.000000 251.000000
150.000000 274.000000
189.000000 274.000000
223.000000 255.000000
246.000000 225.000000
266.000000 198.000000
284.000000 164.000000
298.000000 129.000000
300.000000 94.000000
307.000000 56.000000
303.000000 15.000000
246.000000 7.000000
161.000000 41.000000
148.000000 37.000000
134.000000 37.000000
120.000000 40.000000
103.000000 49.000000
104.000000 58.000000
117.000000 57.000000
135.000000 55.000000
148.000000 57.000000
161.000000 57.000000
292.000000 53.000000
276.000000 50.000000
262.000000 45.000000
251.000000 46.000000
236.000000 50.000000
240.000000 65.000000
251.000000 64.000000
260.000000 65.000000
271.000000 65.000000
285.000000 64.000000
158.000000 99.000000
148.000000 84.000000
131.000000 73.000000
116.000000 77.000000
101.000000 85.000000
110.000000 94.000000
123.000000 102.000000
137.000000 105.000000
285.000000 91.000000
269.000000 81.000000
256.000000 81.000000
239.000000 90.000000
229.000000 103.000000
241.000000 108.000000
257.000000 108.000000
272.000000 103.000000
133.000000 89.000000
257.000000 92.000000
182.000000 95.000000
184.000000 121.000000
171.000000 141.000000
165.000000 154.000000
153.000000 170.000000
171.000000 187.000000
194.000000 195.000000
213.000000 188.000000
229.000000 177.000000
225.000000 160.000000
216.000000 143.000000
214.000000 124.000000
213.000000 101.000000
222.000000 211.000000
206.000000 217.000000
194.000000 218.000000
184.000000 220.000000
170.000000 216.000000
157.000000 211.000000
139.000000 210.000000
147.000000 225.000000
161.000000 233.000000
181.000000 237.000000
196.000000 238.000000
206.000000 235.000000
217.000000 227.000000
