42.000000 38.000000
50.000000 12.000000
45.000000 27.000000
39.000000 59.000000
40.000000 82.000000
50.000000 127.000000
60.000000 170.000000
76.000000 212.000000
97.000000 243.000000
124.000000 265.000000
149.000000 284.000000
183.000000 300.000000
220.000000 281.000000
245.000000 254.000000
266.000000 234.000000
277.000000 212.000000
293.000000 181.000000
300.000000 137.000000
306.000000 97.000000
308.000000 60.000000
289.000000 29.000000
273.000000 9.000000
160.000000 87.000000
141.000000 78.000000
121.000000 71.000000
101.000000 71.000000
82.000000 77.000000
85.000000 88.000000
102.000000 85.000000
120.000000 86.000000
137.000000 90.000000
153.000000 97.000000
283.000000 84.000000
269.000000 77.000000
253.000000 78.000000
236.000000 82.000000
220.000000 89.000000
223.000000 97.000000
239.000000 95.000000
253.000000 92.000000
268.000000 90.000000
279.000000 91.000000
154.000000 131.000000
144.000000 116.000000
128.000000 110.000000
112.000000 111.000000
100.000000 120.000000
107.000000 133.000000
122.000000 137.000000
139.000000 133.000000
278.000000 127.000000
259.000000 115.000000
244.000000 112.000000
231.000000 118.000000
221.000000 128.000000
234.000000 134.000000
247.000000 136.000000
264.000000 138.000000
126.000000 122.000000
244.000000 124.000000
171.000000 128.000000
168.000000 147.000000
163.000000 165.000000
154.000000 183.000000
148.000000 201.000000
163.000000 213.000000
187.000000 221.000000
208.000000 214.000000
222.000000 203.000000
216.000000 186.000000
211.000000 168.000000
207.000000 148.000000
203.000000 128.000000
225.000000 246.000000
211.000000 237.000000
198.000000 234.000000
185.000000 236.000000
172.000000 234.000000
155.000000 237.000000
141.000000 244.000000
154.000000 255.000000
165.000000 261.000000
178.000000 265.000000
192.000000 265.000000
203.000000 260.000000
213.000000 254.000000
