175.000000 8.000000
113.000000 16.000000
82.000000 44.000000
66.000000 80.000000
57.000000 113.000000
49.000000 152.000000
50.000000 195.000000
56.000000 237.000000
73.000000 276.000000
98.000000 308.000000
129.000000 331.000000
171.000000 340.000000
210.000000 328.000000
242.000000 303.000000
268.000000 273.000000
282.000000 239.000000
292.000000 201.000000
297.000000 160.000000
292.000000 121.000000
281.000000 84.000000
272.000000 46.000000
240.000000 18.000000
147.000000 114.000000
130.000000 108.000000
114.000000 104.000000
96.000000 104.000000
79.000000 109.000000
82.000000 117.000000
98.000000 115.000000
114.000000 117.000000
129.000000 121.000000
143.000000 125.000000
275.000000 114.000000
261.000000 108.000000
246.000000 108.000000
229.000000 110.000000
213.000000 114.000000
215.000000 125.000000
232.000000 121.000000
247.000000 119.000000
261.000000 119.000000
273.000000 122.000000
143.000000 154.000000
135.000000 144.000000
121.000000 138.000000
108.000000 140.000000
93.000000 148.000000
107.000000 154.000000
119.000000 158.000000
131.000000 157.000000
263.000000 153.000000
250.000000 142.000000
232.000000 141.000000
221.000000 146.000000
212.000000 155.000000
223.000000 159.000000
237.000000 161.000000
249.000000 157.000000
120.000000 147.000000
234.000000 150.000000
159.000000 150.000000
154.000000 170.000000
149.000000 188.000000
143.000000 204.000000
137.000000 222.000000
153.000000 234.000000
175.000000 242.000000
194.000000 235.000000
210.000000 224.000000
206.000000 207.000000
202.000000 191.000000
198.000000 173.000000
195.000000 152.000000
222.000000 261.000000
204.000000 262.000000
187.000000 261.000000
175.000000 266.000000
162.000000 261.000000
145.000000 263.000000
124.000000 259.000000
137.000000 273.000000
151.000000 283.000000
167.000000 289.000000
184.000000 289.000000
198.000000 283.000000
210.000000 273.000000
