183.000000 28.000000
148.000000 32.000000
105.000000 48.000000
90.000000 83.000000
83.000000 120.000000
78.000000 151.000000
83.000000 185.000000
91.000000 219.000000
103.000000 252.000000
122.000000 280.000000
146.000000 302.000000
179.000000 314.000000
216.000000 301.000000
242.000000 277.000000
261.000000 248.000000
272.000000 218.000000
277.000000 184.000000
280.000000 151.000000
275.000000 120.000000
261.000000 92.000000
245.000000 56.000000
219.000000 33.000000
153.000000 127.000000
139.000000 122.000000
125.000000 119.000000
112.000000 119.000000
100.000000 124.000000
103.000000 131.000000
114.000000 128.000000
125.000000 129.000000
139.000000 132.000000
151.000000 136.000000
257.000000 121.000000
244.000000 116.000000
231.000000 117.000000
217.000000 121.000000
203.000000 126.000000
205.000000 135.000000
219.000000 131.000000
232.000000 127.000000
244.000000 125.000000
254.000000 127.000000
153.000000 160.000000
146.000000 150.000000
135.000000 145.000000
123.000000 147.000000
106.000000 152.000000
119.000000 162.000000
132.000000 163.000000
143.000000 162.000000
245.000000 152.000000
233.000000 146.000000
221.000000 145.000000
211.000000 150.000000
204.000000 159.000000
213.000000 162.000000
225.000000 163.000000
236.000000 159.000000
134.000000 153.000000
222.000000 154.000000
164.000000 155.000000
163.000000 172.000000
160.000000 188.000000
155.000000 203.000000
150.000000 218.000000
162.000000 227.000000
179.000000 233.000000
197.000000 226.000000
208.000000 217.000000
202.000000 203.000000
196.000000 188.000000
192.000000 170.000000
190.000000 154.000000
216.000000 250.000000
201.000000 247.000000
189.000000 245.000000
179.000000 248.000000
170.000000 245.000000
157.000000 248.000000
144.000000 251.000000
153.000000 261.000000
162.000000 268.000000
174.000000 272.000000
186.000000 272.000000
196.000000 268.000000
206.000000 261.000000
