175.000000 1.000000
139.000000 14.000000
119.000000 40.000000
96.000000 64.000000
81.000000 94.000000
76.000000 127.000000
80.000000 163.000000
89.000000 198.000000
100.000000 231.000000
118.000000 260.000000
142.000000 286.000000
183.000000 300.000000
219.000000 283.000000
245.000000 257.000000
265.000000 226.000000
276.000000 193.000000
285.000000 158.000000
289.000000 125.000000
283.000000 92.000000
268.000000 62.000000
263.000000 30.000000
239.000000 13.000000
149.000000 94.000000
134.000000 88.000000
120.000000 86.000000
104.000000 85.000000
90.000000 90.000000
92.000000 98.000000
105.000000 97.000000
120.000000 97.000000
134.000000 100.000000
147.000000 104.000000
267.000000 90.000000
256.000000 86.000000
242.000000 86.000000
228.000000 88.000000
215.000000 93.000000
216.000000 103.000000
230.000000 98.000000
244.000000 96.000000
255.000000 96.000000
265.000000 97.000000
150.000000 130.000000
143.000000 119.000000
130.000000 112.000000
116.000000 114.000000
105.000000 122.000000
113.000000 130.000000
126.000000 134.000000
139.000000 134.000000
254.000000 122.000000
245.000000 114.000000
233.000000 112.000000
221.000000 118.000000
213.000000 129.000000
224.000000 133.000000
237.000000 134.000000
249.000000 130.000000
128.000000 122.000000
232.000000 122.000000
164.000000 125.000000
162.000000 145.000000
158.000000 163.000000
154.000000 180.000000
150.000000 196.000000
165.000000 206.000000
181.000000 212.000000
199.000000 207.000000
214.000000 197.000000
210.000000 181.000000
206.000000 165.000000
201.000000 145.000000
199.000000 125.000000
219.000000 235.000000
206.000000 233.000000
193.000000 229.000000
183.000000 234.000000
171.000000 230.000000
158.000000 234.000000
144.000000 238.000000
152.000000 248.000000
163.000000 256.000000
176.000000 261.000000
190.000000 261.000000
201.000000 255.000000
211.000000 246.000000
