168.000000 27.000000
133.000000 34.000000
101.000000 51.000000
76.000000 78.000000
61.000000 110.000000
56.000000 146.000000
61.000000 184.000000
69.000000 221.000000
84.000000 255.000000
106.000000 284.000000
132.000000 306.000000
169.000000 316.000000
208.000000 305.000000
239.000000 281.000000
266.000000 250.000000
277.000000 213.000000
284.000000 177.000000
287.000000 139.000000
280.000000 104.000000
263.000000 72.000000
237.000000 47.000000
204.000000 32.000000
134.000000 104.000000
119.000000 99.000000
104.000000 96.000000
90.000000 97.000000
78.000000 105.000000
82.000000 111.000000
93.000000 107.000000
105.000000 107.000000
118.000000 109.000000
131.000000 113.000000
254.000000 104.000000
239.000000 97.000000
223.000000 96.000000
208.000000 99.000000
193.000000 104.000000
196.000000 113.000000
210.000000 108.000000
225.000000 105.000000
239.000000 106.000000
251.000000 111.000000
136.000000 140.000000
127.000000 132.000000
114.000000 128.000000
101.000000 132.000000
86.000000 142.000000
103.000000 141.000000
116.000000 142.000000
126.000000 141.000000
244.000000 135.000000
228.000000 128.000000
214.000000 127.000000
204.000000 131.000000
196.000000 138.000000
205.000000 139.000000
216.000000 140.000000
229.000000 139.000000
117.000000 134.000000
217.000000 133.000000
149.000000 136.000000
146.000000 154.000000
143.000000 171.000000
136.000000 186.000000
131.000000 203.000000
145.000000 211.000000
164.000000 216.000000
182.000000 211.000000
198.000000 201.000000
193.000000 186.000000
187.000000 170.000000
183.000000 154.000000
181.000000 136.000000
209.000000 240.000000
192.000000 237.000000
177.000000 234.000000
166.000000 238.000000
154.000000 235.000000
141.000000 238.000000
125.000000 240.000000
134.000000 252.000000
145.000000 259.000000
160.000000 264.000000
174.000000 264.000000
187.000000 259.000000
198.000000 251.000000
