176.000000 61.000000
141.000000 68.000000
103.000000 81.000000
85.000000 118.000000
68.000000 148.000000
62.000000 183.000000
66.000000 220.000000
75.000000 254.000000
91.000000 283.000000
112.000000 309.000000
136.000000 332.000000
170.000000 342.000000
205.000000 334.000000
233.000000 311.000000
256.000000 286.000000
272.000000 255.000000
281.000000 222.000000
284.000000 186.000000
279.000000 152.000000
264.000000 121.000000
245.000000 90.000000
215.000000 68.000000
143.000000 150.000000
129.000000 145.000000
116.000000 141.000000
102.000000 139.000000
90.000000 142.000000
91.000000 151.000000
103.000000 150.000000
115.000000 152.000000
127.000000 155.000000
140.000000 159.000000
258.000000 144.000000
243.000000 140.000000
229.000000 141.000000
213.000000 145.000000
197.000000 150.000000
199.000000 158.000000
215.000000 155.000000
229.000000 152.000000
243.000000 151.000000
257.000000 152.000000
141.000000 184.000000
134.000000 172.000000
121.000000 166.000000
107.000000 168.000000
92.000000 175.000000
107.000000 182.000000
119.000000 186.000000
130.000000 185.000000
248.000000 178.000000
234.000000 170.000000
220.000000 168.000000
208.000000 174.000000
199.000000 183.000000
210.000000 186.000000
223.000000 187.000000
235.000000 185.000000
121.000000 175.000000
221.000000 177.000000
155.000000 178.000000
151.000000 195.000000
152.000000 213.000000
143.000000 229.000000
136.000000 241.000000
149.000000 249.000000
167.000000 255.000000
185.000000 249.000000
199.000000 241.000000
191.000000 229.000000
183.000000 215.000000
181.000000 197.000000
183.000000 178.000000
209.000000 274.000000
192.000000 271.000000
178.000000 270.000000
168.000000 273.000000
155.000000 269.000000
142.000000 272.000000
128.000000 273.000000
140.000000 283.000000
150.000000 290.000000
162.000000 293.000000
175.000000 293.000000
188.000000 289.000000
199.000000 283.000000
