180.000000 60.000000
147.000000 62.000000
111.000000 80.000000
85.000000 109.000000
80.000000 141.000000
75.000000 172.000000
80.000000 205.000000
87.000000 238.000000
98.000000 270.000000
119.000000 296.000000
143.000000 319.000000
179.000000 330.000000
210.000000 319.000000
235.000000 297.000000
254.000000 270.000000
266.000000 240.000000
272.000000 207.000000
276.000000 173.000000
271.000000 142.000000
266.000000 110.000000
248.000000 89.000000
217.000000 64.000000
153.000000 149.000000
139.000000 144.000000
124.000000 140.000000
109.000000 139.000000
96.000000 143.000000
98.000000 150.000000
110.000000 149.000000
124.000000 151.000000
138.000000 154.000000
151.000000 158.000000
255.000000 145.000000
244.000000 141.000000
231.000000 142.000000
218.000000 144.000000
204.000000 149.000000
206.000000 157.000000
221.000000 154.000000
233.000000 151.000000
244.000000 149.000000
254.000000 151.000000
150.000000 178.000000
142.000000 168.000000
131.000000 163.000000
119.000000 164.000000
111.000000 171.000000
118.000000 178.000000
129.000000 181.000000
140.000000 180.000000
243.000000 172.000000
234.000000 165.000000
222.000000 164.000000
212.000000 168.000000
204.000000 177.000000
215.000000 180.000000
226.000000 180.000000
237.000000 178.000000
129.000000 171.000000
223.000000 171.000000
164.000000 175.000000
162.000000 192.000000
158.000000 206.000000
153.000000 221.000000
151.000000 235.000000
163.000000 243.000000
178.000000 248.000000
193.000000 243.000000
205.000000 235.000000
202.000000 221.000000
197.000000 206.000000
193.000000 193.000000
191.000000 175.000000
210.000000 269.000000
199.000000 265.000000
188.000000 262.000000
178.000000 265.000000
166.000000 262.000000
155.000000 265.000000
143.000000 270.000000
151.000000 282.000000
160.000000 290.000000
172.000000 295.000000
185.000000 294.000000
196.000000 289.000000
205.000000 280.000000
