177.000000 57.000000
145.000000 59.000000
117.000000 76.000000
106.000000 105.000000
93.000000 129.000000
89.000000 156.000000
91.000000 187.000000
96.000000 216.000000
106.000000 244.000000
124.000000 265.000000
147.000000 282.000000
179.000000 290.000000
210.000000 281.000000
236.000000 264.000000
253.000000 240.000000
259.000000 214.000000
263.000000 186.000000
263.000000 156.000000
259.000000 129.000000
253.000000 105.000000
236.000000 78.000000
214.000000 60.000000
155.000000 122.000000
143.000000 117.000000
132.000000 115.000000
120.000000 116.000000
110.000000 122.000000
113.000000 130.000000
123.000000 127.000000
133.000000 126.000000
143.000000 128.000000
153.000000 131.000000
244.000000 122.000000
233.000000 117.000000
221.000000 116.000000
210.000000 118.000000
199.000000 123.000000
201.000000 132.000000
212.000000 129.000000
223.000000 127.000000
233.000000 127.000000
243.000000 129.000000
155.000000 153.000000
149.000000 146.000000
140.000000 142.000000
127.000000 144.000000
117.000000 149.000000
127.000000 155.000000
138.000000 156.000000
146.000000 155.000000
242.000000 150.000000
229.000000 144.000000
217.000000 143.000000
208.000000 146.000000
202.000000 152.000000
210.000000 155.000000
219.000000 156.000000
231.000000 154.000000
139.000000 148.000000
217.000000 149.000000
166.000000 150.000000
165.000000 164.000000
162.000000 177.000000
158.000000 188.000000
153.000000 201.000000
164.000000 209.000000
179.000000 213.000000
194.000000 209.000000
204.000000 200.000000
198.000000 188.000000
194.000000 177.000000
190.000000 164.000000
189.000000 150.000000
216.000000 233.000000
199.000000 228.000000
188.000000 226.000000
180.000000 229.000000
171.000000 226.000000
159.000000 230.000000
144.000000 233.000000
154.000000 242.000000
164.000000 247.000000
174.000000 250.000000
185.000000 250.000000
196.000000 246.000000
205.000000 240.000000
