177.000000 62.000000
149.000000 66.000000
123.000000 80.000000
102.000000 101.000000
89.000000 127.000000
84.000000 156.000000
85.000000 189.000000
89.000000 219.000000
99.000000 250.000000
119.000000 274.000000
145.000000 290.000000
179.000000 298.000000
210.000000 289.000000
235.000000 270.000000
255.000000 247.000000
264.000000 217.000000
270.000000 186.000000
271.000000 155.000000
267.000000 126.000000
253.000000 100.000000
232.000000 79.000000
206.000000 66.000000
156.000000 119.000000
144.000000 114.000000
131.000000 112.000000
118.000000 112.000000
106.000000 116.000000
108.000000 121.000000
119.000000 119.000000
131.000000 120.000000
143.000000 122.000000
153.000000 125.000000
250.000000 122.000000
239.000000 118.000000
226.000000 115.000000
215.000000 116.000000
204.000000 119.000000
207.000000 126.000000
217.000000 124.000000
227.000000 123.000000
238.000000 125.000000
248.000000 127.000000
154.000000 153.000000
148.000000 144.000000
138.000000 139.000000
127.000000 140.000000
118.000000 144.000000
125.000000 150.000000
134.000000 153.000000
144.000000 153.000000
237.000000 148.000000
228.000000 142.000000
219.000000 142.000000
210.000000 146.000000
203.000000 152.000000
212.000000 155.000000
221.000000 156.000000
231.000000 153.000000
136.000000 146.000000
220.000000 149.000000
166.000000 150.000000
164.000000 164.000000
160.000000 178.000000
155.000000 191.000000
151.000000 204.000000
163.000000 211.000000
177.000000 214.000000
191.000000 212.000000
204.000000 204.000000
200.000000 191.000000
196.000000 180.000000
193.000000 164.000000
191.000000 150.000000
210.000000 238.000000
198.000000 232.000000
186.000000 229.000000
177.000000 231.000000
166.000000 229.000000
155.000000 232.000000
143.000000 238.000000
151.000000 247.000000
160.000000 254.000000
171.000000 257.000000
183.000000 257.000000
194.000000 253.000000
202.000000 246.000000
