168.000000 12.000000
121.000000 23.000000
95.000000 50.000000
78.000000 82.000000
78.000000 125.000000
74.000000 158.000000
80.000000 193.000000
90.000000 224.000000
104.000000 254.000000
121.000000 283.000000
144.000000 307.000000
183.000000 319.000000
218.000000 305.000000
240.000000 272.000000
259.000000 247.000000
271.000000 215.000000
280.000000 184.000000
285.000000 150.000000
279.000000 118.000000
273.000000 88.000000
252.000000 39.000000
211.000000 13.000000
149.000000 123.000000
135.000000 119.000000
121.000000 118.000000
106.000000 118.000000
91.000000 123.000000
93.000000 130.000000
108.000000 128.000000
121.000000 128.000000
135.000000 130.000000
147.000000 133.000000
264.000000 119.000000
252.000000 115.000000
238.000000 114.000000
223.000000 116.000000
207.000000 120.000000
209.000000 130.000000
224.000000 126.000000
238.000000 124.000000
251.000000 124.000000
262.000000 125.000000
148.000000 158.000000
141.000000 147.000000
128.000000 142.000000
115.000000 145.000000
106.000000 153.000000
116.000000 161.000000
127.000000 164.000000
138.000000 162.000000
249.000000 148.000000
240.000000 140.000000
226.000000 139.000000
214.000000 144.000000
207.000000 156.000000
218.000000 160.000000
231.000000 161.000000
244.000000 156.000000
129.000000 152.000000
226.000000 149.000000
163.000000 152.000000
161.000000 173.000000
160.000000 190.000000
156.000000 206.000000
149.000000 223.000000
160.000000 234.000000
178.000000 241.000000
198.000000 235.000000
210.000000 222.000000
202.000000 206.000000
198.000000 189.000000
194.000000 172.000000
193.000000 152.000000
215.000000 258.000000
202.000000 258.000000
190.000000 256.000000
179.000000 260.000000
169.000000 258.000000
157.000000 260.000000
143.000000 261.000000
152.000000 270.000000
162.000000 277.000000
174.000000 281.000000
187.000000 280.000000
197.000000 276.000000
206.000000 269.000000
