178.000000 3.000000
136.000000 9.000000
98.000000 28.000000
68.000000 58.000000
49.000000 95.000000
42.000000 137.000000
44.000000 184.000000
56.000000 225.000000
75.000000 264.000000
101.000000 297.000000
132.000000 325.000000
176.000000 338.000000
217.000000 321.000000
247.000000 291.000000
272.000000 258.000000
291.000000 221.000000
305.000000 182.000000
311.000000 139.000000
305.000000 98.000000
286.000000 60.000000
257.000000 30.000000
219.000000 10.000000
145.000000 99.000000
128.000000 92.000000
109.000000 88.000000
90.000000 89.000000
71.000000 96.000000
74.000000 108.000000
92.000000 104.000000
109.000000 105.000000
125.000000 106.000000
141.000000 111.000000
284.000000 101.000000
267.000000 95.000000
249.000000 95.000000
233.000000 97.000000
215.000000 102.000000
219.000000 114.000000
236.000000 112.000000
251.000000 110.000000
266.000000 110.000000
281.000000 112.000000
141.000000 143.000000
130.000000 130.000000
115.000000 124.000000
100.000000 125.000000
74.000000 131.000000
97.000000 142.000000
113.000000 145.000000
129.000000 144.000000
278.000000 137.000000
258.000000 123.000000
240.000000 123.000000
227.000000 132.000000
217.000000 142.000000
231.000000 146.000000
245.000000 146.000000
260.000000 142.000000
114.000000 134.000000
241.000000 136.000000
160.000000 138.000000
157.000000 163.000000
153.000000 184.000000
146.000000 203.000000
138.000000 224.000000
153.000000 238.000000
176.000000 246.000000
201.000000 239.000000
215.000000 225.000000
209.000000 205.000000
203.000000 186.000000
199.000000 162.000000
198.000000 139.000000
217.000000 269.000000
201.000000 266.000000
188.000000 263.000000
176.000000 268.000000
164.000000 264.000000
149.000000 267.000000
131.000000 271.000000
142.000000 283.000000
154.000000 292.000000
168.000000 297.000000
183.000000 297.000000
196.000000 291.000000
206.000000 282.000000
