190.000000 4.000000
152.000000 10.000000
123.000000 31.000000
102.000000 56.000000
85.000000 83.000000
80.000000 112.000000
77.000000 155.000000
83.000000 192.000000
94.000000 224.000000
109.000000 254.000000
133.000000 279.000000
172.000000 294.000000
204.000000 282.000000
230.000000 260.000000
249.000000 232.000000
262.000000 200.000000
275.000000 169.000000
280.000000 134.000000
283.000000 101.000000
267.000000 69.000000
250.000000 41.000000
224.000000 10.000000
164.000000 93.000000
148.000000 86.000000
133.000000 82.000000
116.000000 84.000000
103.000000 92.000000
105.000000 98.000000
119.000000 93.000000
132.000000 93.000000
146.000000 96.000000
160.000000 102.000000
271.000000 105.000000
260.000000 97.000000
246.000000 94.000000
232.000000 96.000000
216.000000 100.000000
219.000000 108.000000
232.000000 105.000000
246.000000 103.000000
258.000000 104.000000
267.000000 110.000000
157.000000 135.000000
149.000000 123.000000
137.000000 117.000000
125.000000 118.000000
115.000000 125.000000
123.000000 133.000000
135.000000 137.000000
147.000000 137.000000
253.000000 137.000000
246.000000 129.000000
235.000000 127.000000
223.000000 130.000000
215.000000 138.000000
224.000000 144.000000
235.000000 145.000000
247.000000 143.000000
135.000000 126.000000
233.000000 136.000000
173.000000 130.000000
169.000000 148.000000
165.000000 164.000000
158.000000 178.000000
150.000000 195.000000
162.000000 207.000000
180.000000 214.000000
197.000000 210.000000
208.000000 201.000000
205.000000 184.000000
202.000000 167.000000
200.000000 151.000000
200.000000 133.000000
208.000000 236.000000
198.000000 233.000000
188.000000 228.000000
178.000000 231.000000
167.000000 228.000000
154.000000 231.000000
139.000000 232.000000
147.000000 242.000000
157.000000 249.000000
169.000000 253.000000
182.000000 254.000000
192.000000 250.000000
200.000000 244.000000
