178.000000 69.000000
144.000000 76.000000
121.000000 91.000000
103.000000 112.000000
98.000000 142.000000
95.000000 169.000000
97.000000 200.000000
101.000000 229.000000
112.000000 254.000000
130.000000 276.000000
153.000000 292.000000
183.000000 300.000000
213.000000 290.000000
234.000000 271.000000
250.000000 249.000000
260.000000 224.000000
265.000000 198.000000
268.000000 167.000000
263.000000 141.000000
258.000000 117.000000
240.000000 90.000000
211.000000 70.000000
164.000000 142.000000
151.000000 139.000000
139.000000 137.000000
127.000000 138.000000
117.000000 142.000000
119.000000 148.000000
129.000000 146.000000
139.000000 146.000000
150.000000 147.000000
162.000000 150.000000
246.000000 144.000000
236.000000 140.000000
225.000000 139.000000
215.000000 140.000000
204.000000 143.000000
206.000000 150.000000
216.000000 149.000000
225.000000 147.000000
235.000000 148.000000
244.000000 150.000000
162.000000 171.000000
156.000000 164.000000
147.000000 160.000000
137.000000 161.000000
129.000000 166.000000
136.000000 171.000000
146.000000 173.000000
154.000000 173.000000
235.000000 167.000000
227.000000 162.000000
218.000000 162.000000
210.000000 165.000000
205.000000 171.000000
212.000000 174.000000
221.000000 174.000000
229.000000 172.000000
146.000000 166.000000
219.000000 168.000000
172.000000 168.000000
169.000000 181.000000
166.000000 193.000000
160.000000 205.000000
157.000000 217.000000
168.000000 225.000000
183.000000 230.000000
197.000000 225.000000
206.000000 217.000000
203.000000 206.000000
199.000000 194.000000
195.000000 181.000000
194.000000 168.000000
210.000000 247.000000
199.000000 243.000000
190.000000 240.000000
182.000000 243.000000
174.000000 240.000000
164.000000 243.000000
152.000000 246.000000
161.000000 254.000000
169.000000 259.000000
178.000000 263.000000
188.000000 262.000000
197.000000 259.000000
204.000000 253.000000
