167.000000 56.000000
129.000000 58.000000
99.000000 75.000000
85.000000 114.000000
71.000000 148.000000
73.000000 179.000000
74.000000 212.000000
84.000000 244.000000
95.000000 274.000000
113.000000 300.000000
135.000000 322.000000
169.000000 336.000000
205.000000 326.000000
235.000000 303.000000
253.000000 276.000000
264.000000 247.000000
271.000000 214.000000
278.000000 181.000000
273.000000 148.000000
263.000000 118.000000
244.000000 79.000000
206.000000 60.000000
139.000000 145.000000
127.000000 140.000000
113.000000 137.000000
99.000000 137.000000
88.000000 143.000000
89.000000 150.000000
101.000000 147.000000
113.000000 148.000000
126.000000 150.000000
137.000000 154.000000
253.000000 141.000000
238.000000 135.000000
224.000000 136.000000
209.000000 140.000000
196.000000 144.000000
197.000000 152.000000
211.000000 150.000000
226.000000 146.000000
239.000000 146.000000
251.000000 147.000000
140.000000 178.000000
133.000000 167.000000
121.000000 161.000000
108.000000 164.000000
99.000000 171.000000
107.000000 178.000000
118.000000 180.000000
129.000000 179.000000
238.000000 172.000000
230.000000 164.000000
218.000000 163.000000
207.000000 168.000000
199.000000 178.000000
209.000000 180.000000
221.000000 180.000000
231.000000 177.000000
121.000000 171.000000
219.000000 171.000000
153.000000 176.000000
152.000000 193.000000
150.000000 209.000000
147.000000 224.000000
141.000000 239.000000
151.000000 249.000000
168.000000 256.000000
187.000000 249.000000
198.000000 239.000000
192.000000 224.000000
189.000000 209.000000
185.000000 192.000000
184.000000 176.000000
210.000000 270.000000
193.000000 271.000000
180.000000 269.000000
170.000000 272.000000
161.000000 270.000000
148.000000 272.000000
133.000000 271.000000
144.000000 283.000000
153.000000 290.000000
165.000000 295.000000
176.000000 295.000000
187.000000 290.000000
197.000000 284.000000
