179.000000 80.000000
152.000000 84.000000
127.000000 97.000000
108.000000 116.000000
96.000000 141.000000
91.000000 168.000000
94.000000 197.000000
99.000000 225.000000
109.000000 252.000000
125.000000 274.000000
146.000000 292.000000
175.000000 301.000000
206.000000 292.000000
232.000000 274.000000
251.000000 251.000000
260.000000 225.000000
265.000000 198.000000
267.000000 167.000000
262.000000 140.000000
250.000000 116.000000
230.000000 96.000000
206.000000 84.000000
154.000000 147.000000
143.000000 143.000000
132.000000 140.000000
120.000000 138.000000
108.000000 142.000000
110.000000 149.000000
121.000000 148.000000
132.000000 149.000000
143.000000 152.000000
151.000000 155.000000
241.000000 141.000000
231.000000 138.000000
220.000000 139.000000
208.000000 141.000000
196.000000 146.000000
198.000000 154.000000
210.000000 150.000000
221.000000 147.000000
231.000000 145.000000
240.000000 146.000000
151.000000 173.000000
146.000000 164.000000
137.000000 161.000000
128.000000 162.000000
120.000000 166.000000
126.000000 172.000000
134.000000 176.000000
143.000000 175.000000
231.000000 167.000000
224.000000 162.000000
214.000000 160.000000
204.000000 164.000000
197.000000 172.000000
206.000000 175.000000
216.000000 176.000000
226.000000 173.000000
136.000000 168.000000
213.000000 168.000000
162.000000 168.000000
160.000000 183.000000
157.000000 196.000000
154.000000 208.000000
148.000000 221.000000
158.000000 228.000000
172.000000 233.000000
188.000000 228.000000
199.000000 219.000000
193.000000 208.000000
188.000000 196.000000
186.000000 184.000000
184.000000 168.000000
207.000000 251.000000
194.000000 248.000000
183.000000 246.000000
173.000000 248.000000
164.000000 246.000000
153.000000 249.000000
142.000000 251.000000
148.000000 259.000000
156.000000 266.000000
167.000000 270.000000
179.000000 270.000000
189.000000 267.000000
199.000000 260.000000
