173.000000 68.000000
133.000000 66.000000
107.000000 83.000000
83.000000 116.000000
82.000000 148.000000
75.000000 179.000000
76.000000 213.000000
82.000000 246.000000
93.000000 277.000000
110.000000 303.000000
131.000000 326.000000
162.000000 341.000000
199.000000 333.000000
230.000000 313.000000
254.000000 288.000000
267.000000 259.000000
274.000000 227.000000
279.000000 193.000000
276.000000 161.000000
263.000000 131.000000
242.000000 107.000000
208.000000 82.000000
148.000000 150.000000
134.000000 143.000000
120.000000 138.000000
106.000000 137.000000
94.000000 141.000000
95.000000 148.000000
107.000000 147.000000
119.000000 148.000000
132.000000 152.000000
144.000000 157.000000
255.000000 155.000000
242.000000 148.000000
227.000000 147.000000
214.000000 149.000000
200.000000 153.000000
202.000000 160.000000
215.000000 158.000000
228.000000 156.000000
240.000000 156.000000
251.000000 160.000000
144.000000 181.000000
138.000000 171.000000
128.000000 165.000000
117.000000 166.000000
108.000000 172.000000
114.000000 179.000000
125.000000 182.000000
136.000000 182.000000
240.000000 183.000000
231.000000 176.000000
220.000000 174.000000
209.000000 177.000000
201.000000 184.000000
210.000000 188.000000
222.000000 190.000000
232.000000 188.000000
129.000000 173.000000
221.000000 181.000000
158.000000 180.000000
154.000000 197.000000
150.000000 212.000000
143.000000 225.000000
139.000000 239.000000
150.000000 249.000000
166.000000 257.000000
182.000000 252.000000
195.000000 243.000000
192.000000 229.000000
188.000000 215.000000
185.000000 198.000000
185.000000 182.000000
200.000000 277.000000
185.000000 272.000000
174.000000 268.000000
164.000000 271.000000
154.000000 266.000000
144.000000 268.000000
131.000000 270.000000
138.000000 283.000000
145.000000 293.000000
156.000000 301.000000
170.000000 302.000000
182.000000 296.000000
192.000000 288.000000
