186.000000 47.000000
156.000000 52.000000
129.000000 65.000000
108.000000 86.000000
94.000000 112.000000
89.000000 142.000000
93.000000 173.000000
98.000000 205.000000
108.000000 234.000000
124.000000 258.000000
146.000000 278.000000
177.000000 289.000000
208.000000 281.000000
235.000000 263.000000
258.000000 238.000000
270.000000 209.000000
276.000000 177.000000
280.000000 144.000000
276.000000 115.000000
263.000000 88.000000
242.000000 66.000000
215.000000 52.000000
155.000000 122.000000
142.000000 117.000000
130.000000 114.000000
118.000000 112.000000
107.000000 116.000000
109.000000 122.000000
119.000000 120.000000
129.000000 122.000000
141.000000 125.000000
153.000000 130.000000
251.000000 119.000000
239.000000 115.000000
226.000000 114.000000
213.000000 117.000000
200.000000 121.000000
202.000000 129.000000
215.000000 126.000000
227.000000 123.000000
239.000000 123.000000
249.000000 125.000000
152.000000 148.000000
146.000000 139.000000
137.000000 134.000000
126.000000 135.000000
119.000000 141.000000
125.000000 147.000000
134.000000 150.000000
144.000000 150.000000
239.000000 145.000000
231.000000 138.000000
219.000000 137.000000
210.000000 142.000000
203.000000 150.000000
212.000000 153.000000
223.000000 154.000000
233.000000 151.000000
137.000000 142.000000
222.000000 145.000000
163.000000 147.000000
160.000000 161.000000
156.000000 175.000000
151.000000 188.000000
147.000000 202.000000
158.000000 208.000000
174.000000 214.000000
191.000000 209.000000
203.000000 201.000000
200.000000 189.000000
196.000000 175.000000
192.000000 162.000000
190.000000 148.000000
213.000000 229.000000
198.000000 228.000000
185.000000 226.000000
175.000000 228.000000
165.000000 226.000000
153.000000 227.000000
138.000000 226.000000
149.000000 236.000000
158.000000 243.000000
170.000000 247.000000
182.000000 248.000000
193.000000 244.000000
204.000000 237.000000
