166.000000 16.000000
115.000000 20.000000
80.000000 45.000000
68.000000 80.000000
64.000000 115.000000
67.000000 152.000000
72.000000 192.000000
83.000000 227.000000
101.000000 258.000000
118.000000 288.000000
144.000000 310.000000
182.000000 321.000000
217.000000 307.000000
243.000000 281.000000
268.000000 252.000000
279.000000 217.000000
287.000000 181.000000
292.000000 145.000000
291.000000 110.000000
283.000000 73.000000
254.000000 36.000000
212.000000 20.000000
148.000000 113.000000
133.000000 105.000000
118.000000 102.000000
103.000000 102.000000
91.000000 107.000000
94.000000 116.000000
105.000000 113.000000
118.000000 114.000000
132.000000 117.000000
145.000000 122.000000
263.000000 107.000000
250.000000 102.000000
237.000000 103.000000
222.000000 107.000000
207.000000 112.000000
211.000000 122.000000
225.000000 117.000000
238.000000 114.000000
250.000000 113.000000
261.000000 114.000000
150.000000 150.000000
139.000000 139.000000
127.000000 134.000000
116.000000 136.000000
93.000000 144.000000
114.000000 151.000000
126.000000 154.000000
138.000000 153.000000
267.000000 144.000000
241.000000 136.000000
229.000000 134.000000
217.000000 139.000000
208.000000 150.000000
219.000000 151.000000
231.000000 153.000000
242.000000 150.000000
126.000000 144.000000
229.000000 143.000000
162.000000 143.000000
160.000000 161.000000
156.000000 177.000000
150.000000 193.000000
145.000000 209.000000
159.000000 218.000000
178.000000 222.000000
198.000000 216.000000
211.000000 206.000000
205.000000 191.000000
199.000000 176.000000
195.000000 160.000000
192.000000 142.000000
225.000000 242.000000
207.000000 237.000000
191.000000 235.000000
179.000000 239.000000
166.000000 236.000000
149.000000 240.000000
135.000000 246.000000
144.000000 259.000000
155.000000 268.000000
172.000000 273.000000
188.000000 272.000000
202.000000 265.000000
213.000000 255.000000
