170.000000 69.000000
137.000000 79.000000
118.000000 100.000000
104.000000 125.000000
98.000000 151.000000
95.000000 176.000000
97.000000 204.000000
102.000000 230.000000
112.000000 255.000000
130.000000 275.000000
152.000000 291.000000
179.000000 297.000000
207.000000 289.000000
230.000000 270.000000
244.000000 248.000000
253.000000 224.000000
258.000000 197.000000
264.000000 166.000000
261.000000 139.000000
251.000000 117.000000
234.000000 90.000000
209.000000 71.000000
156.000000 142.000000
146.000000 140.000000
136.000000 138.000000
125.000000 140.000000
115.000000 144.000000
116.000000 148.000000
126.000000 146.000000
136.000000 146.000000
146.000000 148.000000
154.000000 150.000000
242.000000 141.000000
232.000000 136.000000
220.000000 135.000000
209.000000 137.000000
197.000000 141.000000
200.000000 148.000000
210.000000 145.000000
221.000000 142.000000
231.000000 142.000000
239.000000 145.000000
155.000000 176.000000
149.000000 167.000000
139.000000 163.000000
130.000000 165.000000
122.000000 171.000000
131.000000 176.000000
139.000000 178.000000
147.000000 177.000000
231.000000 168.000000
223.000000 163.000000
214.000000 162.000000
206.000000 166.000000
201.000000 173.000000
208.000000 176.000000
217.000000 177.000000
226.000000 174.000000
139.000000 170.000000
213.000000 169.000000
165.000000 168.000000
165.000000 183.000000
164.000000 196.000000
160.000000 209.000000
154.000000 222.000000
165.000000 227.000000
179.000000 231.000000
194.000000 227.000000
203.000000 220.000000
197.000000 208.000000
192.000000 196.000000
189.000000 182.000000
188.000000 167.000000
208.000000 250.000000
196.000000 248.000000
187.000000 244.000000
180.000000 247.000000
171.000000 245.000000
162.000000 248.000000
150.000000 251.000000
158.000000 258.000000
166.000000 262.000000
175.000000 265.000000
184.000000 264.000000
193.000000 262.000000
201.000000 257.000000
