176.000000 65.000000
141.000000 68.000000
121.000000 85.000000
110.000000 107.000000
98.000000 131.000000
93.000000 159.000000
94.000000 188.000000
100.000000 215.000000
109.000000 242.000000
128.000000 263.000000
151.000000 280.000000
184.000000 289.000000
216.000000 281.000000
239.000000 264.000000
256.000000 242.000000
264.000000 216.000000
269.000000 188.000000
270.000000 160.000000
266.000000 133.000000
256.000000 104.000000
241.000000 85.000000
209.000000 73.000000
160.000000 129.000000
148.000000 126.000000
136.000000 124.000000
124.000000 124.000000
114.000000 129.000000
115.000000 135.000000
126.000000 132.000000
136.000000 133.000000
147.000000 135.000000
158.000000 137.000000
253.000000 127.000000
242.000000 121.000000
228.000000 121.000000
215.000000 123.000000
203.000000 128.000000
205.000000 135.000000
217.000000 132.000000
230.000000 129.000000
241.000000 129.000000
251.000000 131.000000
158.000000 161.000000
153.000000 152.000000
143.000000 147.000000
133.000000 150.000000
126.000000 155.000000
133.000000 161.000000
141.000000 163.000000
150.000000 162.000000
240.000000 153.000000
232.000000 147.000000
222.000000 146.000000
212.000000 150.000000
205.000000 158.000000
214.000000 160.000000
225.000000 161.000000
234.000000 159.000000
143.000000 155.000000
222.000000 153.000000
172.000000 158.000000
171.000000 171.000000
171.000000 184.000000
165.000000 196.000000
159.000000 207.000000
168.000000 215.000000
182.000000 218.000000
196.000000 214.000000
202.000000 209.000000
200.000000 195.000000
196.000000 187.000000
192.000000 174.000000
191.000000 157.000000
211.000000 239.000000
199.000000 235.000000
191.000000 231.000000
182.000000 234.000000
172.000000 231.000000
163.000000 235.000000
154.000000 241.000000
161.000000 249.000000
168.000000 254.000000
177.000000 256.000000
188.000000 256.000000
197.000000 253.000000
204.000000 248.000000
