180.000000 80.000000
146.000000 88.000000
121.000000 108.000000
102.000000 133.000000
94.000000 160.000000
100.000000 193.000000
100.000000 224.000000
103.000000 251.000000
114.000000 279.000000
133.000000 304.000000
155.000000 325.000000
189.000000 335.000000
223.000000 321.000000
245.000000 295.000000
261.000000 268.000000
268.000000 237.000000
273.000000 208.000000
274.000000 177.000000
267.000000 149.000000
252.000000 124.000000
234.000000 98.000000
209.000000 79.000000
155.000000 155.000000
142.000000 151.000000
130.000000 151.000000
117.000000 151.000000
104.000000 157.000000
106.000000 164.000000
118.000000 161.000000
131.000000 161.000000
142.000000 162.000000
154.000000 164.000000
250.000000 147.000000
238.000000 142.000000
225.000000 143.000000
212.000000 146.000000
200.000000 151.000000
203.000000 160.000000
214.000000 155.000000
227.000000 152.000000
239.000000 152.000000
249.000000 154.000000
155.000000 191.000000
147.000000 183.000000
135.000000 180.000000
125.000000 182.000000
117.000000 188.000000
124.000000 194.000000
136.000000 195.000000
147.000000 193.000000
240.000000 177.000000
231.000000 173.000000
221.000000 173.000000
212.000000 178.000000
204.000000 185.000000
214.000000 187.000000
224.000000 186.000000
234.000000 183.000000
135.000000 186.000000
222.000000 179.000000
167.000000 185.000000
166.000000 202.000000
163.000000 218.000000
159.000000 232.000000
157.000000 247.000000
169.000000 253.000000
184.000000 257.000000
200.000000 251.000000
212.000000 242.000000
208.000000 229.000000
203.000000 216.000000
197.000000 200.000000
194.000000 183.000000
221.000000 273.000000
207.000000 271.000000
195.000000 269.000000
186.000000 273.000000
176.000000 271.000000
164.000000 275.000000
151.000000 278.000000
158.000000 289.000000
168.000000 298.000000
181.000000 303.000000
194.000000 302.000000
206.000000 296.000000
214.000000 286.000000
