187.000000 0.000000
141.000000 0.000000
100.000000 0.000000
50.000000 13.000000
45.000000 62.000000
36.000000 107.000000
39.000000 155.000000
48.000000 200.000000
63.000000 246.000000
92.000000 285.000000
128.000000 316.000000
179.000000 331.000000
224.000000 316.000000
263.000000 287.000000
291.000000 250.000000
307.000000 207.000000
320.000000 162.000000
326.000000 119.000000
321.000000 72.000000
307.000000 20.000000
271.000000 0.000000
231.000000 0.000000
146.000000 67.000000
129.000000 59.000000
112.000000 52.000000
94.000000 50.000000
78.000000 55.000000
79.000000 62.000000
95.000000 59.000000
110.000000 64.000000
126.000000 71.000000
142.000000 78.000000
299.000000 68.000000
281.000000 59.000000
262.000000 60.000000
243.000000 64.000000
224.000000 70.000000
226.000000 81.000000
246.000000 76.000000
264.000000 71.000000
280.000000 69.000000
296.000000 73.000000
144.000000 117.000000
135.000000 103.000000
119.000000 94.000000
103.000000 95.000000
90.000000 104.000000
100.000000 112.000000
116.000000 117.000000
132.000000 117.000000
277.000000 111.000000
265.000000 102.000000
250.000000 101.000000
237.000000 106.000000
226.000000 117.000000
239.000000 121.000000
254.000000 124.000000
269.000000 120.000000
118.000000 105.000000
250.000000 111.000000
166.000000 112.000000
163.000000 136.000000
158.000000 158.000000
149.000000 179.000000
141.000000 201.000000
157.000000 211.000000
180.000000 218.000000
202.000000 213.000000
219.000000 205.000000
214.000000 184.000000
209.000000 162.000000
206.000000 140.000000
205.000000 114.000000
225.000000 251.000000
206.000000 245.000000
193.000000 240.000000
180.000000 244.000000
164.000000 239.000000
149.000000 242.000000
131.000000 246.000000
142.000000 259.000000
155.000000 268.000000
171.000000 272.000000
187.000000 273.000000
201.000000 269.000000
212.000000 261.000000
