173.000000 7.000000
133.000000 2.000000
67.000000 19.000000
53.000000 55.000000
54.000000 96.000000
49.000000 135.000000
53.000000 176.000000
61.000000 214.000000
73.000000 255.000000
94.000000 291.000000
123.000000 321.000000
174.000000 336.000000
226.000000 324.000000
263.000000 293.000000
296.000000 267.000000
306.000000 228.000000
304.000000 176.000000
310.000000 135.000000
307.000000 94.000000
291.000000 50.000000
270.000000 20.000000
215.000000 4.000000
133.000000 94.000000
116.000000 89.000000
100.000000 86.000000
84.000000 86.000000
69.000000 93.000000
72.000000 101.000000
86.000000 99.000000
101.000000 100.000000
115.000000 102.000000
129.000000 105.000000
267.000000 92.000000
252.000000 86.000000
234.000000 85.000000
217.000000 88.000000
199.000000 93.000000
202.000000 105.000000
219.000000 101.000000
235.000000 98.000000
250.000000 98.000000
265.000000 100.000000
133.000000 137.000000
126.000000 125.000000
112.000000 119.000000
98.000000 121.000000
88.000000 128.000000
97.000000 137.000000
110.000000 140.000000
122.000000 140.000000
250.000000 129.000000
239.000000 121.000000
224.000000 119.000000
211.000000 124.000000
202.000000 135.000000
214.000000 140.000000
229.000000 140.000000
242.000000 137.000000
110.000000 129.000000
226.000000 129.000000
149.000000 131.000000
147.000000 154.000000
144.000000 175.000000
139.000000 195.000000
133.000000 216.000000
148.000000 226.000000
166.000000 233.000000
184.000000 227.000000
201.000000 215.000000
195.000000 195.000000
189.000000 174.000000
186.000000 155.000000
184.000000 131.000000
209.000000 262.000000
193.000000 257.000000
179.000000 252.000000
168.000000 257.000000
153.000000 252.000000
142.000000 257.000000
129.000000 262.000000
138.000000 273.000000
149.000000 282.000000
162.000000 287.000000
178.000000 287.000000
191.000000 281.000000
201.000000 273.000000
