159.000000 48.000000
130.000000 61.000000
107.000000 82.000000
91.000000 110.000000
85.000000 141.000000
77.000000 172.000000
82.000000 211.000000
91.000000 246.000000
113.000000 279.000000
153.000000 293.000000
196.000000 295.000000
235.000000 295.000000
250.000000 272.000000
259.000000 241.000000
271.000000 209.000000
271.000000 185.000000
268.000000 159.000000
258.000000 137.000000
248.000000 107.000000
235.000000 77.000000
218.000000 55.000000
190.000000 44.000000
165.000000 122.000000
150.000000 121.000000
134.000000 124.000000
119.000000 130.000000
109.000000 140.000000
113.000000 145.000000
124.000000 137.000000
137.000000 133.000000
151.000000 131.000000
165.000000 131.000000
240.000000 97.000000
230.000000 99.000000
221.000000 101.000000
211.000000 104.000000
206.000000 109.000000
211.000000 118.000000
218.000000 113.000000
227.000000 109.000000
233.000000 106.000000
239.000000 105.000000
172.000000 159.000000
160.000000 158.000000
147.000000 161.000000
135.000000 166.000000
127.000000 172.000000
137.000000 172.000000
150.000000 170.000000
161.000000 164.000000
252.000000 129.000000
243.000000 125.000000
233.000000 128.000000
224.000000 134.000000
218.000000 143.000000
228.000000 143.000000
238.000000 141.000000
247.000000 136.000000
151.000000 164.000000
234.000000 135.000000
183.000000 151.000000
186.000000 166.000000
194.000000 181.000000
191.000000 193.000000
193.000000 206.000000
198.000000 214.000000
214.000000 213.000000
228.000000 205.000000
246.000000 194.000000
231.000000 181.000000
219.000000 172.000000
212.000000 159.000000
207.000000 144.000000
254.000000 217.000000
240.000000 221.000000
231.000000 226.000000
218.000000 228.000000
205.000000 234.000000
193.000000 237.000000
181.000000 247.000000
192.000000 254.000000
205.000000 259.000000
220.000000 266.000000
234.000000 265.000000
245.000000 254.000000
248.000000 235.000000
