228.000000 33.000000
185.000000 34.000000
141.000000 46.000000
110.000000 74.000000
89.000000 105.000000
79.000000 142.000000
70.000000 186.000000
68.000000 215.000000
84.000000 255.000000
103.000000 287.000000
132.000000 308.000000
170.000000 326.000000
207.000000 314.000000
239.000000 294.000000
260.000000 270.000000
271.000000 248.000000
284.000000 226.000000
292.000000 198.000000
299.000000 163.000000
303.000000 122.000000
295.000000 88.000000
271.000000 55.000000
186.000000 117.000000
171.000000 109.000000
154.000000 103.000000
138.000000 103.000000
121.000000 110.000000
123.000000 121.000000
138.000000 118.000000
153.000000 119.000000
166.000000 123.000000
181.000000 129.000000
293.000000 144.000000
282.000000 134.000000
268.000000 130.000000
253.000000 129.000000
238.000000 131.000000
238.000000 143.000000
253.000000 143.000000
267.000000 144.000000
278.000000 148.000000
289.000000 153.000000
174.000000 157.000000
168.000000 146.000000
157.000000 139.000000
145.000000 138.000000
127.000000 141.000000
137.000000 149.000000
151.000000 158.000000
163.000000 159.000000
278.000000 179.000000
266.000000 166.000000
255.000000 162.000000
243.000000 164.000000
234.000000 171.000000
244.000000 178.000000
254.000000 181.000000
265.000000 180.000000
153.000000 147.000000
253.000000 170.000000
191.000000 155.000000
185.000000 173.000000
178.000000 187.000000
169.000000 202.000000
166.000000 217.000000
182.000000 228.000000
197.000000 235.000000
214.000000 236.000000
224.000000 231.000000
222.000000 214.000000
221.000000 199.000000
220.000000 180.000000
221.000000 162.000000
223.000000 268.000000
206.000000 264.000000
196.000000 259.000000
185.000000 261.000000
173.000000 254.000000
159.000000 256.000000
143.000000 256.000000
154.000000 266.000000
163.000000 273.000000
174.000000 278.000000
188.000000 281.000000
199.000000 278.000000
208.000000 275.000000
