177.000000 53.000000
147.000000 55.000000
115.000000 68.000000
97.000000 95.000000
89.000000 127.000000
89.000000 158.000000
90.000000 187.000000
97.000000 215.000000
106.000000 243.000000
123.000000 267.000000
144.000000 287.000000
176.000000 298.000000
206.000000 284.000000
228.000000 263.000000
244.000000 239.000000
253.000000 214.000000
259.000000 187.000000
260.000000 160.000000
256.000000 133.000000
252.000000 98.000000
237.000000 73.000000
208.000000 58.000000
153.000000 134.000000
142.000000 129.000000
129.000000 127.000000
117.000000 128.000000
107.000000 133.000000
110.000000 139.000000
119.000000 136.000000
129.000000 136.000000
141.000000 138.000000
151.000000 142.000000
240.000000 132.000000
229.000000 128.000000
217.000000 127.000000
206.000000 129.000000
195.000000 133.000000
197.000000 141.000000
208.000000 138.000000
219.000000 136.000000
229.000000 136.000000
237.000000 138.000000
154.000000 164.000000
147.000000 156.000000
137.000000 152.000000
128.000000 153.000000
120.000000 159.000000
127.000000 165.000000
136.000000 167.000000
145.000000 166.000000
229.000000 159.000000
221.000000 154.000000
212.000000 153.000000
203.000000 157.000000
196.000000 164.000000
205.000000 166.000000
214.000000 167.000000
223.000000 164.000000
137.000000 159.000000
212.000000 160.000000
163.000000 161.000000
161.000000 176.000000
159.000000 189.000000
154.000000 201.000000
150.000000 213.000000
161.000000 221.000000
175.000000 225.000000
190.000000 220.000000
199.000000 213.000000
195.000000 202.000000
191.000000 192.000000
187.000000 175.000000
186.000000 162.000000
208.000000 241.000000
195.000000 235.000000
183.000000 233.000000
175.000000 236.000000
167.000000 233.000000
154.000000 236.000000
141.000000 242.000000
149.000000 251.000000
158.000000 259.000000
169.000000 263.000000
181.000000 263.000000
192.000000 258.000000
200.000000 250.000000
