170.000000 64.000000
140.000000 68.000000
119.000000 86.000000
104.000000 110.000000
92.000000 135.000000
89.000000 161.000000
91.000000 189.000000
97.000000 218.000000
107.000000 244.000000
123.000000 265.000000
143.000000 284.000000
172.000000 295.000000
203.000000 283.000000
228.000000 263.000000
246.000000 239.000000
251.000000 212.000000
259.000000 184.000000
261.000000 156.000000
256.000000 129.000000
243.000000 106.000000
227.000000 84.000000
199.000000 71.000000
149.000000 135.000000
138.000000 129.000000
125.000000 126.000000
113.000000 127.000000
102.000000 135.000000
104.000000 139.000000
115.000000 134.000000
126.000000 135.000000
137.000000 138.000000
147.000000 142.000000
237.000000 130.000000
226.000000 124.000000
213.000000 123.000000
201.000000 126.000000
190.000000 132.000000
193.000000 140.000000
204.000000 134.000000
215.000000 130.000000
226.000000 130.000000
234.000000 134.000000
146.000000 168.000000
140.000000 159.000000
131.000000 154.000000
122.000000 156.000000
113.000000 161.000000
121.000000 168.000000
129.000000 170.000000
138.000000 169.000000
231.000000 159.000000
218.000000 153.000000
209.000000 152.000000
200.000000 157.000000
193.000000 166.000000
202.000000 167.000000
212.000000 168.000000
220.000000 163.000000
131.000000 161.000000
209.000000 160.000000
157.000000 163.000000
155.000000 178.000000
152.000000 190.000000
149.000000 203.000000
144.000000 218.000000
154.000000 226.000000
168.000000 231.000000
183.000000 225.000000
195.000000 216.000000
190.000000 203.000000
187.000000 190.000000
183.000000 177.000000
182.000000 163.000000
203.000000 245.000000
192.000000 249.000000
180.000000 251.000000
169.000000 248.000000
159.000000 249.000000
147.000000 250.000000
138.000000 246.000000
144.000000 255.000000
152.000000 264.000000
164.000000 269.000000
177.000000 269.000000
188.000000 264.000000
197.000000 256.000000
