171.000000 56.000000
136.000000 58.000000
108.000000 78.000000
90.000000 109.000000
92.000000 135.000000
89.000000 161.000000
92.000000 190.000000
98.000000 218.000000
108.000000 246.000000
127.000000 271.000000
151.000000 289.000000
182.000000 297.000000
211.000000 286.000000
231.000000 264.000000
250.000000 243.000000
255.000000 212.000000
259.000000 183.000000
262.000000 154.000000
257.000000 128.000000
253.000000 103.000000
237.000000 76.000000
212.000000 61.000000
155.000000 129.000000
143.000000 125.000000
130.000000 122.000000
117.000000 124.000000
108.000000 129.000000
110.000000 134.000000
120.000000 131.000000
131.000000 132.000000
143.000000 134.000000
154.000000 137.000000
243.000000 124.000000
232.000000 118.000000
221.000000 118.000000
210.000000 122.000000
199.000000 126.000000
202.000000 133.000000
212.000000 129.000000
223.000000 126.000000
233.000000 126.000000
242.000000 129.000000
155.000000 163.000000
148.000000 156.000000
139.000000 152.000000
129.000000 154.000000
122.000000 159.000000
130.000000 164.000000
139.000000 165.000000
147.000000 164.000000
236.000000 155.000000
223.000000 149.000000
215.000000 150.000000
208.000000 154.000000
203.000000 160.000000
210.000000 162.000000
219.000000 162.000000
227.000000 159.000000
138.000000 158.000000
216.000000 156.000000
167.000000 160.000000
166.000000 176.000000
163.000000 190.000000
159.000000 202.000000
154.000000 214.000000
170.000000 220.000000
182.000000 225.000000
193.000000 219.000000
207.000000 211.000000
202.000000 200.000000
197.000000 187.000000
193.000000 175.000000
190.000000 159.000000
213.000000 238.000000
201.000000 238.000000
190.000000 237.000000
183.000000 240.000000
174.000000 238.000000
164.000000 241.000000
150.000000 242.000000
158.000000 251.000000
167.000000 260.000000
178.000000 261.000000
188.000000 259.000000
197.000000 254.000000
205.000000 248.000000
