181.000000 49.000000
139.000000 54.000000
114.000000 77.000000
98.000000 101.000000
86.000000 132.000000
82.000000 162.000000
82.000000 193.000000
87.000000 223.000000
96.000000 253.000000
116.000000 277.000000
141.000000 295.000000
176.000000 301.000000
206.000000 295.000000
232.000000 277.000000
253.000000 253.000000
264.000000 222.000000
271.000000 191.000000
272.000000 161.000000
267.000000 131.000000
254.000000 105.000000
236.000000 81.000000
217.000000 54.000000
156.000000 124.000000
144.000000 118.000000
131.000000 114.000000
117.000000 114.000000
102.000000 120.000000
104.000000 127.000000
118.000000 124.000000
132.000000 126.000000
144.000000 129.000000
154.000000 133.000000
253.000000 122.000000
241.000000 116.000000
227.000000 115.000000
213.000000 118.000000
201.000000 124.000000
204.000000 133.000000
216.000000 128.000000
229.000000 125.000000
240.000000 126.000000
251.000000 128.000000
150.000000 161.000000
144.000000 152.000000
134.000000 147.000000
123.000000 148.000000
113.000000 153.000000
120.000000 159.000000
131.000000 162.000000
141.000000 162.000000
238.000000 154.000000
230.000000 149.000000
220.000000 148.000000
211.000000 152.000000
203.000000 160.000000
212.000000 163.000000
222.000000 164.000000
233.000000 161.000000
133.000000 154.000000
219.000000 156.000000
163.000000 154.000000
161.000000 171.000000
159.000000 186.000000
154.000000 200.000000
148.000000 215.000000
161.000000 222.000000
176.000000 226.000000
191.000000 223.000000
205.000000 215.000000
200.000000 201.000000
195.000000 187.000000
192.000000 172.000000
191.000000 154.000000
210.000000 248.000000
197.000000 246.000000
186.000000 242.000000
176.000000 245.000000
166.000000 242.000000
154.000000 245.000000
141.000000 249.000000
149.000000 256.000000
158.000000 263.000000
169.000000 266.000000
182.000000 267.000000
193.000000 263.000000
202.000000 257.000000
