168.000000 59.000000
140.000000 64.000000
111.000000 77.000000
91.000000 96.000000
85.000000 126.000000
79.000000 153.000000
81.000000 185.000000
85.000000 214.000000
94.000000 243.000000
108.000000 267.000000
129.000000 285.000000
160.000000 294.000000
189.000000 288.000000
215.000000 270.000000
235.000000 247.000000
244.000000 220.000000
249.000000 193.000000
253.000000 160.000000
253.000000 133.000000
242.000000 109.000000
225.000000 82.000000
202.000000 64.000000
143.000000 121.000000
131.000000 117.000000
119.000000 116.000000
106.000000 117.000000
96.000000 123.000000
98.000000 129.000000
108.000000 125.000000
119.000000 125.000000
130.000000 127.000000
140.000000 130.000000
232.000000 127.000000
221.000000 120.000000
209.000000 119.000000
196.000000 121.000000
184.000000 124.000000
186.000000 132.000000
197.000000 129.000000
209.000000 127.000000
220.000000 128.000000
229.000000 131.000000
140.000000 156.000000
133.000000 147.000000
124.000000 143.000000
114.000000 144.000000
107.000000 149.000000
113.000000 155.000000
122.000000 158.000000
131.000000 158.000000
223.000000 154.000000
211.000000 146.000000
202.000000 146.000000
193.000000 149.000000
186.000000 156.000000
194.000000 159.000000
203.000000 160.000000
212.000000 158.000000
123.000000 150.000000
203.000000 153.000000
151.000000 153.000000
149.000000 168.000000
148.000000 178.000000
141.000000 192.000000
136.000000 204.000000
147.000000 212.000000
160.000000 216.000000
173.000000 213.000000
185.000000 205.000000
180.000000 193.000000
177.000000 181.000000
174.000000 168.000000
173.000000 154.000000
191.000000 237.000000
180.000000 235.000000
169.000000 233.000000
160.000000 235.000000
150.000000 233.000000
140.000000 235.000000
129.000000 236.000000
136.000000 244.000000
144.000000 249.000000
155.000000 252.000000
165.000000 252.000000
174.000000 249.000000
182.000000 244.000000
