186.000000 46.000000
143.000000 49.000000
109.000000 68.000000
91.000000 104.000000
88.000000 135.000000
87.000000 167.000000
91.000000 200.000000
99.000000 232.000000
114.000000 258.000000
132.000000 281.000000
153.000000 303.000000
184.000000 316.000000
213.000000 302.000000
234.000000 279.000000
251.000000 257.000000
265.000000 232.000000
274.000000 206.000000
282.000000 175.000000
278.000000 145.000000
276.000000 116.000000
261.000000 79.000000
227.000000 58.000000
170.000000 142.000000
155.000000 138.000000
141.000000 135.000000
127.000000 133.000000
112.000000 137.000000
113.000000 147.000000
127.000000 145.000000
141.000000 147.000000
154.000000 149.000000
167.000000 152.000000
264.000000 143.000000
253.000000 139.000000
240.000000 140.000000
228.000000 142.000000
215.000000 146.000000
216.000000 154.000000
229.000000 152.000000
240.000000 150.000000
252.000000 149.000000
262.000000 150.000000
167.000000 174.000000
160.000000 164.000000
149.000000 158.000000
137.000000 162.000000
117.000000 168.000000
135.000000 174.000000
146.000000 177.000000
157.000000 177.000000
262.000000 172.000000
243.000000 162.000000
231.000000 161.000000
220.000000 165.000000
212.000000 175.000000
222.000000 179.000000
235.000000 180.000000
251.000000 176.000000
146.000000 167.000000
231.000000 169.000000
179.000000 171.000000
175.000000 188.000000
171.000000 202.000000
165.000000 215.000000
161.000000 230.000000
171.000000 241.000000
188.000000 249.000000
205.000000 243.000000
214.000000 233.000000
212.000000 220.000000
208.000000 206.000000
204.000000 189.000000
203.000000 173.000000
226.000000 256.000000
212.000000 262.000000
195.000000 261.000000
186.000000 264.000000
179.000000 260.000000
160.000000 258.000000
144.000000 251.000000
160.000000 270.000000
168.000000 279.000000
180.000000 285.000000
191.000000 285.000000
201.000000 280.000000
214.000000 272.000000
