212.000000 63.000000
178.000000 64.000000
146.000000 71.000000
122.000000 87.000000
108.000000 117.000000
100.000000 149.000000
95.000000 183.000000
96.000000 223.000000
102.000000 253.000000
117.000000 279.000000
138.000000 300.000000
168.000000 314.000000
200.000000 305.000000
221.000000 289.000000
241.000000 269.000000
255.000000 244.000000
266.000000 216.000000
271.000000 189.000000
271.000000 162.000000
267.000000 135.000000
264.000000 100.000000
242.000000 77.000000
173.000000 148.000000
161.000000 142.000000
149.000000 137.000000
137.000000 135.000000
126.000000 137.000000
127.000000 143.000000
137.000000 143.000000
148.000000 146.000000
158.000000 150.000000
169.000000 156.000000
259.000000 158.000000
247.000000 152.000000
235.000000 152.000000
223.000000 154.000000
212.000000 156.000000
213.000000 163.000000
225.000000 162.000000
236.000000 161.000000
246.000000 161.000000
256.000000 163.000000
166.000000 174.000000
159.000000 165.000000
150.000000 161.000000
140.000000 161.000000
132.000000 165.000000
138.000000 170.000000
147.000000 173.000000
157.000000 174.000000
246.000000 179.000000
237.000000 175.000000
229.000000 173.000000
221.000000 175.000000
214.000000 179.000000
220.000000 183.000000
228.000000 188.000000
238.000000 185.000000
149.000000 167.000000
229.000000 179.000000
178.000000 173.000000
174.000000 186.000000
169.000000 198.000000
163.000000 209.000000
159.000000 220.000000
169.000000 228.000000
183.000000 235.000000
197.000000 233.000000
207.000000 227.000000
206.000000 216.000000
203.000000 205.000000
202.000000 189.000000
203.000000 177.000000
209.000000 255.000000
200.000000 247.000000
189.000000 245.000000
180.000000 248.000000
170.000000 243.000000
155.000000 242.000000
140.000000 242.000000
151.000000 259.000000
159.000000 268.000000
169.000000 274.000000
181.000000 276.000000
191.000000 273.000000
200.000000 266.000000
