181.000000 30.000000
134.000000 38.000000
107.000000 60.000000
90.000000 93.000000
79.000000 131.000000
77.000000 174.000000
89.000000 216.000000
98.000000 253.000000
114.000000 287.000000
140.000000 313.000000
171.000000 333.000000
214.000000 344.000000
247.000000 317.000000
264.000000 286.000000
277.000000 269.000000
291.000000 238.000000
294.000000 212.000000
293.000000 173.000000
303.000000 141.000000
292.000000 108.000000
269.000000 79.000000
232.000000 44.000000
186.000000 144.000000
170.000000 139.000000
154.000000 137.000000
138.000000 139.000000
122.000000 146.000000
125.000000 154.000000
139.000000 148.000000
153.000000 147.000000
167.000000 149.000000
181.000000 153.000000
296.000000 138.000000
281.000000 133.000000
267.000000 133.000000
252.000000 137.000000
238.000000 143.000000
241.000000 151.000000
254.000000 146.000000
267.000000 142.000000
282.000000 141.000000
292.000000 145.000000
183.000000 185.000000
174.000000 173.000000
159.000000 168.000000
146.000000 171.000000
137.000000 179.000000
147.000000 186.000000
159.000000 189.000000
172.000000 188.000000
283.000000 171.000000
272.000000 164.000000
260.000000 164.000000
248.000000 170.000000
240.000000 182.000000
253.000000 184.000000
265.000000 184.000000
276.000000 179.000000
159.000000 178.000000
262.000000 173.000000
200.000000 182.000000
197.000000 200.000000
192.000000 217.000000
186.000000 232.000000
182.000000 249.000000
196.000000 259.000000
213.000000 264.000000
228.000000 259.000000
242.000000 248.000000
240.000000 233.000000
235.000000 217.000000
230.000000 200.000000
227.000000 181.000000
249.000000 283.000000
234.000000 282.000000
221.000000 279.000000
212.000000 283.000000
204.000000 280.000000
191.000000 285.000000
174.000000 286.000000
185.000000 295.000000
195.000000 302.000000
207.000000 305.000000
220.000000 305.000000
230.000000 300.000000
238.000000 294.000000
