175.000000 55.000000
148.000000 55.000000
121.000000 70.000000
97.000000 102.000000
92.000000 138.000000
90.000000 164.000000
93.000000 193.000000
99.000000 220.000000
110.000000 245.000000
128.000000 267.000000
150.000000 284.000000
178.000000 293.000000
207.000000 282.000000
230.000000 264.000000
248.000000 242.000000
257.000000 217.000000
262.000000 189.000000
264.000000 162.000000
260.000000 135.000000
258.000000 103.000000
237.000000 70.000000
209.000000 56.000000
156.000000 135.000000
143.000000 130.000000
131.000000 127.000000
118.000000 127.000000
108.000000 133.000000
109.000000 139.000000
119.000000 136.000000
130.000000 137.000000
142.000000 139.000000
154.000000 143.000000
244.000000 129.000000
232.000000 125.000000
220.000000 126.000000
209.000000 129.000000
197.000000 134.000000
200.000000 141.000000
211.000000 138.000000
222.000000 135.000000
232.000000 134.000000
242.000000 135.000000
155.000000 163.000000
148.000000 154.000000
139.000000 151.000000
129.000000 153.000000
121.000000 158.000000
128.000000 164.000000
137.000000 166.000000
146.000000 165.000000
233.000000 155.000000
225.000000 150.000000
215.000000 149.000000
206.000000 153.000000
200.000000 160.000000
208.000000 163.000000
218.000000 164.000000
227.000000 161.000000
139.000000 158.000000
216.000000 156.000000
166.000000 160.000000
165.000000 174.000000
162.000000 187.000000
158.000000 200.000000
153.000000 213.000000
163.000000 221.000000
178.000000 225.000000
194.000000 220.000000
203.000000 211.000000
198.000000 199.000000
193.000000 187.000000
190.000000 173.000000
188.000000 159.000000
212.000000 237.000000
197.000000 237.000000
186.000000 236.000000
178.000000 238.000000
169.000000 236.000000
158.000000 238.000000
144.000000 239.000000
153.000000 248.000000
162.000000 254.000000
173.000000 257.000000
183.000000 257.000000
193.000000 253.000000
202.000000 247.000000
