197.000000 2.000000
149.000000 4.000000
106.000000 25.000000
77.000000 57.000000
53.000000 90.000000
40.000000 130.000000
41.000000 174.000000
47.000000 218.000000
59.000000 255.000000
84.000000 292.000000
115.000000 323.000000
154.000000 341.000000
191.000000 328.000000
216.000000 298.000000
238.000000 271.000000
261.000000 237.000000
277.000000 211.000000
280.000000 166.000000
285.000000 126.000000
289.000000 90.000000
282.000000 47.000000
249.000000 15.000000
157.000000 115.000000
138.000000 106.000000
117.000000 99.000000
97.000000 96.000000
81.000000 104.000000
84.000000 114.000000
98.000000 111.000000
115.000000 114.000000
133.000000 119.000000
151.000000 126.000000
276.000000 128.000000
263.000000 118.000000
248.000000 118.000000
231.000000 120.000000
214.000000 125.000000
216.000000 137.000000
232.000000 134.000000
247.000000 132.000000
260.000000 132.000000
271.000000 137.000000
147.000000 161.000000
140.000000 147.000000
126.000000 138.000000
110.000000 137.000000
92.000000 145.000000
110.000000 155.000000
120.000000 161.000000
130.000000 162.000000
260.000000 163.000000
246.000000 156.000000
233.000000 152.000000
218.000000 157.000000
210.000000 167.000000
221.000000 173.000000
234.000000 175.000000
247.000000 172.000000
120.000000 147.000000
232.000000 163.000000
165.000000 157.000000
160.000000 176.000000
153.000000 193.000000
143.000000 209.000000
136.000000 227.000000
159.000000 239.000000
169.000000 249.000000
188.000000 246.000000
205.000000 237.000000
203.000000 220.000000
199.000000 201.000000
196.000000 183.000000
196.000000 161.000000
200.000000 283.000000
210.000000 262.000000
186.000000 265.000000
168.000000 262.000000
156.000000 261.000000
138.000000 260.000000
112.000000 252.000000
120.000000 279.000000
134.000000 290.000000
149.000000 299.000000
168.000000 301.000000
179.000000 298.000000
190.000000 292.000000
