178.000000 66.000000
145.000000 71.000000
114.000000 79.000000
86.000000 111.000000
75.000000 137.000000
77.000000 171.000000
82.000000 204.000000
90.000000 236.000000
103.000000 264.000000
125.000000 285.000000
151.000000 303.000000
183.000000 311.000000
212.000000 300.000000
236.000000 281.000000
253.000000 257.000000
269.000000 231.000000
275.000000 202.000000
280.000000 171.000000
273.000000 138.000000
263.000000 113.000000
246.000000 84.000000
214.000000 66.000000
157.000000 153.000000
143.000000 147.000000
129.000000 144.000000
115.000000 143.000000
102.000000 147.000000
104.000000 155.000000
117.000000 153.000000
129.000000 153.000000
142.000000 156.000000
154.000000 160.000000
255.000000 143.000000
242.000000 140.000000
231.000000 143.000000
219.000000 147.000000
207.000000 152.000000
209.000000 159.000000
221.000000 155.000000
232.000000 152.000000
243.000000 150.000000
254.000000 150.000000
157.000000 181.000000
151.000000 171.000000
140.000000 166.000000
128.000000 168.000000
119.000000 174.000000
127.000000 180.000000
136.000000 183.000000
145.000000 182.000000
241.000000 172.000000
233.000000 165.000000
222.000000 165.000000
212.000000 171.000000
206.000000 180.000000
215.000000 182.000000
226.000000 182.000000
235.000000 178.000000
138.000000 174.000000
223.000000 173.000000
170.000000 178.000000
167.000000 192.000000
164.000000 206.000000
159.000000 219.000000
155.000000 233.000000
166.000000 242.000000
182.000000 247.000000
198.000000 242.000000
209.000000 232.000000
205.000000 219.000000
201.000000 204.000000
197.000000 192.000000
194.000000 177.000000
217.000000 256.000000
203.000000 258.000000
191.000000 258.000000
182.000000 260.000000
175.000000 258.000000
161.000000 260.000000
146.000000 259.000000
157.000000 268.000000
167.000000 274.000000
178.000000 277.000000
189.000000 277.000000
198.000000 273.000000
208.000000 267.000000
