166.000000 84.000000
135.000000 93.000000
107.000000 116.000000
95.000000 148.000000
85.000000 172.000000
87.000000 201.000000
91.000000 230.000000
102.000000 259.000000
107.000000 282.000000
125.000000 306.000000
145.000000 324.000000
173.000000 335.000000
201.000000 324.000000
223.000000 304.000000
241.000000 282.000000
252.000000 257.000000
257.000000 228.000000
263.000000 197.000000
257.000000 169.000000
253.000000 142.000000
237.000000 107.000000
201.000000 84.000000
149.000000 176.000000
136.000000 172.000000
123.000000 168.000000
109.000000 167.000000
98.000000 171.000000
100.000000 178.000000
111.000000 176.000000
122.000000 178.000000
134.000000 180.000000
146.000000 184.000000
239.000000 170.000000
226.000000 166.000000
215.000000 169.000000
204.000000 172.000000
192.000000 176.000000
195.000000 182.000000
206.000000 180.000000
216.000000 177.000000
227.000000 176.000000
237.000000 176.000000
146.000000 204.000000
139.000000 196.000000
129.000000 192.000000
119.000000 194.000000
113.000000 199.000000
119.000000 204.000000
129.000000 206.000000
138.000000 205.000000
225.000000 196.000000
218.000000 192.000000
209.000000 192.000000
201.000000 196.000000
195.000000 202.000000
202.000000 205.000000
211.000000 205.000000
220.000000 202.000000
130.000000 199.000000
210.000000 198.000000
157.000000 202.000000
156.000000 216.000000
153.000000 230.000000
148.000000 242.000000
146.000000 255.000000
155.000000 264.000000
171.000000 270.000000
185.000000 264.000000
195.000000 254.000000
191.000000 241.000000
187.000000 230.000000
183.000000 213.000000
182.000000 201.000000
201.000000 282.000000
188.000000 282.000000
179.000000 282.000000
170.000000 285.000000
161.000000 283.000000
152.000000 283.000000
141.000000 281.000000
148.000000 290.000000
156.000000 296.000000
166.000000 301.000000
176.000000 301.000000
185.000000 296.000000
193.000000 290.000000
