173.000000 7.000000
135.000000 14.000000
104.000000 34.000000
73.000000 68.000000
63.000000 106.000000
58.000000 143.000000
62.000000 183.000000
72.000000 220.000000
89.000000 253.000000
114.000000 282.000000
145.000000 307.000000
185.000000 315.000000
220.000000 301.000000
246.000000 272.000000
267.000000 242.000000
278.000000 212.000000
287.000000 177.000000
283.000000 140.000000
286.000000 106.000000
271.000000 72.000000
246.000000 41.000000
217.000000 12.000000
152.000000 109.000000
135.000000 104.000000
117.000000 100.000000
101.000000 101.000000
86.000000 107.000000
89.000000 114.000000
102.000000 109.000000
117.000000 109.000000
133.000000 113.000000
149.000000 118.000000
273.000000 96.000000
258.000000 92.000000
244.000000 95.000000
229.000000 99.000000
214.000000 107.000000
217.000000 113.000000
231.000000 107.000000
245.000000 102.000000
258.000000 99.000000
270.000000 102.000000
152.000000 147.000000
143.000000 134.000000
129.000000 128.000000
115.000000 131.000000
102.000000 140.000000
114.000000 148.000000
128.000000 151.000000
141.000000 150.000000
265.000000 140.000000
249.000000 127.000000
234.000000 126.000000
221.000000 133.000000
213.000000 144.000000
225.000000 148.000000
239.000000 148.000000
251.000000 143.000000
127.000000 139.000000
235.000000 137.000000
169.000000 144.000000
165.000000 164.000000
160.000000 182.000000
154.000000 199.000000
150.000000 218.000000
171.000000 227.000000
185.000000 233.000000
203.000000 226.000000
216.000000 215.000000
213.000000 199.000000
207.000000 183.000000
201.000000 163.000000
198.000000 144.000000
227.000000 251.000000
207.000000 253.000000
194.000000 251.000000
184.000000 255.000000
173.000000 252.000000
158.000000 256.000000
142.000000 253.000000
152.000000 266.000000
164.000000 273.000000
178.000000 277.000000
193.000000 276.000000
203.000000 270.000000
213.000000 262.000000
