172.000000 46.000000
138.000000 55.000000
114.000000 77.000000
92.000000 105.000000
85.000000 138.000000
82.000000 168.000000
85.000000 199.000000
92.000000 231.000000
105.000000 262.000000
123.000000 286.000000
146.000000 306.000000
180.000000 313.000000
215.000000 300.000000
242.000000 278.000000
262.000000 252.000000
271.000000 221.000000
275.000000 189.000000
278.000000 155.000000
276.000000 120.000000
266.000000 88.000000
244.000000 60.000000
214.000000 47.000000
146.000000 130.000000
132.000000 125.000000
117.000000 122.000000
103.000000 122.000000
91.000000 128.000000
94.000000 134.000000
106.000000 132.000000
118.000000 132.000000
131.000000 135.000000
143.000000 138.000000
249.000000 124.000000
237.000000 120.000000
222.000000 119.000000
207.000000 122.000000
193.000000 127.000000
194.000000 135.000000
209.000000 132.000000
224.000000 129.000000
237.000000 129.000000
247.000000 130.000000
147.000000 161.000000
139.000000 152.000000
128.000000 148.000000
117.000000 150.000000
107.000000 156.000000
115.000000 162.000000
125.000000 164.000000
136.000000 163.000000
236.000000 152.000000
228.000000 146.000000
216.000000 145.000000
205.000000 149.000000
196.000000 157.000000
207.000000 160.000000
219.000000 162.000000
230.000000 158.000000
128.000000 155.000000
216.000000 153.000000
157.000000 157.000000
154.000000 174.000000
150.000000 188.000000
146.000000 203.000000
142.000000 218.000000
156.000000 226.000000
172.000000 230.000000
188.000000 223.000000
201.000000 213.000000
196.000000 200.000000
191.000000 187.000000
186.000000 173.000000
183.000000 157.000000
216.000000 245.000000
201.000000 241.000000
186.000000 239.000000
175.000000 243.000000
163.000000 240.000000
150.000000 244.000000
137.000000 250.000000
146.000000 261.000000
156.000000 268.000000
170.000000 272.000000
184.000000 271.000000
197.000000 265.000000
208.000000 257.000000
