172.000000 25.000000
137.000000 34.000000
106.000000 60.000000
80.000000 85.000000
73.000000 121.000000
76.000000 152.000000
75.000000 187.000000
83.000000 219.000000
94.000000 255.000000
116.000000 282.000000
133.000000 311.000000
167.000000 324.000000
204.000000 315.000000
237.000000 293.000000
263.000000 265.000000
278.000000 231.000000
284.000000 195.000000
286.000000 155.000000
281.000000 120.000000
266.000000 88.000000
241.000000 62.000000
211.000000 39.000000
140.000000 123.000000
125.000000 117.000000
111.000000 112.000000
97.000000 111.000000
83.000000 116.000000
85.000000 124.000000
99.000000 122.000000
111.000000 124.000000
124.000000 127.000000
136.000000 132.000000
253.000000 121.000000
240.000000 113.000000
226.000000 111.000000
210.000000 114.000000
193.000000 119.000000
194.000000 129.000000
211.000000 126.000000
226.000000 123.000000
239.000000 123.000000
250.000000 127.000000
136.000000 163.000000
132.000000 150.000000
120.000000 143.000000
107.000000 143.000000
96.000000 150.000000
103.000000 159.000000
114.000000 163.000000
124.000000 164.000000
239.000000 155.000000
230.000000 147.000000
216.000000 145.000000
203.000000 150.000000
194.000000 162.000000
206.000000 165.000000
219.000000 166.000000
232.000000 162.000000
119.000000 152.000000
217.000000 155.000000
150.000000 156.000000
147.000000 176.000000
143.000000 193.000000
136.000000 210.000000
129.000000 228.000000
143.000000 236.000000
161.000000 241.000000
182.000000 236.000000
197.000000 226.000000
190.000000 210.000000
184.000000 194.000000
179.000000 176.000000
177.000000 156.000000
205.000000 260.000000
189.000000 257.000000
174.000000 256.000000
162.000000 257.000000
152.000000 256.000000
140.000000 257.000000
129.000000 258.000000
136.000000 268.000000
145.000000 276.000000
158.000000 281.000000
170.000000 281.000000
182.000000 278.000000
194.000000 271.000000
