176.000000 62.000000
141.000000 66.000000
109.000000 74.000000
94.000000 99.000000
86.000000 130.000000
90.000000 170.000000
94.000000 201.000000
101.000000 229.000000
108.000000 257.000000
127.000000 279.000000
150.000000 299.000000
179.000000 312.000000
206.000000 299.000000
234.000000 279.000000
255.000000 254.000000
256.000000 228.000000
262.000000 202.000000
267.000000 171.000000
268.000000 144.000000
259.000000 107.000000
243.000000 74.000000
214.000000 59.000000
150.000000 142.000000
139.000000 138.000000
128.000000 136.000000
117.000000 136.000000
106.000000 139.000000
107.000000 147.000000
118.000000 145.000000
128.000000 145.000000
138.000000 147.000000
148.000000 150.000000
247.000000 137.000000
236.000000 133.000000
225.000000 133.000000
214.000000 135.000000
203.000000 139.000000
204.000000 148.000000
215.000000 145.000000
226.000000 142.000000
236.000000 141.000000
245.000000 143.000000
153.000000 173.000000
147.000000 164.000000
137.000000 159.000000
126.000000 161.000000
117.000000 167.000000
123.000000 173.000000
135.000000 176.000000
145.000000 175.000000
237.000000 166.000000
231.000000 160.000000
220.000000 159.000000
210.000000 163.000000
202.000000 171.000000
212.000000 173.000000
222.000000 174.000000
230.000000 171.000000
136.000000 167.000000
220.000000 166.000000
164.000000 169.000000
163.000000 184.000000
160.000000 198.000000
156.000000 210.000000
151.000000 223.000000
161.000000 232.000000
177.000000 237.000000
193.000000 232.000000
202.000000 223.000000
198.000000 212.000000
194.000000 199.000000
191.000000 185.000000
190.000000 169.000000
212.000000 250.000000
197.000000 250.000000
185.000000 249.000000
177.000000 252.000000
169.000000 249.000000
157.000000 250.000000
142.000000 250.000000
151.000000 261.000000
161.000000 269.000000
172.000000 275.000000
183.000000 274.000000
194.000000 270.000000
203.000000 262.000000
