169.000000 52.000000
135.000000 63.000000
107.000000 80.000000
94.000000 110.000000
82.000000 138.000000
79.000000 168.000000
85.000000 198.000000
92.000000 228.000000
103.000000 257.000000
122.000000 281.000000
144.000000 300.000000
180.000000 310.000000
214.000000 297.000000
240.000000 274.000000
258.000000 248.000000
266.000000 219.000000
271.000000 188.000000
271.000000 155.000000
265.000000 126.000000
254.000000 98.000000
234.000000 72.000000
209.000000 51.000000
148.000000 137.000000
136.000000 133.000000
123.000000 131.000000
111.000000 130.000000
100.000000 136.000000
102.000000 142.000000
113.000000 139.000000
124.000000 141.000000
135.000000 143.000000
147.000000 146.000000
243.000000 134.000000
231.000000 129.000000
218.000000 128.000000
206.000000 130.000000
193.000000 134.000000
195.000000 143.000000
208.000000 140.000000
220.000000 137.000000
231.000000 137.000000
241.000000 139.000000
147.000000 168.000000
140.000000 160.000000
130.000000 156.000000
119.000000 156.000000
110.000000 164.000000
119.000000 169.000000
129.000000 171.000000
139.000000 170.000000
237.000000 162.000000
227.000000 155.000000
216.000000 152.000000
206.000000 155.000000
196.000000 166.000000
206.000000 168.000000
216.000000 168.000000
226.000000 166.000000
129.000000 162.000000
214.000000 160.000000
160.000000 164.000000
156.000000 181.000000
153.000000 194.000000
149.000000 207.000000
146.000000 221.000000
156.000000 227.000000
172.000000 232.000000
188.000000 226.000000
198.000000 219.000000
194.000000 207.000000
190.000000 194.000000
186.000000 180.000000
179.000000 163.000000
211.000000 248.000000
196.000000 245.000000
184.000000 243.000000
174.000000 246.000000
163.000000 244.000000
151.000000 247.000000
139.000000 250.000000
147.000000 261.000000
156.000000 269.000000
170.000000 274.000000
182.000000 274.000000
194.000000 268.000000
203.000000 260.000000
