174.000000 68.000000
147.000000 69.000000
120.000000 84.000000
98.000000 106.000000
94.000000 135.000000
89.000000 161.000000
90.000000 191.000000
94.000000 219.000000
103.000000 245.000000
118.000000 267.000000
139.000000 285.000000
168.000000 295.000000
196.000000 287.000000
220.000000 269.000000
238.000000 248.000000
247.000000 221.000000
253.000000 196.000000
258.000000 166.000000
255.000000 139.000000
244.000000 116.000000
231.000000 92.000000
210.000000 76.000000
151.000000 130.000000
139.000000 127.000000
127.000000 125.000000
116.000000 125.000000
104.000000 130.000000
106.000000 137.000000
116.000000 134.000000
128.000000 134.000000
138.000000 136.000000
149.000000 140.000000
240.000000 136.000000
230.000000 131.000000
217.000000 129.000000
205.000000 131.000000
193.000000 135.000000
195.000000 143.000000
206.000000 140.000000
217.000000 138.000000
228.000000 139.000000
238.000000 142.000000
150.000000 164.000000
144.000000 155.000000
135.000000 150.000000
124.000000 150.000000
116.000000 156.000000
122.000000 163.000000
132.000000 166.000000
142.000000 166.000000
229.000000 162.000000
221.000000 156.000000
211.000000 154.000000
201.000000 157.000000
194.000000 165.000000
203.000000 169.000000
214.000000 170.000000
224.000000 167.000000
134.000000 157.000000
211.000000 161.000000
161.000000 161.000000
158.000000 175.000000
155.000000 188.000000
149.000000 199.000000
145.000000 212.000000
157.000000 220.000000
170.000000 225.000000
184.000000 221.000000
195.000000 213.000000
191.000000 201.000000
187.000000 189.000000
184.000000 177.000000
183.000000 162.000000
196.000000 247.000000
187.000000 243.000000
177.000000 239.000000
169.000000 241.000000
160.000000 238.000000
150.000000 242.000000
138.000000 245.000000
146.000000 252.000000
154.000000 258.000000
164.000000 261.000000
174.000000 261.000000
183.000000 259.000000
191.000000 253.000000
