161.000000 1.000000
120.000000 9.000000
97.000000 26.000000
69.000000 53.000000
58.000000 92.000000
58.000000 126.000000
64.000000 165.000000
77.000000 195.000000
88.000000 231.000000
109.000000 256.000000
132.000000 279.000000
165.000000 291.000000
200.000000 281.000000
229.000000 256.000000
253.000000 227.000000
266.000000 192.000000
275.000000 159.000000
285.000000 118.000000
281.000000 85.000000
263.000000 46.000000
235.000000 19.000000
219.000000 4.000000
134.000000 93.000000
120.000000 88.000000
104.000000 85.000000
90.000000 83.000000
75.000000 89.000000
77.000000 99.000000
92.000000 96.000000
105.000000 99.000000
119.000000 100.000000
132.000000 104.000000
255.000000 90.000000
239.000000 84.000000
223.000000 84.000000
207.000000 86.000000
191.000000 91.000000
193.000000 102.000000
209.000000 99.000000
224.000000 96.000000
239.000000 96.000000
252.000000 99.000000
133.000000 133.000000
127.000000 122.000000
115.000000 115.000000
101.000000 116.000000
91.000000 123.000000
99.000000 130.000000
111.000000 134.000000
123.000000 134.000000
238.000000 125.000000
227.000000 118.000000
214.000000 117.000000
201.000000 122.000000
193.000000 133.000000
205.000000 135.000000
218.000000 135.000000
229.000000 132.000000
115.000000 124.000000
215.000000 126.000000
148.000000 130.000000
145.000000 151.000000
141.000000 168.000000
135.000000 183.000000
131.000000 200.000000
143.000000 209.000000
160.000000 216.000000
178.000000 210.000000
192.000000 199.000000
188.000000 183.000000
182.000000 167.000000
178.000000 150.000000
177.000000 130.000000
203.000000 230.000000
187.000000 230.000000
173.000000 228.000000
161.000000 231.000000
150.000000 229.000000
138.000000 230.000000
123.000000 229.000000
132.000000 241.000000
143.000000 250.000000
156.000000 256.000000
169.000000 256.000000
183.000000 252.000000
194.000000 243.000000
