153.000000 20.000000
115.000000 31.000000
91.000000 58.000000
74.000000 89.000000
68.000000 131.000000
69.000000 170.000000
74.000000 205.000000
84.000000 239.000000
100.000000 268.000000
128.000000 294.000000
151.000000 311.000000
185.000000 320.000000
214.000000 309.000000
239.000000 295.000000
261.000000 264.000000
274.000000 237.000000
281.000000 205.000000
288.000000 169.000000
282.000000 115.000000
261.000000 67.000000
226.000000 29.000000
185.000000 22.000000
157.000000 136.000000
141.000000 131.000000
125.000000 128.000000
109.000000 127.000000
94.000000 131.000000
96.000000 139.000000
110.000000 137.000000
124.000000 138.000000
139.000000 141.000000
153.000000 145.000000
262.000000 129.000000
248.000000 126.000000
235.000000 129.000000
222.000000 133.000000
208.000000 137.000000
211.000000 145.000000
224.000000 141.000000
236.000000 138.000000
248.000000 136.000000
260.000000 137.000000
151.000000 172.000000
144.000000 162.000000
131.000000 158.000000
119.000000 159.000000
101.000000 165.000000
118.000000 172.000000
130.000000 175.000000
142.000000 175.000000
255.000000 165.000000
241.000000 159.000000
229.000000 157.000000
218.000000 162.000000
211.000000 171.000000
221.000000 174.000000
232.000000 174.000000
243.000000 171.000000
130.000000 166.000000
229.000000 166.000000
168.000000 169.000000
165.000000 188.000000
161.000000 204.000000
155.000000 218.000000
151.000000 234.000000
164.000000 242.000000
183.000000 249.000000
200.000000 243.000000
213.000000 233.000000
209.000000 219.000000
204.000000 203.000000
200.000000 188.000000
196.000000 169.000000
220.000000 262.000000
204.000000 265.000000
192.000000 264.000000
182.000000 267.000000
172.000000 265.000000
159.000000 266.000000
143.000000 264.000000
153.000000 275.000000
163.000000 283.000000
176.000000 287.000000
189.000000 287.000000
200.000000 281.000000
210.000000 273.000000
