158.000000 32.000000
119.000000 33.000000
91.000000 54.000000
73.000000 86.000000
67.000000 128.000000
70.000000 165.000000
72.000000 203.000000
77.000000 238.000000
87.000000 272.000000
105.000000 301.000000
131.000000 323.000000
171.000000 336.000000
211.000000 327.000000
241.000000 307.000000
261.000000 280.000000
270.000000 247.000000
277.000000 213.000000
289.000000 177.000000
289.000000 135.000000
278.000000 84.000000
255.000000 50.000000
206.000000 32.000000
156.000000 127.000000
139.000000 123.000000
124.000000 120.000000
109.000000 121.000000
95.000000 128.000000
97.000000 138.000000
111.000000 134.000000
125.000000 134.000000
138.000000 135.000000
153.000000 138.000000
262.000000 132.000000
249.000000 125.000000
234.000000 123.000000
218.000000 125.000000
202.000000 128.000000
203.000000 139.000000
220.000000 137.000000
235.000000 136.000000
249.000000 137.000000
260.000000 140.000000
150.000000 163.000000
141.000000 154.000000
129.000000 151.000000
118.000000 152.000000
108.000000 158.000000
117.000000 164.000000
127.000000 166.000000
138.000000 165.000000
248.000000 161.000000
238.000000 155.000000
226.000000 153.000000
214.000000 156.000000
204.000000 164.000000
215.000000 168.000000
228.000000 168.000000
239.000000 166.000000
127.000000 157.000000
227.000000 160.000000
164.000000 159.000000
160.000000 176.000000
155.000000 193.000000
149.000000 209.000000
143.000000 227.000000
156.000000 236.000000
174.000000 242.000000
192.000000 238.000000
206.000000 228.000000
202.000000 212.000000
197.000000 195.000000
193.000000 178.000000
191.000000 160.000000
209.000000 272.000000
197.000000 266.000000
185.000000 261.000000
174.000000 263.000000
163.000000 260.000000
151.000000 265.000000
137.000000 270.000000
146.000000 279.000000
156.000000 285.000000
167.000000 289.000000
179.000000 289.000000
190.000000 286.000000
199.000000 282.000000
