179.000000 26.000000
140.000000 36.000000
112.000000 63.000000
90.000000 95.000000
75.000000 128.000000
72.000000 164.000000
77.000000 203.000000
89.000000 239.000000
107.000000 271.000000
131.000000 299.000000
158.000000 320.000000
195.000000 332.000000
231.000000 315.000000
258.000000 284.000000
272.000000 256.000000
285.000000 225.000000
288.000000 191.000000
286.000000 157.000000
285.000000 123.000000
277.000000 84.000000
267.000000 52.000000
228.000000 33.000000
156.000000 126.000000
140.000000 120.000000
124.000000 117.000000
108.000000 117.000000
92.000000 124.000000
94.000000 133.000000
109.000000 130.000000
124.000000 130.000000
138.000000 133.000000
153.000000 137.000000
272.000000 114.000000
255.000000 108.000000
239.000000 110.000000
223.000000 115.000000
208.000000 121.000000
212.000000 132.000000
227.000000 127.000000
241.000000 123.000000
256.000000 121.000000
270.000000 122.000000
155.000000 169.000000
147.000000 157.000000
132.000000 151.000000
117.000000 154.000000
101.000000 163.000000
116.000000 173.000000
130.000000 176.000000
144.000000 174.000000
270.000000 153.000000
250.000000 144.000000
237.000000 143.000000
225.000000 150.000000
217.000000 163.000000
229.000000 167.000000
243.000000 168.000000
256.000000 165.000000
133.000000 162.000000
239.000000 155.000000
169.000000 163.000000
169.000000 182.000000
167.000000 200.000000
162.000000 218.000000
158.000000 236.000000
172.000000 248.000000
191.000000 254.000000
210.000000 246.000000
222.000000 233.000000
216.000000 215.000000
210.000000 198.000000
204.000000 177.000000
201.000000 160.000000
237.000000 263.000000
215.000000 267.000000
203.000000 266.000000
192.000000 270.000000
177.000000 267.000000
166.000000 270.000000
148.000000 267.000000
163.000000 280.000000
173.000000 287.000000
186.000000 292.000000
200.000000 292.000000
211.000000 286.000000
221.000000 278.000000
