121.000000 9.000000
81.000000 29.000000
61.000000 57.000000
52.000000 97.000000
59.000000 144.000000
65.000000 170.000000
72.000000 203.000000
85.000000 235.000000
104.000000 259.000000
128.000000 279.000000
156.000000 307.000000
192.000000 312.000000
227.000000 299.000000
255.000000 274.000000
275.000000 242.000000
289.000000 209.000000
291.000000 167.000000
286.000000 130.000000
269.000000 93.000000
253.000000 58.000000
229.000000 24.000000
206.000000 4.000000
125.000000 123.000000
108.000000 118.000000
91.000000 115.000000
73.000000 117.000000
58.000000 127.000000
62.000000 135.000000
77.000000 130.000000
93.000000 129.000000
109.000000 131.000000
123.000000 133.000000
235.000000 91.000000
220.000000 88.000000
205.000000 93.000000
190.000000 100.000000
177.000000 110.000000
183.000000 118.000000
196.000000 110.000000
210.000000 104.000000
222.000000 100.000000
234.000000 98.000000
128.000000 163.000000
119.000000 154.000000
106.000000 151.000000
94.000000 155.000000
85.000000 163.000000
95.000000 169.000000
106.000000 171.000000
117.000000 168.000000
228.000000 131.000000
217.000000 127.000000
205.000000 128.000000
195.000000 136.000000
189.000000 146.000000
200.000000 149.000000
213.000000 148.000000
224.000000 141.000000
106.000000 160.000000
207.000000 139.000000
140.000000 155.000000
140.000000 174.000000
139.000000 192.000000
138.000000 210.000000
137.000000 228.000000
154.000000 234.000000
173.000000 235.000000
190.000000 225.000000
203.000000 212.000000
195.000000 196.000000
187.000000 184.000000
178.000000 165.000000
171.000000 148.000000
224.000000 245.000000
209.000000 248.000000
196.000000 252.000000
179.000000 257.000000
167.000000 256.000000
154.000000 261.000000
139.000000 256.000000
152.000000 273.000000
163.000000 277.000000
177.000000 279.000000
191.000000 276.000000
201.000000 268.000000
210.000000 259.000000
