175.000000 60.000000
135.000000 67.000000
111.000000 89.000000
93.000000 113.000000
86.000000 142.000000
87.000000 173.000000
87.000000 204.000000
92.000000 232.000000
102.000000 259.000000
121.000000 281.000000
143.000000 299.000000
171.000000 309.000000
204.000000 299.000000
227.000000 285.000000
250.000000 261.000000
262.000000 237.000000
266.000000 206.000000
269.000000 179.000000
266.000000 139.000000
256.000000 103.000000
240.000000 78.000000
214.000000 66.000000
154.000000 148.000000
143.000000 144.000000
133.000000 142.000000
123.000000 142.000000
113.000000 146.000000
115.000000 153.000000
124.000000 151.000000
133.000000 152.000000
143.000000 153.000000
152.000000 156.000000
245.000000 153.000000
234.000000 148.000000
222.000000 146.000000
210.000000 148.000000
198.000000 151.000000
200.000000 159.000000
211.000000 157.000000
223.000000 156.000000
233.000000 157.000000
243.000000 160.000000
154.000000 177.000000
148.000000 168.000000
138.000000 164.000000
128.000000 165.000000
121.000000 173.000000
127.000000 176.000000
136.000000 178.000000
144.000000 178.000000
234.000000 175.000000
222.000000 168.000000
213.000000 167.000000
204.000000 170.000000
198.000000 177.000000
206.000000 180.000000
215.000000 181.000000
224.000000 179.000000
138.000000 171.000000
213.000000 174.000000
165.000000 174.000000
163.000000 189.000000
159.000000 202.000000
154.000000 214.000000
149.000000 226.000000
160.000000 233.000000
174.000000 238.000000
189.000000 234.000000
200.000000 226.000000
196.000000 214.000000
191.000000 202.000000
188.000000 190.000000
187.000000 175.000000
209.000000 249.000000
194.000000 249.000000
183.000000 248.000000
174.000000 250.000000
165.000000 248.000000
153.000000 250.000000
139.000000 249.000000
148.000000 259.000000
157.000000 266.000000
168.000000 269.000000
180.000000 269.000000
191.000000 265.000000
200.000000 259.000000
