158.000000 91.000000
126.000000 102.000000
103.000000 118.000000
86.000000 142.000000
74.000000 168.000000
80.000000 196.000000
80.000000 225.000000
89.000000 254.000000
102.000000 278.000000
120.000000 297.000000
141.000000 314.000000
167.000000 325.000000
195.000000 314.000000
216.000000 296.000000
234.000000 273.000000
246.000000 249.000000
248.000000 220.000000
251.000000 190.000000
246.000000 162.000000
235.000000 132.000000
215.000000 113.000000
194.000000 98.000000
139.000000 172.000000
128.000000 168.000000
116.000000 165.000000
104.000000 165.000000
94.000000 167.000000
95.000000 174.000000
105.000000 172.000000
116.000000 173.000000
127.000000 175.000000
138.000000 179.000000
227.000000 166.000000
217.000000 162.000000
206.000000 162.000000
194.000000 164.000000
182.000000 168.000000
183.000000 176.000000
196.000000 172.000000
207.000000 169.000000
217.000000 169.000000
226.000000 171.000000
138.000000 199.000000
132.000000 190.000000
122.000000 185.000000
111.000000 186.000000
99.000000 194.000000
108.000000 198.000000
119.000000 201.000000
129.000000 200.000000
220.000000 192.000000
210.000000 184.000000
200.000000 183.000000
191.000000 188.000000
184.000000 196.000000
194.000000 198.000000
203.000000 199.000000
212.000000 196.000000
120.000000 192.000000
201.000000 190.000000
150.000000 195.000000
149.000000 208.000000
146.000000 220.000000
141.000000 231.000000
137.000000 243.000000
146.000000 251.000000
161.000000 256.000000
177.000000 250.000000
186.000000 241.000000
182.000000 230.000000
177.000000 219.000000
173.000000 206.000000
171.000000 194.000000
199.000000 268.000000
185.000000 265.000000
171.000000 266.000000
163.000000 266.000000
155.000000 265.000000
143.000000 267.000000
132.000000 268.000000
140.000000 279.000000
148.000000 286.000000
159.000000 290.000000
170.000000 289.000000
181.000000 284.000000
191.000000 276.000000
