177.000000 60.000000
141.000000 72.000000
116.000000 84.000000
98.000000 108.000000
91.000000 145.000000
87.000000 173.000000
91.000000 203.000000
98.000000 232.000000
108.000000 259.000000
127.000000 281.000000
149.000000 300.000000
181.000000 314.000000
214.000000 301.000000
236.000000 281.000000
255.000000 256.000000
263.000000 229.000000
270.000000 198.000000
273.000000 172.000000
272.000000 142.000000
261.000000 113.000000
240.000000 84.000000
218.000000 68.000000
154.000000 148.000000
142.000000 146.000000
129.000000 144.000000
117.000000 143.000000
108.000000 148.000000
109.000000 154.000000
119.000000 152.000000
130.000000 152.000000
142.000000 154.000000
154.000000 156.000000
243.000000 142.000000
232.000000 138.000000
220.000000 139.000000
209.000000 141.000000
198.000000 146.000000
200.000000 153.000000
211.000000 149.000000
222.000000 146.000000
232.000000 146.000000
242.000000 148.000000
154.000000 173.000000
148.000000 165.000000
139.000000 163.000000
130.000000 165.000000
121.000000 172.000000
130.000000 175.000000
138.000000 177.000000
146.000000 176.000000
236.000000 167.000000
224.000000 161.000000
214.000000 160.000000
206.000000 164.000000
200.000000 172.000000
208.000000 174.000000
217.000000 174.000000
226.000000 172.000000
139.000000 169.000000
216.000000 166.000000
165.000000 170.000000
164.000000 184.000000
161.000000 197.000000
158.000000 211.000000
153.000000 224.000000
163.000000 231.000000
178.000000 234.000000
193.000000 230.000000
205.000000 222.000000
201.000000 210.000000
196.000000 197.000000
192.000000 183.000000
190.000000 169.000000
212.000000 253.000000
199.000000 251.000000
188.000000 250.000000
179.000000 253.000000
170.000000 250.000000
160.000000 253.000000
147.000000 255.000000
156.000000 265.000000
165.000000 271.000000
175.000000 274.000000
186.000000 274.000000
196.000000 269.000000
205.000000 262.000000
