181.000000 45.000000
150.000000 58.000000
122.000000 78.000000
105.000000 100.000000
94.000000 124.000000
93.000000 152.000000
93.000000 184.000000
99.000000 215.000000
108.000000 244.000000
127.000000 267.000000
153.000000 283.000000
187.000000 290.000000
218.000000 280.000000
242.000000 261.000000
258.000000 236.000000
265.000000 207.000000
271.000000 177.000000
270.000000 147.000000
265.000000 120.000000
257.000000 93.000000
237.000000 71.000000
212.000000 52.000000
159.000000 129.000000
147.000000 125.000000
134.000000 122.000000
121.000000 123.000000
109.000000 129.000000
112.000000 135.000000
123.000000 132.000000
135.000000 132.000000
146.000000 134.000000
156.000000 137.000000
253.000000 122.000000
241.000000 118.000000
229.000000 118.000000
217.000000 122.000000
207.000000 127.000000
210.000000 134.000000
220.000000 130.000000
230.000000 128.000000
241.000000 127.000000
252.000000 129.000000
158.000000 160.000000
153.000000 152.000000
143.000000 148.000000
132.000000 150.000000
121.000000 159.000000
130.000000 161.000000
141.000000 163.000000
152.000000 162.000000
246.000000 154.000000
233.000000 147.000000
224.000000 146.000000
215.000000 150.000000
209.000000 157.000000
217.000000 160.000000
226.000000 161.000000
238.000000 160.000000
142.000000 155.000000
225.000000 154.000000
170.000000 153.000000
169.000000 167.000000
167.000000 180.000000
162.000000 193.000000
157.000000 207.000000
169.000000 213.000000
185.000000 216.000000
200.000000 212.000000
212.000000 205.000000
207.000000 192.000000
201.000000 179.000000
198.000000 166.000000
195.000000 153.000000
212.000000 238.000000
201.000000 233.000000
193.000000 230.000000
186.000000 234.000000
176.000000 231.000000
166.000000 235.000000
155.000000 240.000000
164.000000 246.000000
172.000000 250.000000
181.000000 252.000000
191.000000 251.000000
199.000000 248.000000
206.000000 244.000000
