178.000000 58.000000
148.000000 64.000000
121.000000 78.000000
100.000000 99.000000
87.000000 126.000000
83.000000 156.000000
85.000000 190.000000
90.000000 219.000000
100.000000 248.000000
120.000000 272.000000
148.000000 288.000000
183.000000 296.000000
216.000000 287.000000
242.000000 269.000000
262.000000 245.000000
268.000000 215.000000
273.000000 186.000000
276.000000 154.000000
271.000000 124.000000
257.000000 93.000000
233.000000 70.000000
206.000000 61.000000
156.000000 127.000000
144.000000 124.000000
132.000000 123.000000
121.000000 124.000000
109.000000 128.000000
110.000000 134.000000
121.000000 132.000000
132.000000 132.000000
143.000000 133.000000
154.000000 136.000000
251.000000 128.000000
239.000000 125.000000
227.000000 124.000000
214.000000 126.000000
203.000000 129.000000
205.000000 137.000000
216.000000 134.000000
228.000000 132.000000
239.000000 132.000000
250.000000 134.000000
154.000000 161.000000
147.000000 153.000000
137.000000 149.000000
126.000000 150.000000
113.000000 158.000000
125.000000 161.000000
135.000000 164.000000
146.000000 163.000000
244.000000 156.000000
233.000000 150.000000
223.000000 149.000000
213.000000 152.000000
206.000000 160.000000
216.000000 163.000000
226.000000 163.000000
236.000000 161.000000
135.000000 156.000000
223.000000 156.000000
167.000000 157.000000
165.000000 171.000000
161.000000 184.000000
156.000000 197.000000
153.000000 211.000000
165.000000 216.000000
180.000000 220.000000
196.000000 216.000000
209.000000 209.000000
204.000000 196.000000
199.000000 183.000000
196.000000 172.000000
193.000000 156.000000
212.000000 242.000000
199.000000 238.000000
189.000000 235.000000
181.000000 237.000000
171.000000 235.000000
159.000000 239.000000
146.000000 242.000000
155.000000 250.000000
164.000000 256.000000
175.000000 258.000000
187.000000 258.000000
196.000000 255.000000
204.000000 249.000000
