171.000000 40.000000
132.000000 49.000000
100.000000 72.000000
82.000000 98.000000
73.000000 132.000000
73.000000 161.000000
77.000000 194.000000
84.000000 226.000000
96.000000 255.000000
120.000000 280.000000
149.000000 298.000000
188.000000 308.000000
221.000000 296.000000
245.000000 274.000000
266.000000 247.000000
274.000000 218.000000
277.000000 185.000000
278.000000 152.000000
272.000000 120.000000
263.000000 89.000000
240.000000 59.000000
209.000000 42.000000
152.000000 129.000000
139.000000 126.000000
125.000000 123.000000
111.000000 123.000000
99.000000 128.000000
100.000000 134.000000
113.000000 131.000000
126.000000 132.000000
139.000000 135.000000
151.000000 138.000000
249.000000 122.000000
237.000000 117.000000
224.000000 116.000000
211.000000 119.000000
199.000000 124.000000
202.000000 133.000000
213.000000 128.000000
226.000000 125.000000
237.000000 124.000000
248.000000 127.000000
150.000000 163.000000
142.000000 154.000000
131.000000 151.000000
120.000000 153.000000
112.000000 159.000000
119.000000 165.000000
130.000000 167.000000
141.000000 166.000000
240.000000 152.000000
232.000000 146.000000
221.000000 145.000000
210.000000 150.000000
203.000000 159.000000
213.000000 160.000000
223.000000 161.000000
233.000000 158.000000
130.000000 158.000000
220.000000 153.000000
163.000000 159.000000
162.000000 173.000000
160.000000 187.000000
156.000000 200.000000
151.000000 215.000000
164.000000 221.000000
181.000000 224.000000
197.000000 219.000000
209.000000 210.000000
203.000000 197.000000
197.000000 184.000000
193.000000 172.000000
189.000000 157.000000
222.000000 242.000000
206.000000 240.000000
193.000000 239.000000
183.000000 242.000000
173.000000 241.000000
159.000000 245.000000
144.000000 249.000000
155.000000 258.000000
166.000000 263.000000
179.000000 265.000000
191.000000 264.000000
203.000000 260.000000
213.000000 252.000000
