180.000000 76.000000
147.000000 87.000000
128.000000 104.000000
110.000000 123.000000
99.000000 147.000000
95.000000 173.000000
95.000000 203.000000
101.000000 229.000000
110.000000 254.000000
129.000000 273.000000
153.000000 287.000000
182.000000 294.000000
213.000000 285.000000
237.000000 269.000000
252.000000 250.000000
259.000000 224.000000
263.000000 198.000000
264.000000 170.000000
259.000000 144.000000
253.000000 118.000000
241.000000 97.000000
221.000000 83.000000
159.000000 141.000000
148.000000 139.000000
137.000000 137.000000
126.000000 138.000000
116.000000 142.000000
118.000000 149.000000
128.000000 147.000000
137.000000 146.000000
147.000000 147.000000
156.000000 149.000000
243.000000 137.000000
231.000000 134.000000
220.000000 135.000000
210.000000 137.000000
200.000000 141.000000
203.000000 148.000000
212.000000 145.000000
222.000000 144.000000
232.000000 143.000000
242.000000 144.000000
158.000000 170.000000
153.000000 162.000000
143.000000 160.000000
134.000000 161.000000
126.000000 166.000000
134.000000 170.000000
142.000000 172.000000
150.000000 171.000000
234.000000 164.000000
224.000000 158.000000
215.000000 158.000000
207.000000 161.000000
201.000000 168.000000
209.000000 170.000000
217.000000 170.000000
226.000000 168.000000
143.000000 166.000000
216.000000 164.000000
170.000000 167.000000
168.000000 179.000000
165.000000 191.000000
161.000000 202.000000
157.000000 214.000000
168.000000 221.000000
181.000000 224.000000
194.000000 220.000000
205.000000 212.000000
200.000000 201.000000
195.000000 190.000000
192.000000 178.000000
190.000000 166.000000
209.000000 242.000000
197.000000 239.000000
188.000000 237.000000
180.000000 239.000000
172.000000 237.000000
163.000000 240.000000
151.000000 243.000000
159.000000 249.000000
167.000000 254.000000
176.000000 256.000000
186.000000 256.000000
195.000000 253.000000
202.000000 248.000000
