166.000000 70.000000
118.000000 83.000000
95.000000 105.000000
78.000000 133.000000
66.000000 163.000000
68.000000 193.000000
76.000000 224.000000
88.000000 249.000000
102.000000 277.000000
120.000000 306.000000
141.000000 329.000000
175.000000 347.000000
212.000000 331.000000
239.000000 307.000000
260.000000 279.000000
276.000000 249.000000
281.000000 212.000000
280.000000 177.000000
271.000000 143.000000
252.000000 115.000000
231.000000 90.000000
203.000000 76.000000
130.000000 158.000000
117.000000 153.000000
104.000000 149.000000
91.000000 149.000000
79.000000 155.000000
82.000000 163.000000
94.000000 161.000000
106.000000 161.000000
117.000000 164.000000
127.000000 168.000000
239.000000 149.000000
225.000000 143.000000
211.000000 145.000000
196.000000 149.000000
182.000000 156.000000
185.000000 164.000000
200.000000 159.000000
214.000000 156.000000
225.000000 154.000000
237.000000 155.000000
133.000000 190.000000
125.000000 179.000000
114.000000 175.000000
103.000000 177.000000
94.000000 183.000000
102.000000 190.000000
112.000000 192.000000
123.000000 192.000000
224.000000 178.000000
214.000000 172.000000
202.000000 171.000000
193.000000 177.000000
184.000000 186.000000
195.000000 188.000000
207.000000 189.000000
218.000000 185.000000
115.000000 183.000000
205.000000 179.000000
142.000000 185.000000
141.000000 203.000000
139.000000 219.000000
136.000000 235.000000
134.000000 250.000000
140.000000 257.000000
155.000000 259.000000
170.000000 254.000000
190.000000 244.000000
185.000000 231.000000
179.000000 217.000000
174.000000 200.000000
171.000000 183.000000
204.000000 278.000000
189.000000 275.000000
176.000000 274.000000
166.000000 277.000000
155.000000 277.000000
144.000000 275.000000
133.000000 280.000000
141.000000 295.000000
152.000000 307.000000
166.000000 312.000000
178.000000 310.000000
191.000000 303.000000
201.000000 293.000000
