170.000000 4.000000
129.000000 10.000000
103.000000 40.000000
87.000000 74.000000
81.000000 109.000000
70.000000 136.000000
71.000000 169.000000
77.000000 200.000000
88.000000 233.000000
108.000000 258.000000
135.000000 281.000000
172.000000 294.000000
214.000000 281.000000
255.000000 267.000000
285.000000 235.000000
297.000000 196.000000
303.000000 160.000000
298.000000 123.000000
283.000000 90.000000
267.000000 61.000000
249.000000 29.000000
215.000000 9.000000
137.000000 93.000000
123.000000 89.000000
110.000000 86.000000
97.000000 87.000000
86.000000 96.000000
88.000000 104.000000
99.000000 99.000000
111.000000 99.000000
123.000000 101.000000
135.000000 103.000000
249.000000 91.000000
235.000000 83.000000
220.000000 81.000000
206.000000 83.000000
192.000000 88.000000
195.000000 99.000000
209.000000 95.000000
222.000000 92.000000
235.000000 93.000000
247.000000 98.000000
137.000000 127.000000
130.000000 118.000000
119.000000 114.000000
105.000000 115.000000
93.000000 125.000000
104.000000 129.000000
118.000000 129.000000
129.000000 129.000000
238.000000 119.000000
224.000000 111.000000
213.000000 110.000000
202.000000 114.000000
194.000000 123.000000
204.000000 125.000000
216.000000 125.000000
227.000000 122.000000
119.000000 121.000000
214.000000 118.000000
146.000000 125.000000
143.000000 140.000000
139.000000 156.000000
133.000000 168.000000
130.000000 186.000000
143.000000 195.000000
158.000000 198.000000
176.000000 195.000000
196.000000 184.000000
185.000000 166.000000
178.000000 152.000000
178.000000 138.000000
174.000000 126.000000
212.000000 223.000000
195.000000 217.000000
179.000000 216.000000
167.000000 218.000000
155.000000 217.000000
141.000000 215.000000
125.000000 219.000000
135.000000 233.000000
146.000000 243.000000
161.000000 246.000000
178.000000 244.000000
190.000000 239.000000
203.000000 231.000000
