174.000000 65.000000
139.000000 76.000000
113.000000 93.000000
97.000000 116.000000
91.000000 141.000000
87.000000 167.000000
85.000000 196.000000
90.000000 222.000000
99.000000 248.000000
117.000000 268.000000
141.000000 285.000000
171.000000 295.000000
201.000000 286.000000
224.000000 269.000000
243.000000 248.000000
253.000000 223.000000
257.000000 194.000000
258.000000 166.000000
253.000000 140.000000
246.000000 111.000000
230.000000 87.000000
206.000000 68.000000
150.000000 135.000000
139.000000 132.000000
127.000000 130.000000
117.000000 131.000000
108.000000 135.000000
110.000000 141.000000
118.000000 138.000000
127.000000 138.000000
138.000000 140.000000
148.000000 143.000000
236.000000 134.000000
226.000000 129.000000
215.000000 129.000000
204.000000 131.000000
193.000000 135.000000
195.000000 142.000000
206.000000 139.000000
216.000000 137.000000
225.000000 137.000000
233.000000 139.000000
148.000000 164.000000
142.000000 156.000000
133.000000 153.000000
124.000000 155.000000
114.000000 163.000000
124.000000 165.000000
132.000000 167.000000
140.000000 167.000000
230.000000 163.000000
220.000000 153.000000
210.000000 152.000000
202.000000 154.000000
196.000000 162.000000
203.000000 165.000000
212.000000 166.000000
220.000000 164.000000
133.000000 159.000000
210.000000 158.000000
159.000000 160.000000
158.000000 173.000000
156.000000 185.000000
152.000000 197.000000
148.000000 209.000000
160.000000 216.000000
173.000000 218.000000
186.000000 216.000000
196.000000 208.000000
192.000000 196.000000
187.000000 185.000000
184.000000 172.000000
183.000000 159.000000
202.000000 241.000000
190.000000 236.000000
180.000000 232.000000
173.000000 235.000000
165.000000 233.000000
155.000000 237.000000
142.000000 241.000000
151.000000 249.000000
159.000000 252.000000
168.000000 255.000000
178.000000 255.000000
187.000000 251.000000
194.000000 247.000000
