175.000000 46.000000
142.000000 55.000000
120.000000 72.000000
103.000000 93.000000
90.000000 119.000000
86.000000 147.000000
87.000000 178.000000
93.000000 207.000000
104.000000 234.000000
120.000000 258.000000
141.000000 278.000000
174.000000 288.000000
211.000000 278.000000
236.000000 257.000000
254.000000 231.000000
264.000000 203.000000
263.000000 177.000000
267.000000 145.000000
265.000000 118.000000
251.000000 92.000000
233.000000 71.000000
208.000000 55.000000
151.000000 118.000000
139.000000 114.000000
127.000000 111.000000
115.000000 112.000000
105.000000 117.000000
108.000000 124.000000
117.000000 121.000000
128.000000 122.000000
139.000000 123.000000
149.000000 126.000000
242.000000 118.000000
231.000000 113.000000
219.000000 111.000000
207.000000 113.000000
196.000000 115.000000
199.000000 127.000000
210.000000 123.000000
221.000000 121.000000
231.000000 122.000000
240.000000 124.000000
149.000000 150.000000
143.000000 142.000000
134.000000 138.000000
125.000000 140.000000
114.000000 147.000000
123.000000 150.000000
132.000000 152.000000
141.000000 152.000000
231.000000 145.000000
221.000000 139.000000
212.000000 138.000000
204.000000 141.000000
198.000000 148.000000
205.000000 148.000000
215.000000 151.000000
224.000000 149.000000
135.000000 145.000000
213.000000 144.000000
160.000000 145.000000
158.000000 160.000000
156.000000 174.000000
151.000000 186.000000
146.000000 198.000000
161.000000 203.000000
174.000000 205.000000
188.000000 204.000000
200.000000 196.000000
195.000000 185.000000
190.000000 173.000000
187.000000 160.000000
185.000000 145.000000
210.000000 226.000000
196.000000 221.000000
184.000000 217.000000
174.000000 220.000000
164.000000 218.000000
152.000000 221.000000
140.000000 227.000000
148.000000 236.000000
157.000000 242.000000
168.000000 246.000000
180.000000 246.000000
192.000000 243.000000
202.000000 236.000000
