191.000000 70.000000
161.000000 79.000000
139.000000 88.000000
123.000000 111.000000
110.000000 133.000000
105.000000 158.000000
110.000000 185.000000
116.000000 211.000000
126.000000 236.000000
141.000000 257.000000
161.000000 273.000000
189.000000 282.000000
216.000000 273.000000
236.000000 258.000000
250.000000 238.000000
258.000000 215.000000
264.000000 190.000000
268.000000 164.000000
265.000000 139.000000
260.000000 113.000000
244.000000 88.000000
221.000000 75.000000
173.000000 140.000000
161.000000 135.000000
149.000000 131.000000
137.000000 131.000000
127.000000 137.000000
129.000000 143.000000
139.000000 140.000000
149.000000 140.000000
160.000000 143.000000
171.000000 147.000000
250.000000 140.000000
241.000000 135.000000
231.000000 135.000000
220.000000 138.000000
210.000000 142.000000
212.000000 149.000000
223.000000 146.000000
232.000000 143.000000
240.000000 143.000000
248.000000 145.000000
168.000000 167.000000
164.000000 159.000000
155.000000 155.000000
146.000000 157.000000
139.000000 162.000000
145.000000 166.000000
154.000000 169.000000
161.000000 168.000000
239.000000 164.000000
234.000000 160.000000
226.000000 159.000000
218.000000 162.000000
213.000000 168.000000
220.000000 171.000000
228.000000 172.000000
235.000000 170.000000
155.000000 162.000000
226.000000 165.000000
180.000000 164.000000
178.000000 177.000000
176.000000 189.000000
172.000000 199.000000
168.000000 210.000000
177.000000 217.000000
190.000000 222.000000
202.000000 218.000000
212.000000 212.000000
208.000000 201.000000
205.000000 189.000000
203.000000 177.000000
202.000000 164.000000
215.000000 239.000000
205.000000 236.000000
197.000000 234.000000
190.000000 236.000000
184.000000 234.000000
175.000000 236.000000
164.000000 238.000000
172.000000 245.000000
178.000000 248.000000
186.000000 251.000000
194.000000 252.000000
201.000000 249.000000
207.000000 245.000000
