172.000000 65.000000
133.000000 76.000000
111.000000 97.000000
100.000000 121.000000
88.000000 145.000000
84.000000 172.000000
89.000000 199.000000
97.000000 224.000000
108.000000 249.000000
122.000000 271.000000
141.000000 289.000000
170.000000 297.000000
198.000000 289.000000
224.000000 270.000000
239.000000 248.000000
248.000000 223.000000
253.000000 197.000000
256.000000 169.000000
252.000000 143.000000
246.000000 114.000000
233.000000 91.000000
210.000000 75.000000
144.000000 144.000000
133.000000 139.000000
121.000000 136.000000
110.000000 137.000000
100.000000 143.000000
102.000000 147.000000
111.000000 144.000000
121.000000 144.000000
131.000000 147.000000
140.000000 151.000000
233.000000 143.000000
223.000000 137.000000
211.000000 136.000000
198.000000 139.000000
186.000000 145.000000
189.000000 151.000000
200.000000 147.000000
211.000000 144.000000
222.000000 144.000000
230.000000 147.000000
142.000000 174.000000
136.000000 164.000000
127.000000 159.000000
118.000000 161.000000
111.000000 168.000000
119.000000 173.000000
126.000000 176.000000
133.000000 176.000000
221.000000 168.000000
214.000000 162.000000
204.000000 160.000000
195.000000 165.000000
189.000000 173.000000
197.000000 176.000000
207.000000 176.000000
216.000000 174.000000
128.000000 168.000000
205.000000 168.000000
152.000000 170.000000
152.000000 185.000000
150.000000 198.000000
147.000000 210.000000
143.000000 223.000000
152.000000 231.000000
164.000000 235.000000
176.000000 230.000000
186.000000 222.000000
182.000000 211.000000
179.000000 197.000000
177.000000 186.000000
176.000000 170.000000
194.000000 250.000000
179.000000 249.000000
173.000000 250.000000
165.000000 251.000000
155.000000 250.000000
147.000000 252.000000
138.000000 253.000000
147.000000 261.000000
154.000000 266.000000
162.000000 268.000000
172.000000 268.000000
180.000000 264.000000
187.000000 258.000000
