171.000000 42.000000
137.000000 48.000000
111.000000 68.000000
95.000000 97.000000
80.000000 125.000000
74.000000 156.000000
75.000000 191.000000
78.000000 224.000000
86.000000 256.000000
105.000000 285.000000
133.000000 307.000000
173.000000 319.000000
213.000000 308.000000
241.000000 285.000000
258.000000 257.000000
267.000000 226.000000
275.000000 194.000000
273.000000 163.000000
273.000000 129.000000
267.000000 97.000000
245.000000 67.000000
213.000000 49.000000
150.000000 118.000000
137.000000 114.000000
124.000000 112.000000
110.000000 114.000000
97.000000 118.000000
98.000000 124.000000
111.000000 123.000000
125.000000 122.000000
137.000000 125.000000
147.000000 127.000000
255.000000 120.000000
245.000000 115.000000
233.000000 113.000000
220.000000 115.000000
208.000000 119.000000
210.000000 127.000000
221.000000 124.000000
233.000000 122.000000
244.000000 123.000000
253.000000 126.000000
148.000000 158.000000
141.000000 148.000000
128.000000 143.000000
116.000000 145.000000
107.000000 151.000000
116.000000 157.000000
127.000000 160.000000
137.000000 160.000000
245.000000 155.000000
236.000000 148.000000
224.000000 146.000000
214.000000 150.000000
205.000000 158.000000
215.000000 162.000000
226.000000 163.000000
237.000000 161.000000
127.000000 151.000000
223.000000 154.000000
163.000000 152.000000
160.000000 169.000000
156.000000 185.000000
150.000000 199.000000
144.000000 213.000000
157.000000 220.000000
174.000000 224.000000
194.000000 222.000000
208.000000 213.000000
203.000000 200.000000
197.000000 186.000000
194.000000 171.000000
192.000000 153.000000
213.000000 252.000000
199.000000 248.000000
187.000000 243.000000
176.000000 246.000000
165.000000 243.000000
151.000000 247.000000
137.000000 251.000000
146.000000 261.000000
156.000000 269.000000
168.000000 273.000000
182.000000 274.000000
194.000000 270.000000
204.000000 262.000000
