159.000000 47.000000
128.000000 63.000000
101.000000 91.000000
86.000000 118.000000
76.000000 149.000000
75.000000 179.000000
79.000000 211.000000
88.000000 242.000000
102.000000 274.000000
125.000000 298.000000
153.000000 317.000000
188.000000 325.000000
221.000000 309.000000
244.000000 281.000000
261.000000 250.000000
268.000000 218.000000
270.000000 187.000000
269.000000 157.000000
261.000000 127.000000
251.000000 94.000000
233.000000 64.000000
204.000000 51.000000
139.000000 136.000000
127.000000 133.000000
114.000000 132.000000
103.000000 134.000000
92.000000 139.000000
94.000000 145.000000
105.000000 142.000000
116.000000 142.000000
128.000000 143.000000
138.000000 145.000000
239.000000 117.000000
227.000000 114.000000
215.000000 116.000000
203.000000 120.000000
190.000000 126.000000
193.000000 134.000000
205.000000 129.000000
216.000000 124.000000
228.000000 122.000000
237.000000 122.000000
144.000000 171.000000
136.000000 162.000000
124.000000 158.000000
114.000000 162.000000
107.000000 169.000000
116.000000 174.000000
126.000000 175.000000
135.000000 173.000000
231.000000 154.000000
222.000000 148.000000
211.000000 148.000000
202.000000 153.000000
196.000000 163.000000
205.000000 165.000000
215.000000 164.000000
224.000000 161.000000
125.000000 166.000000
212.000000 156.000000
157.000000 163.000000
157.000000 181.000000
155.000000 197.000000
151.000000 211.000000
146.000000 227.000000
159.000000 235.000000
176.000000 237.000000
192.000000 232.000000
204.000000 220.000000
197.000000 207.000000
191.000000 194.000000
186.000000 178.000000
182.000000 161.000000
216.000000 255.000000
201.000000 253.000000
188.000000 252.000000
178.000000 255.000000
169.000000 254.000000
155.000000 257.000000
138.000000 258.000000
153.000000 270.000000
163.000000 275.000000
175.000000 277.000000
188.000000 275.000000
199.000000 270.000000
208.000000 263.000000
