184.000000 56.000000
145.000000 64.000000
116.000000 86.000000
93.000000 121.000000
87.000000 157.000000
85.000000 189.000000
87.000000 223.000000
94.000000 253.000000
105.000000 282.000000
124.000000 307.000000
149.000000 326.000000
185.000000 335.000000
220.000000 327.000000
250.000000 307.000000
275.000000 283.000000
283.000000 252.000000
289.000000 220.000000
289.000000 188.000000
284.000000 157.000000
276.000000 121.000000
257.000000 84.000000
228.000000 63.000000
156.000000 159.000000
145.000000 154.000000
132.000000 150.000000
119.000000 149.000000
106.000000 154.000000
107.000000 162.000000
120.000000 159.000000
132.000000 161.000000
143.000000 164.000000
153.000000 167.000000
266.000000 153.000000
252.000000 147.000000
237.000000 145.000000
222.000000 149.000000
208.000000 155.000000
210.000000 164.000000
224.000000 159.000000
238.000000 157.000000
251.000000 157.000000
263.000000 160.000000
155.000000 191.000000
148.000000 182.000000
137.000000 176.000000
125.000000 179.000000
116.000000 185.000000
123.000000 190.000000
135.000000 194.000000
146.000000 193.000000
248.000000 182.000000
239.000000 176.000000
228.000000 176.000000
218.000000 181.000000
210.000000 189.000000
220.000000 191.000000
231.000000 193.000000
242.000000 189.000000
138.000000 184.000000
229.000000 183.000000
167.000000 185.000000
166.000000 200.000000
164.000000 214.000000
160.000000 228.000000
154.000000 242.000000
166.000000 252.000000
183.000000 257.000000
200.000000 251.000000
213.000000 242.000000
207.000000 228.000000
202.000000 215.000000
198.000000 200.000000
197.000000 185.000000
221.000000 277.000000
205.000000 275.000000
194.000000 273.000000
184.000000 277.000000
174.000000 273.000000
162.000000 276.000000
148.000000 279.000000
158.000000 287.000000
168.000000 293.000000
179.000000 296.000000
191.000000 295.000000
203.000000 292.000000
212.000000 286.000000
