179.000000 77.000000
149.000000 84.000000
123.000000 98.000000
102.000000 129.000000
100.000000 156.000000
96.000000 182.000000
98.000000 209.000000
105.000000 238.000000
113.000000 264.000000
129.000000 283.000000
150.000000 299.000000
179.000000 306.000000
210.000000 298.000000
232.000000 281.000000
249.000000 264.000000
257.000000 238.000000
265.000000 208.000000
267.000000 180.000000
262.000000 154.000000
254.000000 127.000000
240.000000 103.000000
210.000000 82.000000
158.000000 148.000000
146.000000 143.000000
136.000000 140.000000
125.000000 141.000000
115.000000 145.000000
118.000000 151.000000
127.000000 150.000000
136.000000 150.000000
146.000000 151.000000
155.000000 154.000000
240.000000 141.000000
229.000000 138.000000
219.000000 139.000000
209.000000 142.000000
199.000000 146.000000
202.000000 152.000000
212.000000 150.000000
221.000000 147.000000
230.000000 147.000000
239.000000 147.000000
156.000000 175.000000
149.000000 167.000000
141.000000 164.000000
132.000000 165.000000
125.000000 170.000000
130.000000 175.000000
139.000000 177.000000
147.000000 177.000000
234.000000 169.000000
226.000000 163.000000
216.000000 162.000000
208.000000 166.000000
201.000000 173.000000
209.000000 175.000000
219.000000 176.000000
228.000000 174.000000
140.000000 170.000000
217.000000 169.000000
166.000000 172.000000
165.000000 186.000000
162.000000 199.000000
158.000000 211.000000
153.000000 224.000000
165.000000 229.000000
179.000000 232.000000
193.000000 228.000000
205.000000 222.000000
200.000000 210.000000
196.000000 199.000000
193.000000 186.000000
191.000000 172.000000
209.000000 253.000000
199.000000 247.000000
189.000000 243.000000
180.000000 246.000000
168.000000 243.000000
158.000000 248.000000
150.000000 256.000000
154.000000 264.000000
162.000000 270.000000
173.000000 272.000000
185.000000 272.000000
195.000000 270.000000
204.000000 264.000000
