174.000000 57.000000
142.000000 67.000000
113.000000 82.000000
88.000000 112.000000
84.000000 143.000000
80.000000 173.000000
85.000000 204.000000
92.000000 233.000000
103.000000 261.000000
123.000000 284.000000
149.000000 302.000000
183.000000 310.000000
211.000000 299.000000
233.000000 280.000000
252.000000 255.000000
262.000000 228.000000
268.000000 197.000000
272.000000 168.000000
267.000000 138.000000
260.000000 108.000000
241.000000 83.000000
212.000000 68.000000
152.000000 141.000000
138.000000 137.000000
124.000000 134.000000
110.000000 134.000000
99.000000 141.000000
101.000000 147.000000
112.000000 143.000000
124.000000 144.000000
137.000000 147.000000
151.000000 150.000000
252.000000 130.000000
239.000000 128.000000
225.000000 130.000000
213.000000 134.000000
202.000000 138.000000
206.000000 148.000000
216.000000 145.000000
226.000000 139.000000
240.000000 139.000000
253.000000 138.000000
151.000000 173.000000
143.000000 163.000000
132.000000 158.000000
120.000000 160.000000
112.000000 167.000000
120.000000 175.000000
130.000000 177.000000
140.000000 176.000000
246.000000 166.000000
234.000000 157.000000
222.000000 154.000000
211.000000 159.000000
204.000000 170.000000
215.000000 173.000000
227.000000 173.000000
237.000000 171.000000
131.000000 167.000000
225.000000 165.000000
165.000000 169.000000
163.000000 185.000000
160.000000 200.000000
155.000000 214.000000
151.000000 230.000000
164.000000 236.000000
179.000000 239.000000
194.000000 235.000000
206.000000 227.000000
202.000000 213.000000
197.000000 199.000000
192.000000 184.000000
190.000000 168.000000
210.000000 259.000000
199.000000 257.000000
189.000000 255.000000
180.000000 258.000000
171.000000 256.000000
159.000000 259.000000
146.000000 261.000000
155.000000 270.000000
165.000000 275.000000
176.000000 279.000000
187.000000 279.000000
196.000000 275.000000
203.000000 269.000000
