170.000000 62.000000
128.000000 68.000000
97.000000 84.000000
81.000000 114.000000
77.000000 141.000000
78.000000 174.000000
77.000000 204.000000
79.000000 235.000000
88.000000 265.000000
108.000000 290.000000
134.000000 308.000000
168.000000 316.000000
201.000000 307.000000
230.000000 295.000000
248.000000 272.000000
257.000000 242.000000
262.000000 210.000000
264.000000 178.000000
265.000000 153.000000
258.000000 116.000000
237.000000 86.000000
208.000000 69.000000
150.000000 143.000000
137.000000 138.000000
124.000000 135.000000
111.000000 135.000000
99.000000 142.000000
101.000000 147.000000
112.000000 144.000000
125.000000 145.000000
136.000000 148.000000
148.000000 152.000000
242.000000 145.000000
231.000000 137.000000
219.000000 137.000000
206.000000 140.000000
195.000000 144.000000
198.000000 153.000000
209.000000 149.000000
220.000000 147.000000
230.000000 147.000000
240.000000 150.000000
147.000000 179.000000
141.000000 170.000000
130.000000 165.000000
120.000000 167.000000
110.000000 172.000000
120.000000 178.000000
128.000000 181.000000
137.000000 180.000000
231.000000 175.000000
220.000000 167.000000
211.000000 166.000000
202.000000 170.000000
195.000000 177.000000
203.000000 180.000000
213.000000 181.000000
223.000000 178.000000
129.000000 172.000000
211.000000 173.000000
157.000000 172.000000
156.000000 186.000000
153.000000 199.000000
149.000000 213.000000
143.000000 226.000000
155.000000 233.000000
170.000000 238.000000
186.000000 234.000000
196.000000 228.000000
192.000000 215.000000
188.000000 201.000000
186.000000 187.000000
184.000000 172.000000
206.000000 255.000000
191.000000 256.000000
179.000000 254.000000
170.000000 258.000000
159.000000 254.000000
146.000000 255.000000
132.000000 254.000000
142.000000 266.000000
152.000000 273.000000
163.000000 278.000000
175.000000 279.000000
186.000000 275.000000
196.000000 267.000000
