179.000000 42.000000
131.000000 55.000000
98.000000 79.000000
87.000000 109.000000
81.000000 139.000000
82.000000 168.000000
85.000000 199.000000
92.000000 229.000000
104.000000 256.000000
122.000000 280.000000
145.000000 297.000000
175.000000 306.000000
208.000000 297.000000
234.000000 278.000000
252.000000 254.000000
263.000000 227.000000
269.000000 196.000000
270.000000 165.000000
272.000000 137.000000
269.000000 103.000000
253.000000 69.000000
225.000000 51.000000
148.000000 135.000000
137.000000 130.000000
125.000000 127.000000
113.000000 127.000000
101.000000 132.000000
102.000000 138.000000
114.000000 135.000000
125.000000 135.000000
136.000000 138.000000
146.000000 142.000000
247.000000 131.000000
236.000000 126.000000
224.000000 124.000000
211.000000 128.000000
200.000000 133.000000
202.000000 141.000000
214.000000 136.000000
225.000000 133.000000
235.000000 132.000000
244.000000 136.000000
147.000000 169.000000
141.000000 159.000000
129.000000 154.000000
118.000000 156.000000
110.000000 163.000000
118.000000 168.000000
129.000000 171.000000
138.000000 171.000000
242.000000 165.000000
229.000000 155.000000
218.000000 153.000000
208.000000 159.000000
201.000000 168.000000
211.000000 171.000000
223.000000 172.000000
234.000000 170.000000
130.000000 161.000000
218.000000 162.000000
160.000000 163.000000
159.000000 179.000000
156.000000 194.000000
151.000000 208.000000
146.000000 223.000000
157.000000 231.000000
173.000000 237.000000
190.000000 231.000000
202.000000 221.000000
197.000000 208.000000
192.000000 194.000000
189.000000 179.000000
188.000000 163.000000
210.000000 255.000000
196.000000 253.000000
184.000000 251.000000
175.000000 254.000000
163.000000 250.000000
152.000000 253.000000
139.000000 255.000000
148.000000 263.000000
157.000000 271.000000
169.000000 276.000000
181.000000 276.000000
193.000000 272.000000
202.000000 265.000000
