172.000000 35.000000
137.000000 49.000000
108.000000 74.000000
90.000000 107.000000
81.000000 141.000000
77.000000 170.000000
79.000000 202.000000
85.000000 231.000000
95.000000 259.000000
113.000000 283.000000
136.000000 303.000000
169.000000 314.000000
205.000000 304.000000
233.000000 283.000000
252.000000 257.000000
262.000000 229.000000
268.000000 199.000000
269.000000 168.000000
270.000000 139.000000
257.000000 97.000000
239.000000 65.000000
212.000000 45.000000
144.000000 132.000000
130.000000 128.000000
117.000000 126.000000
104.000000 129.000000
93.000000 137.000000
96.000000 143.000000
106.000000 138.000000
117.000000 137.000000
129.000000 138.000000
140.000000 140.000000
250.000000 132.000000
237.000000 124.000000
224.000000 122.000000
210.000000 124.000000
195.000000 129.000000
197.000000 138.000000
211.000000 135.000000
224.000000 132.000000
237.000000 133.000000
247.000000 138.000000
141.000000 168.000000
135.000000 158.000000
124.000000 154.000000
114.000000 156.000000
106.000000 162.000000
115.000000 168.000000
123.000000 171.000000
133.000000 170.000000
232.000000 162.000000
224.000000 156.000000
213.000000 154.000000
203.000000 159.000000
196.000000 166.000000
205.000000 169.000000
215.000000 169.000000
225.000000 167.000000
125.000000 162.000000
214.000000 162.000000
154.000000 161.000000
153.000000 178.000000
150.000000 193.000000
145.000000 207.000000
138.000000 222.000000
150.000000 231.000000
167.000000 236.000000
185.000000 230.000000
197.000000 222.000000
191.000000 208.000000
185.000000 193.000000
182.000000 179.000000
182.000000 161.000000
202.000000 256.000000
186.000000 254.000000
176.000000 255.000000
167.000000 256.000000
159.000000 256.000000
151.000000 255.000000
134.000000 255.000000
141.000000 265.000000
150.000000 272.000000
161.000000 276.000000
173.000000 277.000000
185.000000 273.000000
194.000000 266.000000
