188.000000 3.000000
145.000000 3.000000
87.000000 7.000000
65.000000 47.000000
53.000000 100.000000
54.000000 142.000000
58.000000 184.000000
66.000000 223.000000
79.000000 258.000000
102.000000 289.000000
132.000000 314.000000
171.000000 330.000000
205.000000 316.000000
231.000000 288.000000
252.000000 266.000000
276.000000 231.000000
287.000000 197.000000
296.000000 158.000000
302.000000 121.000000
303.000000 68.000000
268.000000 4.000000
226.000000 3.000000
158.000000 126.000000
141.000000 118.000000
124.000000 113.000000
105.000000 111.000000
87.000000 114.000000
88.000000 124.000000
105.000000 123.000000
122.000000 124.000000
138.000000 127.000000
154.000000 133.000000
275.000000 126.000000
261.000000 120.000000
245.000000 119.000000
230.000000 122.000000
215.000000 126.000000
217.000000 136.000000
232.000000 133.000000
246.000000 131.000000
260.000000 131.000000
273.000000 135.000000
148.000000 161.000000
141.000000 148.000000
126.000000 140.000000
110.000000 140.000000
93.000000 149.000000
105.000000 157.000000
120.000000 161.000000
136.000000 162.000000
272.000000 162.000000
251.000000 149.000000
237.000000 148.000000
224.000000 153.000000
215.000000 164.000000
226.000000 167.000000
240.000000 168.000000
252.000000 165.000000
125.000000 150.000000
237.000000 157.000000
166.000000 158.000000
162.000000 178.000000
161.000000 196.000000
149.000000 210.000000
138.000000 225.000000
157.000000 240.000000
178.000000 248.000000
200.000000 242.000000
214.000000 232.000000
211.000000 215.000000
206.000000 196.000000
202.000000 179.000000
200.000000 160.000000
233.000000 251.000000
214.000000 250.000000
195.000000 252.000000
176.000000 259.000000
158.000000 251.000000
140.000000 247.000000
113.000000 244.000000
129.000000 268.000000
146.000000 283.000000
167.000000 289.000000
181.000000 290.000000
201.000000 285.000000
215.000000 272.000000
