174.000000 44.000000
131.000000 58.000000
107.000000 77.000000
93.000000 106.000000
85.000000 135.000000
80.000000 165.000000
83.000000 201.000000
89.000000 234.000000
99.000000 266.000000
118.000000 291.000000
143.000000 312.000000
175.000000 324.000000
210.000000 315.000000
239.000000 293.000000
260.000000 266.000000
269.000000 232.000000
274.000000 200.000000
276.000000 164.000000
271.000000 134.000000
263.000000 105.000000
244.000000 76.000000
216.000000 55.000000
150.000000 130.000000
137.000000 126.000000
124.000000 124.000000
112.000000 126.000000
101.000000 131.000000
103.000000 138.000000
114.000000 134.000000
125.000000 133.000000
136.000000 135.000000
147.000000 138.000000
253.000000 128.000000
241.000000 124.000000
228.000000 122.000000
214.000000 124.000000
201.000000 129.000000
204.000000 137.000000
216.000000 133.000000
228.000000 131.000000
240.000000 131.000000
250.000000 135.000000
149.000000 163.000000
142.000000 153.000000
131.000000 149.000000
119.000000 150.000000
111.000000 157.000000
118.000000 164.000000
129.000000 166.000000
140.000000 166.000000
242.000000 158.000000
233.000000 151.000000
222.000000 149.000000
211.000000 153.000000
204.000000 162.000000
214.000000 165.000000
224.000000 166.000000
235.000000 164.000000
129.000000 156.000000
222.000000 157.000000
162.000000 158.000000
160.000000 174.000000
156.000000 190.000000
150.000000 204.000000
145.000000 221.000000
159.000000 230.000000
175.000000 234.000000
192.000000 230.000000
207.000000 219.000000
202.000000 204.000000
196.000000 189.000000
192.000000 174.000000
190.000000 158.000000
213.000000 258.000000
199.000000 253.000000
185.000000 249.000000
175.000000 252.000000
164.000000 248.000000
152.000000 253.000000
138.000000 258.000000
147.000000 267.000000
156.000000 274.000000
169.000000 278.000000
183.000000 278.000000
194.000000 274.000000
205.000000 267.000000
