185.000000 88.000000
157.000000 93.000000
132.000000 105.000000
111.000000 125.000000
98.000000 151.000000
94.000000 179.000000
93.000000 210.000000
98.000000 239.000000
110.000000 266.000000
130.000000 287.000000
153.000000 304.000000
183.000000 313.000000
212.000000 303.000000
236.000000 287.000000
256.000000 266.000000
266.000000 238.000000
273.000000 209.000000
275.000000 179.000000
271.000000 151.000000
258.000000 126.000000
238.000000 106.000000
213.000000 93.000000
164.000000 152.000000
151.000000 146.000000
137.000000 143.000000
123.000000 142.000000
111.000000 147.000000
113.000000 154.000000
124.000000 152.000000
137.000000 153.000000
149.000000 156.000000
161.000000 161.000000
261.000000 151.000000
249.000000 145.000000
235.000000 145.000000
222.000000 148.000000
208.000000 153.000000
211.000000 161.000000
224.000000 157.000000
236.000000 155.000000
248.000000 155.000000
259.000000 158.000000
160.000000 181.000000
153.000000 172.000000
143.000000 168.000000
133.000000 170.000000
124.000000 175.000000
132.000000 181.000000
141.000000 184.000000
150.000000 184.000000
246.000000 178.000000
238.000000 171.000000
228.000000 170.000000
218.000000 174.000000
211.000000 181.000000
219.000000 184.000000
229.000000 186.000000
239.000000 183.000000
144.000000 176.000000
228.000000 178.000000
172.000000 177.000000
170.000000 193.000000
167.000000 206.000000
162.000000 219.000000
158.000000 233.000000
170.000000 242.000000
184.000000 246.000000
198.000000 242.000000
210.000000 234.000000
207.000000 220.000000
202.000000 207.000000
199.000000 193.000000
198.000000 178.000000
215.000000 264.000000
202.000000 263.000000
192.000000 261.000000
184.000000 265.000000
174.000000 261.000000
163.000000 263.000000
150.000000 263.000000
158.000000 272.000000
168.000000 278.000000
178.000000 281.000000
189.000000 281.000000
199.000000 277.000000
207.000000 272.000000
