182.000000 83.000000
156.000000 87.000000
132.000000 98.000000
113.000000 116.000000
101.000000 140.000000
96.000000 166.000000
96.000000 194.000000
100.000000 222.000000
109.000000 249.000000
126.000000 271.000000
149.000000 289.000000
179.000000 297.000000
209.000000 289.000000
231.000000 271.000000
248.000000 247.000000
257.000000 223.000000
261.000000 196.000000
264.000000 168.000000
260.000000 142.000000
249.000000 119.000000
231.000000 100.000000
207.000000 87.000000
158.000000 140.000000
147.000000 137.000000
136.000000 134.000000
125.000000 134.000000
115.000000 140.000000
116.000000 147.000000
126.000000 143.000000
136.000000 144.000000
147.000000 146.000000
156.000000 149.000000
247.000000 143.000000
237.000000 137.000000
224.000000 137.000000
213.000000 139.000000
202.000000 143.000000
204.000000 151.000000
215.000000 148.000000
225.000000 146.000000
236.000000 146.000000
244.000000 149.000000
159.000000 167.000000
152.000000 159.000000
142.000000 155.000000
132.000000 157.000000
126.000000 163.000000
133.000000 167.000000
143.000000 169.000000
151.000000 168.000000
234.000000 164.000000
226.000000 159.000000
217.000000 157.000000
209.000000 160.000000
203.000000 167.000000
211.000000 169.000000
219.000000 170.000000
228.000000 168.000000
143.000000 162.000000
218.000000 163.000000
170.000000 165.000000
169.000000 179.000000
167.000000 191.000000
162.000000 203.000000
158.000000 215.000000
168.000000 222.000000
182.000000 226.000000
194.000000 223.000000
203.000000 215.000000
200.000000 204.000000
196.000000 192.000000
193.000000 179.000000
192.000000 165.000000
207.000000 248.000000
197.000000 243.000000
189.000000 240.000000
181.000000 243.000000
173.000000 240.000000
163.000000 243.000000
151.000000 246.000000
161.000000 253.000000
169.000000 256.000000
177.000000 258.000000
185.000000 259.000000
193.000000 257.000000
200.000000 253.000000
