185.000000 72.000000
154.000000 76.000000
127.000000 89.000000
105.000000 110.000000
91.000000 136.000000
85.000000 166.000000
87.000000 198.000000
94.000000 227.000000
103.000000 256.000000
117.000000 287.000000
144.000000 312.000000
177.000000 319.000000
219.000000 309.000000
248.000000 282.000000
261.000000 260.000000
270.000000 231.000000
277.000000 203.000000
279.000000 171.000000
275.000000 141.000000
262.000000 114.000000
241.000000 92.000000
214.000000 78.000000
162.000000 134.000000
149.000000 130.000000
136.000000 127.000000
124.000000 127.000000
113.000000 132.000000
115.000000 141.000000
126.000000 139.000000
136.000000 139.000000
147.000000 140.000000
159.000000 143.000000
259.000000 136.000000
247.000000 130.000000
234.000000 129.000000
221.000000 131.000000
208.000000 136.000000
210.000000 144.000000
224.000000 142.000000
235.000000 140.000000
246.000000 141.000000
257.000000 144.000000
158.000000 166.000000
154.000000 158.000000
146.000000 154.000000
136.000000 155.000000
128.000000 159.000000
134.000000 165.000000
142.000000 168.000000
150.000000 168.000000
241.000000 165.000000
233.000000 160.000000
224.000000 158.000000
216.000000 161.000000
209.000000 167.000000
217.000000 170.000000
226.000000 170.000000
234.000000 170.000000
144.000000 160.000000
225.000000 164.000000
171.000000 162.000000
169.000000 177.000000
166.000000 190.000000
159.000000 202.000000
155.000000 215.000000
167.000000 221.000000
181.000000 225.000000
195.000000 223.000000
209.000000 216.000000
205.000000 205.000000
200.000000 192.000000
197.000000 179.000000
196.000000 162.000000
210.000000 251.000000
198.000000 244.000000
189.000000 241.000000
180.000000 243.000000
170.000000 240.000000
161.000000 243.000000
151.000000 248.000000
158.000000 257.000000
166.000000 262.000000
174.000000 264.000000
185.000000 265.000000
194.000000 262.000000
202.000000 257.000000
