180.000000 61.000000
153.000000 66.000000
128.000000 80.000000
109.000000 100.000000
97.000000 125.000000
94.000000 152.000000
94.000000 183.000000
99.000000 214.000000
108.000000 244.000000
126.000000 267.000000
151.000000 283.000000
182.000000 289.000000
212.000000 278.000000
236.000000 260.000000
253.000000 238.000000
263.000000 210.000000
269.000000 179.000000
271.000000 148.000000
266.000000 120.000000
253.000000 96.000000
232.000000 77.000000
207.000000 65.000000
158.000000 117.000000
144.000000 112.000000
131.000000 110.000000
117.000000 112.000000
105.000000 120.000000
108.000000 123.000000
119.000000 120.000000
132.000000 119.000000
144.000000 122.000000
155.000000 124.000000
247.000000 116.000000
236.000000 111.000000
224.000000 110.000000
212.000000 112.000000
201.000000 116.000000
204.000000 124.000000
215.000000 121.000000
225.000000 118.000000
235.000000 118.000000
245.000000 120.000000
155.000000 151.000000
148.000000 143.000000
139.000000 139.000000
129.000000 140.000000
121.000000 146.000000
128.000000 151.000000
137.000000 154.000000
147.000000 153.000000
237.000000 145.000000
229.000000 139.000000
220.000000 138.000000
211.000000 142.000000
204.000000 148.000000
212.000000 152.000000
222.000000 153.000000
232.000000 150.000000
138.000000 146.000000
220.000000 145.000000
166.000000 146.000000
165.000000 161.000000
162.000000 174.000000
158.000000 186.000000
153.000000 199.000000
164.000000 206.000000
179.000000 210.000000
193.000000 206.000000
204.000000 198.000000
199.000000 186.000000
195.000000 174.000000
193.000000 161.000000
191.000000 146.000000
211.000000 230.000000
200.000000 227.000000
189.000000 223.000000
180.000000 227.000000
169.000000 223.000000
158.000000 227.000000
147.000000 232.000000
154.000000 241.000000
162.000000 248.000000
174.000000 252.000000
186.000000 252.000000
196.000000 247.000000
204.000000 240.000000
