179.000000 56.000000
142.000000 63.000000
116.000000 83.000000
101.000000 112.000000
93.000000 140.000000
96.000000 172.000000
98.000000 203.000000
104.000000 231.000000
116.000000 258.000000
134.000000 279.000000
158.000000 295.000000
187.000000 301.000000
217.000000 293.000000
243.000000 274.000000
263.000000 249.000000
273.000000 221.000000
277.000000 192.000000
275.000000 160.000000
269.000000 132.000000
259.000000 106.000000
241.000000 81.000000
219.000000 60.000000
155.000000 130.000000
144.000000 127.000000
133.000000 126.000000
121.000000 127.000000
110.000000 132.000000
112.000000 139.000000
123.000000 136.000000
134.000000 136.000000
144.000000 137.000000
153.000000 139.000000
251.000000 124.000000
240.000000 119.000000
228.000000 117.000000
216.000000 118.000000
203.000000 123.000000
206.000000 132.000000
218.000000 128.000000
229.000000 126.000000
240.000000 126.000000
249.000000 130.000000
154.000000 164.000000
148.000000 155.000000
137.000000 152.000000
128.000000 154.000000
119.000000 159.000000
127.000000 164.000000
136.000000 167.000000
146.000000 166.000000
240.000000 151.000000
231.000000 146.000000
221.000000 146.000000
212.000000 150.000000
204.000000 158.000000
214.000000 161.000000
224.000000 161.000000
234.000000 157.000000
138.000000 158.000000
222.000000 153.000000
166.000000 156.000000
165.000000 173.000000
163.000000 188.000000
160.000000 201.000000
154.000000 216.000000
167.000000 223.000000
181.000000 226.000000
196.000000 221.000000
208.000000 211.000000
202.000000 198.000000
196.000000 186.000000
192.000000 172.000000
191.000000 155.000000
219.000000 244.000000
205.000000 242.000000
192.000000 239.000000
183.000000 243.000000
173.000000 240.000000
162.000000 244.000000
149.000000 247.000000
157.000000 256.000000
167.000000 262.000000
178.000000 266.000000
191.000000 265.000000
203.000000 261.000000
211.000000 253.000000
