185.000000 70.000000
155.000000 74.000000
127.000000 87.000000
105.000000 108.000000
91.000000 135.000000
85.000000 165.000000
89.000000 198.000000
94.000000 231.000000
104.000000 263.000000
123.000000 290.000000
147.000000 312.000000
182.000000 323.000000
217.000000 314.000000
244.000000 293.000000
264.000000 265.000000
273.000000 236.000000
278.000000 203.000000
280.000000 170.000000
276.000000 140.000000
263.000000 112.000000
242.000000 90.000000
215.000000 76.000000
162.000000 132.000000
149.000000 127.000000
136.000000 124.000000
123.000000 125.000000
112.000000 131.000000
114.000000 139.000000
125.000000 135.000000
136.000000 135.000000
148.000000 138.000000
160.000000 141.000000
261.000000 133.000000
250.000000 126.000000
238.000000 124.000000
224.000000 127.000000
211.000000 132.000000
213.000000 141.000000
227.000000 137.000000
239.000000 134.000000
250.000000 134.000000
258.000000 139.000000
160.000000 167.000000
152.000000 157.000000
141.000000 152.000000
131.000000 154.000000
122.000000 160.000000
129.000000 166.000000
140.000000 168.000000
150.000000 168.000000
247.000000 163.000000
238.000000 157.000000
228.000000 155.000000
217.000000 159.000000
210.000000 167.000000
220.000000 169.000000
230.000000 170.000000
240.000000 168.000000
140.000000 159.000000
228.000000 162.000000
172.000000 162.000000
170.000000 178.000000
166.000000 193.000000
161.000000 205.000000
156.000000 219.000000
168.000000 226.000000
184.000000 231.000000
200.000000 227.000000
213.000000 218.000000
208.000000 207.000000
203.000000 194.000000
199.000000 178.000000
197.000000 162.000000
222.000000 255.000000
207.000000 251.000000
194.000000 248.000000
184.000000 251.000000
175.000000 247.000000
161.000000 251.000000
146.000000 255.000000
156.000000 266.000000
166.000000 273.000000
178.000000 278.000000
190.000000 278.000000
202.000000 274.000000
213.000000 266.000000
