180.000000 74.000000
147.000000 78.000000
118.000000 93.000000
94.000000 116.000000
79.000000 145.000000
73.000000 178.000000
75.000000 212.000000
82.000000 244.000000
93.000000 275.000000
113.000000 303.000000
138.000000 326.000000
174.000000 340.000000
209.000000 326.000000
234.000000 302.000000
255.000000 276.000000
270.000000 246.000000
280.000000 212.000000
284.000000 180.000000
279.000000 148.000000
265.000000 118.000000
242.000000 94.000000
212.000000 79.000000
150.000000 142.000000
135.000000 137.000000
121.000000 134.000000
106.000000 135.000000
93.000000 143.000000
97.000000 149.000000
108.000000 145.000000
121.000000 146.000000
135.000000 149.000000
148.000000 151.000000
262.000000 143.000000
250.000000 136.000000
236.000000 136.000000
221.000000 138.000000
207.000000 142.000000
209.000000 150.000000
223.000000 147.000000
237.000000 145.000000
249.000000 145.000000
259.000000 149.000000
150.000000 181.000000
142.000000 171.000000
130.000000 166.000000
118.000000 168.000000
109.000000 174.000000
117.000000 182.000000
129.000000 184.000000
140.000000 184.000000
247.000000 176.000000
238.000000 169.000000
226.000000 167.000000
214.000000 171.000000
205.000000 181.000000
216.000000 184.000000
228.000000 185.000000
240.000000 182.000000
130.000000 174.000000
225.000000 176.000000
164.000000 176.000000
161.000000 195.000000
158.000000 211.000000
152.000000 226.000000
147.000000 241.000000
160.000000 248.000000
177.000000 254.000000
194.000000 249.000000
206.000000 241.000000
202.000000 226.000000
196.000000 213.000000
193.000000 194.000000
191.000000 177.000000
207.000000 279.000000
196.000000 276.000000
186.000000 273.000000
177.000000 276.000000
166.000000 273.000000
155.000000 276.000000
142.000000 280.000000
149.000000 289.000000
159.000000 296.000000
170.000000 301.000000
181.000000 301.000000
192.000000 296.000000
201.000000 289.000000
