177.000000 77.000000
137.000000 86.000000
108.000000 106.000000
86.000000 137.000000
79.000000 167.000000
73.000000 197.000000
75.000000 230.000000
86.000000 258.000000
102.000000 279.000000
121.000000 300.000000
139.000000 318.000000
164.000000 329.000000
197.000000 316.000000
221.000000 295.000000
241.000000 276.000000
250.000000 260.000000
263.000000 235.000000
269.000000 204.000000
266.000000 174.000000
263.000000 140.000000
242.000000 109.000000
216.000000 86.000000
151.000000 167.000000
140.000000 163.000000
127.000000 160.000000
115.000000 158.000000
102.000000 162.000000
102.000000 169.000000
114.000000 167.000000
126.000000 168.000000
138.000000 172.000000
149.000000 175.000000
251.000000 169.000000
241.000000 164.000000
229.000000 165.000000
217.000000 168.000000
206.000000 173.000000
207.000000 179.000000
218.000000 177.000000
229.000000 174.000000
239.000000 172.000000
248.000000 174.000000
151.000000 202.000000
144.000000 190.000000
132.000000 185.000000
120.000000 186.000000
112.000000 193.000000
120.000000 200.000000
130.000000 203.000000
140.000000 204.000000
239.000000 198.000000
231.000000 191.000000
220.000000 189.000000
210.000000 193.000000
203.000000 203.000000
213.000000 207.000000
223.000000 208.000000
233.000000 205.000000
130.000000 194.000000
219.000000 198.000000
165.000000 198.000000
163.000000 213.000000
159.000000 227.000000
153.000000 242.000000
149.000000 257.000000
161.000000 266.000000
176.000000 271.000000
192.000000 267.000000
204.000000 258.000000
200.000000 243.000000
196.000000 229.000000
192.000000 214.000000
190.000000 198.000000
207.000000 290.000000
193.000000 290.000000
183.000000 288.000000
175.000000 290.000000
166.000000 288.000000
154.000000 289.000000
141.000000 288.000000
151.000000 298.000000
159.000000 303.000000
170.000000 307.000000
181.000000 307.000000
190.000000 303.000000
198.000000 298.000000
