194.000000 86.000000
166.000000 90.000000
142.000000 103.000000
122.000000 123.000000
110.000000 147.000000
106.000000 174.000000
104.000000 203.000000
108.000000 231.000000
116.000000 259.000000
135.000000 281.000000
162.000000 298.000000
195.000000 305.000000
227.000000 296.000000
249.000000 278.000000
264.000000 257.000000
273.000000 231.000000
279.000000 203.000000
282.000000 174.000000
278.000000 147.000000
265.000000 122.000000
245.000000 103.000000
221.000000 90.000000
172.000000 140.000000
160.000000 136.000000
148.000000 133.000000
135.000000 133.000000
125.000000 137.000000
126.000000 142.000000
136.000000 142.000000
148.000000 143.000000
159.000000 145.000000
170.000000 148.000000
265.000000 137.000000
253.000000 132.000000
241.000000 132.000000
229.000000 134.000000
218.000000 138.000000
221.000000 146.000000
232.000000 144.000000
242.000000 141.000000
253.000000 141.000000
263.000000 142.000000
171.000000 172.000000
164.000000 163.000000
154.000000 158.000000
143.000000 160.000000
135.000000 165.000000
143.000000 171.000000
152.000000 173.000000
162.000000 173.000000
251.000000 164.000000
243.000000 158.000000
233.000000 158.000000
225.000000 162.000000
219.000000 169.000000
227.000000 172.000000
236.000000 173.000000
246.000000 170.000000
152.000000 166.000000
234.000000 165.000000
183.000000 168.000000
182.000000 182.000000
180.000000 196.000000
175.000000 209.000000
170.000000 221.000000
182.000000 229.000000
197.000000 232.000000
211.000000 229.000000
221.000000 221.000000
217.000000 208.000000
212.000000 196.000000
209.000000 182.000000
207.000000 168.000000
223.000000 255.000000
213.000000 250.000000
204.000000 246.000000
196.000000 249.000000
186.000000 247.000000
176.000000 250.000000
165.000000 256.000000
174.000000 262.000000
182.000000 266.000000
191.000000 268.000000
201.000000 268.000000
210.000000 265.000000
216.000000 260.000000
