180.000000 68.000000
150.000000 72.000000
122.000000 86.000000
100.000000 108.000000
86.000000 135.000000
81.000000 166.000000
81.000000 198.000000
86.000000 232.000000
97.000000 262.000000
118.000000 286.000000
144.000000 306.000000
177.000000 315.000000
212.000000 305.000000
238.000000 287.000000
259.000000 264.000000
270.000000 233.000000
275.000000 200.000000
278.000000 167.000000
274.000000 136.000000
260.000000 109.000000
238.000000 87.000000
211.000000 73.000000
156.000000 136.000000
142.000000 130.000000
128.000000 125.000000
115.000000 124.000000
103.000000 129.000000
105.000000 136.000000
115.000000 133.000000
128.000000 135.000000
141.000000 138.000000
154.000000 143.000000
252.000000 132.000000
238.000000 127.000000
224.000000 126.000000
211.000000 129.000000
198.000000 135.000000
201.000000 143.000000
213.000000 139.000000
226.000000 136.000000
238.000000 135.000000
249.000000 138.000000
151.000000 165.000000
144.000000 156.000000
133.000000 152.000000
123.000000 154.000000
116.000000 160.000000
122.000000 165.000000
132.000000 167.000000
142.000000 167.000000
238.000000 161.000000
229.000000 154.000000
218.000000 154.000000
209.000000 157.000000
202.000000 164.000000
210.000000 167.000000
221.000000 168.000000
231.000000 166.000000
134.000000 159.000000
220.000000 161.000000
164.000000 164.000000
160.000000 177.000000
156.000000 191.000000
150.000000 205.000000
146.000000 221.000000
160.000000 228.000000
177.000000 232.000000
192.000000 228.000000
206.000000 219.000000
203.000000 205.000000
198.000000 191.000000
193.000000 177.000000
190.000000 164.000000
211.000000 255.000000
198.000000 248.000000
186.000000 244.000000
176.000000 246.000000
166.000000 244.000000
154.000000 249.000000
141.000000 254.000000
149.000000 262.000000
158.000000 267.000000
171.000000 270.000000
183.000000 270.000000
194.000000 266.000000
204.000000 261.000000
