167.000000 54.000000
120.000000 67.000000
99.000000 88.000000
85.000000 117.000000
79.000000 144.000000
75.000000 173.000000
76.000000 208.000000
80.000000 240.000000
91.000000 272.000000
112.000000 295.000000
137.000000 313.000000
172.000000 322.000000
207.000000 313.000000
236.000000 293.000000
257.000000 266.000000
263.000000 235.000000
267.000000 203.000000
266.000000 171.000000
261.000000 141.000000
250.000000 111.000000
239.000000 84.000000
210.000000 64.000000
147.000000 139.000000
135.000000 135.000000
123.000000 132.000000
111.000000 133.000000
98.000000 139.000000
100.000000 148.000000
112.000000 144.000000
124.000000 143.000000
134.000000 145.000000
144.000000 148.000000
244.000000 141.000000
233.000000 135.000000
221.000000 133.000000
208.000000 134.000000
196.000000 139.000000
198.000000 148.000000
210.000000 144.000000
222.000000 142.000000
232.000000 144.000000
242.000000 147.000000
144.000000 171.000000
138.000000 162.000000
128.000000 159.000000
118.000000 159.000000
110.000000 165.000000
116.000000 170.000000
126.000000 173.000000
136.000000 173.000000
233.000000 167.000000
224.000000 161.000000
214.000000 159.000000
205.000000 162.000000
197.000000 170.000000
206.000000 173.000000
216.000000 174.000000
226.000000 172.000000
127.000000 165.000000
214.000000 166.000000
158.000000 168.000000
156.000000 183.000000
151.000000 197.000000
146.000000 210.000000
142.000000 225.000000
156.000000 232.000000
171.000000 235.000000
185.000000 232.000000
198.000000 224.000000
195.000000 211.000000
190.000000 198.000000
186.000000 184.000000
184.000000 168.000000
205.000000 259.000000
192.000000 254.000000
181.000000 250.000000
171.000000 253.000000
159.000000 250.000000
148.000000 254.000000
134.000000 257.000000
142.000000 266.000000
152.000000 273.000000
164.000000 276.000000
178.000000 276.000000
189.000000 272.000000
198.000000 266.000000
