169.000000 47.000000
139.000000 59.000000
116.000000 78.000000
103.000000 103.000000
91.000000 130.000000
87.000000 159.000000
86.000000 190.000000
91.000000 220.000000
102.000000 248.000000
124.000000 270.000000
150.000000 288.000000
184.000000 295.000000
214.000000 285.000000
238.000000 265.000000
258.000000 240.000000
268.000000 214.000000
273.000000 183.000000
273.000000 153.000000
268.000000 124.000000
259.000000 96.000000
242.000000 62.000000
203.000000 46.000000
151.000000 120.000000
140.000000 118.000000
129.000000 116.000000
118.000000 116.000000
108.000000 119.000000
109.000000 125.000000
119.000000 124.000000
129.000000 124.000000
140.000000 127.000000
150.000000 128.000000
253.000000 114.000000
242.000000 111.000000
231.000000 113.000000
220.000000 115.000000
208.000000 119.000000
210.000000 126.000000
221.000000 123.000000
232.000000 120.000000
242.000000 118.000000
252.000000 119.000000
154.000000 153.000000
147.000000 144.000000
136.000000 140.000000
125.000000 143.000000
117.000000 149.000000
126.000000 154.000000
135.000000 156.000000
145.000000 155.000000
245.000000 145.000000
236.000000 138.000000
225.000000 136.000000
215.000000 141.000000
208.000000 149.000000
218.000000 152.000000
227.000000 153.000000
238.000000 150.000000
136.000000 147.000000
224.000000 144.000000
167.000000 148.000000
166.000000 163.000000
163.000000 177.000000
159.000000 191.000000
155.000000 206.000000
167.000000 213.000000
182.000000 216.000000
197.000000 213.000000
208.000000 204.000000
204.000000 191.000000
199.000000 177.000000
196.000000 164.000000
194.000000 148.000000
215.000000 240.000000
201.000000 238.000000
191.000000 234.000000
183.000000 237.000000
173.000000 234.000000
163.000000 239.000000
149.000000 242.000000
158.000000 251.000000
168.000000 256.000000
178.000000 258.000000
189.000000 258.000000
199.000000 254.000000
207.000000 248.000000
