180.000000 64.000000
139.000000 58.000000
121.000000 75.000000
104.000000 105.000000
99.000000 134.000000
95.000000 159.000000
95.000000 188.000000
99.000000 216.000000
107.000000 244.000000
124.000000 268.000000
146.000000 287.000000
179.000000 298.000000
210.000000 285.000000
229.000000 265.000000
249.000000 240.000000
255.000000 214.000000
258.000000 190.000000
261.000000 164.000000
257.000000 138.000000
246.000000 114.000000
228.000000 96.000000
205.000000 83.000000
160.000000 133.000000
147.000000 129.000000
136.000000 126.000000
124.000000 128.000000
112.000000 132.000000
115.000000 138.000000
126.000000 135.000000
137.000000 135.000000
148.000000 137.000000
158.000000 140.000000
242.000000 132.000000
232.000000 128.000000
221.000000 128.000000
210.000000 130.000000
199.000000 134.000000
201.000000 140.000000
211.000000 137.000000
222.000000 135.000000
232.000000 135.000000
239.000000 137.000000
157.000000 160.000000
151.000000 153.000000
141.000000 149.000000
131.000000 151.000000
124.000000 156.000000
131.000000 161.000000
139.000000 163.000000
147.000000 162.000000
233.000000 156.000000
226.000000 150.000000
216.000000 148.000000
207.000000 151.000000
201.000000 159.000000
209.000000 162.000000
218.000000 163.000000
227.000000 161.000000
141.000000 155.000000
216.000000 156.000000
168.000000 156.000000
165.000000 170.000000
163.000000 183.000000
159.000000 196.000000
155.000000 208.000000
166.000000 215.000000
179.000000 218.000000
192.000000 216.000000
202.000000 208.000000
198.000000 196.000000
194.000000 184.000000
192.000000 171.000000
190.000000 157.000000
207.000000 238.000000
198.000000 235.000000
189.000000 233.000000
180.000000 235.000000
170.000000 233.000000
161.000000 236.000000
150.000000 239.000000
157.000000 247.000000
165.000000 252.000000
175.000000 255.000000
185.000000 255.000000
193.000000 252.000000
200.000000 246.000000
