178.000000 62.000000
146.000000 65.000000
114.000000 82.000000
101.000000 105.000000
87.000000 131.000000
82.000000 160.000000
83.000000 191.000000
86.000000 222.000000
96.000000 251.000000
115.000000 274.000000
141.000000 293.000000
176.000000 303.000000
208.000000 294.000000
231.000000 275.000000
250.000000 252.000000
259.000000 225.000000
264.000000 196.000000
269.000000 164.000000
265.000000 135.000000
253.000000 109.000000
232.000000 88.000000
210.000000 67.000000
157.000000 130.000000
143.000000 125.000000
129.000000 122.000000
115.000000 123.000000
103.000000 129.000000
105.000000 133.000000
116.000000 129.000000
129.000000 129.000000
142.000000 133.000000
154.000000 136.000000
250.000000 130.000000
238.000000 124.000000
225.000000 123.000000
212.000000 126.000000
201.000000 131.000000
204.000000 136.000000
214.000000 132.000000
225.000000 129.000000
237.000000 129.000000
246.000000 134.000000
153.000000 162.000000
147.000000 153.000000
136.000000 148.000000
126.000000 151.000000
118.000000 156.000000
125.000000 161.000000
135.000000 164.000000
146.000000 164.000000
237.000000 158.000000
228.000000 152.000000
218.000000 150.000000
208.000000 154.000000
202.000000 161.000000
210.000000 164.000000
220.000000 165.000000
230.000000 163.000000
136.000000 156.000000
218.000000 158.000000
166.000000 160.000000
164.000000 174.000000
161.000000 187.000000
155.000000 200.000000
151.000000 212.000000
163.000000 220.000000
178.000000 224.000000
192.000000 220.000000
203.000000 212.000000
199.000000 199.000000
194.000000 186.000000
191.000000 174.000000
189.000000 160.000000
207.000000 244.000000
196.000000 242.000000
186.000000 239.000000
177.000000 242.000000
168.000000 239.000000
157.000000 242.000000
145.000000 244.000000
153.000000 253.000000
162.000000 258.000000
172.000000 261.000000
182.000000 261.000000
192.000000 258.000000
200.000000 252.000000
