174.000000 67.000000
145.000000 84.000000
119.000000 96.000000
99.000000 117.000000
86.000000 142.000000
81.000000 171.000000
81.000000 201.000000
85.000000 231.000000
95.000000 259.000000
113.000000 283.000000
138.000000 300.000000
172.000000 307.000000
202.000000 299.000000
226.000000 282.000000
244.000000 260.000000
254.000000 232.000000
261.000000 203.000000
265.000000 172.000000
261.000000 144.000000
248.000000 118.000000
231.000000 82.000000
205.000000 71.000000
153.000000 139.000000
139.000000 133.000000
125.000000 130.000000
110.000000 130.000000
98.000000 137.000000
101.000000 143.000000
113.000000 139.000000
126.000000 140.000000
138.000000 143.000000
150.000000 147.000000
243.000000 136.000000
229.000000 132.000000
216.000000 132.000000
203.000000 135.000000
192.000000 140.000000
195.000000 147.000000
206.000000 144.000000
217.000000 141.000000
229.000000 141.000000
240.000000 142.000000
149.000000 169.000000
142.000000 162.000000
132.000000 159.000000
122.000000 161.000000
112.000000 166.000000
122.000000 171.000000
131.000000 173.000000
141.000000 172.000000
235.000000 166.000000
222.000000 161.000000
212.000000 160.000000
203.000000 163.000000
197.000000 169.000000
204.000000 172.000000
214.000000 174.000000
224.000000 171.000000
132.000000 166.000000
212.000000 167.000000
161.000000 168.000000
158.000000 183.000000
156.000000 196.000000
151.000000 207.000000
147.000000 220.000000
159.000000 227.000000
173.000000 232.000000
187.000000 228.000000
197.000000 220.000000
193.000000 207.000000
189.000000 196.000000
186.000000 183.000000
185.000000 168.000000
203.000000 250.000000
192.000000 247.000000
182.000000 244.000000
173.000000 247.000000
162.000000 243.000000
151.000000 246.000000
138.000000 250.000000
147.000000 258.000000
156.000000 263.000000
167.000000 267.000000
178.000000 268.000000
188.000000 263.000000
196.000000 258.000000
