182.000000 87.000000
150.000000 82.000000
119.000000 91.000000
105.000000 117.000000
104.000000 142.000000
99.000000 167.000000
98.000000 194.000000
103.000000 221.000000
110.000000 248.000000
126.000000 271.000000
149.000000 288.000000
178.000000 298.000000
211.000000 288.000000
233.000000 272.000000
250.000000 251.000000
258.000000 224.000000
262.000000 198.000000
262.000000 171.000000
258.000000 145.000000
247.000000 122.000000
230.000000 104.000000
207.000000 92.000000
162.000000 142.000000
150.000000 137.000000
137.000000 135.000000
126.000000 137.000000
116.000000 144.000000
118.000000 149.000000
127.000000 146.000000
138.000000 144.000000
149.000000 146.000000
159.000000 149.000000
245.000000 146.000000
235.000000 140.000000
223.000000 137.000000
211.000000 139.000000
200.000000 144.000000
203.000000 151.000000
213.000000 148.000000
224.000000 146.000000
234.000000 148.000000
242.000000 152.000000
161.000000 174.000000
154.000000 167.000000
144.000000 162.000000
135.000000 164.000000
127.000000 168.000000
133.000000 173.000000
142.000000 175.000000
152.000000 175.000000
235.000000 170.000000
224.000000 164.000000
216.000000 164.000000
208.000000 167.000000
201.000000 173.000000
209.000000 175.000000
219.000000 176.000000
229.000000 173.000000
143.000000 168.000000
217.000000 170.000000
170.000000 170.000000
168.000000 182.000000
164.000000 195.000000
158.000000 205.000000
154.000000 216.000000
165.000000 224.000000
179.000000 228.000000
195.000000 223.000000
206.000000 216.000000
201.000000 205.000000
196.000000 195.000000
193.000000 183.000000
191.000000 170.000000
213.000000 243.000000
201.000000 239.000000
188.000000 236.000000
179.000000 239.000000
170.000000 236.000000
159.000000 239.000000
146.000000 243.000000
153.000000 253.000000
161.000000 261.000000
173.000000 265.000000
185.000000 266.000000
196.000000 261.000000
206.000000 253.000000
