180.000000 76.000000
140.000000 75.000000
115.000000 96.000000
113.000000 119.000000
102.000000 142.000000
98.000000 167.000000
100.000000 192.000000
104.000000 218.000000
113.000000 241.000000
130.000000 261.000000
152.000000 277.000000
179.000000 285.000000
207.000000 278.000000
229.000000 261.000000
246.000000 241.000000
254.000000 218.000000
256.000000 192.000000
260.000000 166.000000
256.000000 141.000000
244.000000 119.000000
226.000000 101.000000
204.000000 90.000000
160.000000 137.000000
150.000000 133.000000
139.000000 131.000000
129.000000 130.000000
119.000000 133.000000
120.000000 138.000000
129.000000 137.000000
139.000000 138.000000
149.000000 141.000000
158.000000 143.000000
240.000000 133.000000
230.000000 129.000000
219.000000 129.000000
209.000000 132.000000
199.000000 136.000000
201.000000 143.000000
210.000000 140.000000
220.000000 137.000000
229.000000 135.000000
238.000000 137.000000
158.000000 163.000000
153.000000 155.000000
144.000000 151.000000
135.000000 153.000000
128.000000 158.000000
136.000000 163.000000
143.000000 165.000000
150.000000 165.000000
236.000000 163.000000
223.000000 153.000000
214.000000 151.000000
206.000000 155.000000
201.000000 163.000000
208.000000 164.000000
216.000000 165.000000
225.000000 163.000000
144.000000 158.000000
214.000000 158.000000
169.000000 161.000000
168.000000 173.000000
166.000000 185.000000
162.000000 197.000000
158.000000 209.000000
168.000000 215.000000
180.000000 219.000000
193.000000 216.000000
203.000000 208.000000
199.000000 197.000000
195.000000 185.000000
193.000000 173.000000
191.000000 160.000000
209.000000 237.000000
197.000000 234.000000
187.000000 232.000000
180.000000 233.000000
173.000000 231.000000
162.000000 234.000000
150.000000 236.000000
159.000000 243.000000
167.000000 247.000000
176.000000 249.000000
185.000000 249.000000
193.000000 247.000000
201.000000 243.000000
