177.000000 66.000000
147.000000 88.000000
121.000000 102.000000
100.000000 124.000000
88.000000 152.000000
84.000000 181.000000
88.000000 212.000000
95.000000 242.000000
110.000000 268.000000
129.000000 290.000000
154.000000 310.000000
183.000000 317.000000
214.000000 305.000000
239.000000 283.000000
256.000000 260.000000
267.000000 233.000000
274.000000 204.000000
276.000000 174.000000
270.000000 144.000000
260.000000 111.000000
236.000000 81.000000
212.000000 71.000000
152.000000 147.000000
139.000000 143.000000
127.000000 140.000000
115.000000 140.000000
104.000000 145.000000
105.000000 152.000000
116.000000 149.000000
127.000000 150.000000
138.000000 152.000000
150.000000 156.000000
252.000000 140.000000
239.000000 136.000000
226.000000 136.000000
213.000000 140.000000
199.000000 146.000000
202.000000 153.000000
216.000000 149.000000
228.000000 146.000000
239.000000 144.000000
250.000000 146.000000
149.000000 177.000000
142.000000 168.000000
132.000000 163.000000
121.000000 166.000000
114.000000 172.000000
121.000000 177.000000
131.000000 179.000000
141.000000 178.000000
249.000000 171.000000
237.000000 163.000000
226.000000 160.000000
211.000000 166.000000
205.000000 173.000000
213.000000 176.000000
223.000000 177.000000
237.000000 177.000000
133.000000 171.000000
221.000000 170.000000
162.000000 170.000000
159.000000 186.000000
156.000000 199.000000
151.000000 212.000000
147.000000 227.000000
160.000000 235.000000
178.000000 240.000000
196.000000 234.000000
207.000000 223.000000
202.000000 211.000000
196.000000 197.000000
192.000000 185.000000
189.000000 170.000000
216.000000 253.000000
200.000000 251.000000
188.000000 249.000000
179.000000 253.000000
169.000000 250.000000
156.000000 253.000000
142.000000 254.000000
151.000000 263.000000
161.000000 270.000000
174.000000 273.000000
187.000000 273.000000
198.000000 268.000000
208.000000 261.000000
