186.000000 66.000000
160.000000 85.000000
135.000000 97.000000
115.000000 117.000000
102.000000 141.000000
97.000000 169.000000
99.000000 199.000000
105.000000 227.000000
115.000000 253.000000
131.000000 276.000000
152.000000 295.000000
181.000000 304.000000
211.000000 294.000000
233.000000 275.000000
252.000000 253.000000
265.000000 228.000000
272.000000 201.000000
275.000000 172.000000
271.000000 144.000000
266.000000 115.000000
262.000000 90.000000
229.000000 71.000000
161.000000 138.000000
150.000000 134.000000
139.000000 131.000000
128.000000 132.000000
118.000000 136.000000
119.000000 141.000000
130.000000 139.000000
139.000000 139.000000
149.000000 142.000000
158.000000 145.000000
248.000000 138.000000
238.000000 133.000000
228.000000 133.000000
217.000000 135.000000
206.000000 139.000000
208.000000 145.000000
219.000000 143.000000
228.000000 140.000000
238.000000 140.000000
246.000000 142.000000
160.000000 170.000000
153.000000 161.000000
144.000000 157.000000
135.000000 158.000000
128.000000 163.000000
133.000000 169.000000
143.000000 172.000000
153.000000 172.000000
237.000000 165.000000
229.000000 160.000000
220.000000 158.000000
211.000000 163.000000
205.000000 169.000000
213.000000 172.000000
222.000000 173.000000
231.000000 171.000000
144.000000 164.000000
220.000000 166.000000
171.000000 165.000000
169.000000 180.000000
166.000000 193.000000
162.000000 205.000000
155.000000 218.000000
164.000000 227.000000
180.000000 232.000000
197.000000 227.000000
206.000000 218.000000
200.000000 206.000000
196.000000 194.000000
194.000000 180.000000
193.000000 165.000000
212.000000 246.000000
200.000000 245.000000
189.000000 243.000000
181.000000 246.000000
171.000000 243.000000
160.000000 245.000000
150.000000 248.000000
156.000000 257.000000
164.000000 265.000000
175.000000 270.000000
186.000000 270.000000
197.000000 265.000000
205.000000 256.000000
