169.000000 55.000000
131.000000 61.000000
97.000000 81.000000
79.000000 112.000000
73.000000 148.000000
79.000000 179.000000
82.000000 211.000000
88.000000 241.000000
99.000000 269.000000
117.000000 291.000000
140.000000 308.000000
171.000000 317.000000
205.000000 307.000000
228.000000 290.000000
250.000000 267.000000
260.000000 239.000000
266.000000 209.000000
268.000000 178.000000
263.000000 148.000000
260.000000 114.000000
243.000000 94.000000
220.000000 67.000000
148.000000 147.000000
135.000000 142.000000
123.000000 139.000000
111.000000 139.000000
101.000000 144.000000
103.000000 150.000000
113.000000 147.000000
123.000000 148.000000
134.000000 150.000000
146.000000 154.000000
236.000000 146.000000
225.000000 141.000000
213.000000 140.000000
202.000000 143.000000
190.000000 147.000000
193.000000 154.000000
204.000000 151.000000
215.000000 148.000000
225.000000 148.000000
234.000000 151.000000
147.000000 176.000000
139.000000 168.000000
129.000000 165.000000
120.000000 166.000000
113.000000 171.000000
119.000000 176.000000
128.000000 178.000000
138.000000 178.000000
226.000000 170.000000
218.000000 165.000000
208.000000 164.000000
200.000000 168.000000
193.000000 175.000000
201.000000 178.000000
211.000000 179.000000
220.000000 176.000000
129.000000 171.000000
210.000000 171.000000
158.000000 172.000000
156.000000 186.000000
152.000000 200.000000
148.000000 213.000000
143.000000 226.000000
153.000000 234.000000
168.000000 238.000000
183.000000 234.000000
194.000000 226.000000
190.000000 213.000000
186.000000 200.000000
182.000000 186.000000
181.000000 172.000000
203.000000 257.000000
190.000000 254.000000
179.000000 252.000000
170.000000 254.000000
160.000000 252.000000
149.000000 255.000000
138.000000 259.000000
146.000000 268.000000
154.000000 274.000000
164.000000 277.000000
176.000000 277.000000
186.000000 273.000000
194.000000 266.000000
