172.000000 82.000000
146.000000 87.000000
122.000000 96.000000
99.000000 119.000000
91.000000 143.000000
87.000000 169.000000
89.000000 196.000000
93.000000 221.000000
103.000000 246.000000
120.000000 267.000000
137.000000 285.000000
174.000000 298.000000
208.000000 287.000000
230.000000 265.000000
247.000000 243.000000
255.000000 219.000000
258.000000 193.000000
259.000000 167.000000
255.000000 141.000000
243.000000 117.000000
228.000000 97.000000
202.000000 84.000000
153.000000 137.000000
142.000000 134.000000
131.000000 133.000000
120.000000 135.000000
110.000000 139.000000
111.000000 144.000000
121.000000 141.000000
131.000000 140.000000
141.000000 141.000000
151.000000 144.000000
235.000000 138.000000
225.000000 134.000000
214.000000 132.000000
203.000000 133.000000
192.000000 136.000000
193.000000 143.000000
204.000000 141.000000
215.000000 140.000000
225.000000 140.000000
234.000000 142.000000
149.000000 165.000000
143.000000 158.000000
134.000000 155.000000
125.000000 156.000000
118.000000 162.000000
124.000000 166.000000
133.000000 168.000000
141.000000 167.000000
226.000000 160.000000
219.000000 155.000000
211.000000 154.000000
203.000000 157.000000
196.000000 163.000000
204.000000 165.000000
212.000000 166.000000
220.000000 164.000000
134.000000 161.000000
211.000000 160.000000
160.000000 162.000000
158.000000 175.000000
155.000000 187.000000
151.000000 197.000000
147.000000 210.000000
159.000000 216.000000
173.000000 219.000000
187.000000 215.000000
198.000000 208.000000
194.000000 198.000000
190.000000 187.000000
187.000000 174.000000
185.000000 162.000000
206.000000 237.000000
193.000000 233.000000
182.000000 230.000000
173.000000 232.000000
165.000000 230.000000
153.000000 234.000000
141.000000 237.000000
150.000000 246.000000
158.000000 251.000000
169.000000 254.000000
179.000000 253.000000
189.000000 250.000000
197.000000 244.000000
