166.000000 52.000000
135.000000 60.000000
110.000000 81.000000
99.000000 105.000000
88.000000 132.000000
86.000000 160.000000
91.000000 191.000000
97.000000 220.000000
109.000000 249.000000
128.000000 271.000000
152.000000 287.000000
185.000000 292.000000
216.000000 282.000000
240.000000 262.000000
252.000000 236.000000
260.000000 206.000000
263.000000 175.000000
261.000000 145.000000
261.000000 120.000000
247.000000 95.000000
224.000000 66.000000
198.000000 54.000000
153.000000 125.000000
140.000000 120.000000
128.000000 117.000000
115.000000 118.000000
104.000000 124.000000
105.000000 129.000000
116.000000 125.000000
128.000000 126.000000
139.000000 129.000000
150.000000 132.000000
243.000000 117.000000
231.000000 112.000000
219.000000 112.000000
207.000000 117.000000
196.000000 123.000000
199.000000 129.000000
210.000000 124.000000
221.000000 120.000000
231.000000 118.000000
240.000000 120.000000
151.000000 156.000000
145.000000 148.000000
135.000000 145.000000
125.000000 146.000000
118.000000 153.000000
124.000000 158.000000
134.000000 160.000000
144.000000 159.000000
231.000000 145.000000
223.000000 141.000000
214.000000 140.000000
205.000000 144.000000
200.000000 152.000000
207.000000 155.000000
217.000000 155.000000
227.000000 152.000000
135.000000 152.000000
215.000000 148.000000
163.000000 152.000000
162.000000 167.000000
160.000000 180.000000
156.000000 193.000000
153.000000 206.000000
165.000000 210.000000
179.000000 214.000000
193.000000 209.000000
203.000000 202.000000
198.000000 191.000000
193.000000 178.000000
190.000000 165.000000
187.000000 150.000000
209.000000 231.000000
198.000000 230.000000
189.000000 228.000000
180.000000 231.000000
168.000000 229.000000
158.000000 231.000000
148.000000 233.000000
155.000000 242.000000
164.000000 247.000000
175.000000 250.000000
186.000000 250.000000
194.000000 246.000000
202.000000 239.000000
