163.000000 50.000000
130.000000 58.000000
109.000000 82.000000
93.000000 111.000000
88.000000 140.000000
85.000000 169.000000
88.000000 200.000000
100.000000 231.000000
105.000000 261.000000
123.000000 290.000000
144.000000 309.000000
177.000000 319.000000
212.000000 309.000000
242.000000 288.000000
262.000000 262.000000
271.000000 230.000000
276.000000 197.000000
275.000000 163.000000
270.000000 133.000000
246.000000 106.000000
231.000000 76.000000
199.000000 55.000000
149.000000 127.000000
135.000000 123.000000
122.000000 122.000000
110.000000 123.000000
98.000000 131.000000
101.000000 139.000000
112.000000 135.000000
123.000000 134.000000
134.000000 135.000000
146.000000 138.000000
251.000000 127.000000
239.000000 119.000000
224.000000 117.000000
209.000000 119.000000
193.000000 124.000000
195.000000 134.000000
211.000000 130.000000
225.000000 128.000000
238.000000 129.000000
248.000000 133.000000
148.000000 164.000000
140.000000 156.000000
130.000000 152.000000
121.000000 154.000000
113.000000 160.000000
120.000000 166.000000
130.000000 169.000000
140.000000 167.000000
237.000000 158.000000
228.000000 152.000000
217.000000 151.000000
208.000000 154.000000
199.000000 162.000000
209.000000 165.000000
220.000000 166.000000
230.000000 164.000000
130.000000 159.000000
219.000000 158.000000
159.000000 157.000000
157.000000 175.000000
154.000000 190.000000
149.000000 204.000000
144.000000 220.000000
156.000000 227.000000
172.000000 232.000000
188.000000 226.000000
202.000000 218.000000
196.000000 204.000000
191.000000 190.000000
186.000000 173.000000
185.000000 157.000000
209.000000 254.000000
196.000000 249.000000
184.000000 246.000000
174.000000 250.000000
162.000000 246.000000
152.000000 250.000000
141.000000 255.000000
148.000000 264.000000
157.000000 272.000000
168.000000 276.000000
182.000000 276.000000
193.000000 271.000000
202.000000 263.000000
