164.000000 53.000000
129.000000 65.000000
100.000000 87.000000
90.000000 112.000000
87.000000 134.000000
83.000000 165.000000
84.000000 196.000000
88.000000 226.000000
97.000000 251.000000
116.000000 275.000000
140.000000 295.000000
171.000000 305.000000
203.000000 296.000000
226.000000 276.000000
247.000000 253.000000
257.000000 225.000000
263.000000 196.000000
264.000000 167.000000
259.000000 137.000000
246.000000 110.000000
231.000000 74.000000
204.000000 52.000000
149.000000 139.000000
137.000000 134.000000
125.000000 131.000000
113.000000 131.000000
102.000000 135.000000
104.000000 143.000000
114.000000 141.000000
124.000000 141.000000
135.000000 143.000000
146.000000 146.000000
242.000000 134.000000
230.000000 130.000000
219.000000 132.000000
208.000000 135.000000
197.000000 140.000000
199.000000 147.000000
210.000000 144.000000
220.000000 141.000000
230.000000 140.000000
240.000000 142.000000
147.000000 169.000000
140.000000 160.000000
130.000000 157.000000
120.000000 158.000000
113.000000 163.000000
120.000000 168.000000
128.000000 171.000000
137.000000 170.000000
232.000000 162.000000
224.000000 157.000000
214.000000 156.000000
205.000000 160.000000
199.000000 167.000000
207.000000 169.000000
216.000000 169.000000
225.000000 167.000000
130.000000 163.000000
214.000000 163.000000
160.000000 166.000000
158.000000 180.000000
155.000000 194.000000
149.000000 206.000000
144.000000 219.000000
155.000000 227.000000
173.000000 232.000000
189.000000 227.000000
201.000000 219.000000
197.000000 207.000000
191.000000 194.000000
188.000000 181.000000
186.000000 165.000000
205.000000 249.000000
191.000000 247.000000
180.000000 244.000000
172.000000 247.000000
164.000000 245.000000
152.000000 247.000000
139.000000 249.000000
146.000000 259.000000
155.000000 266.000000
166.000000 269.000000
177.000000 270.000000
188.000000 266.000000
197.000000 259.000000
