169.000000 46.000000
140.000000 52.000000
112.000000 67.000000
92.000000 88.000000
83.000000 118.000000
78.000000 146.000000
78.000000 177.000000
84.000000 204.000000
93.000000 231.000000
112.000000 254.000000
136.000000 271.000000
166.000000 279.000000
205.000000 270.000000
230.000000 258.000000
248.000000 234.000000
258.000000 204.000000
264.000000 173.000000
266.000000 147.000000
263.000000 118.000000
252.000000 88.000000
234.000000 59.000000
201.000000 46.000000
149.000000 116.000000
136.000000 112.000000
124.000000 109.000000
112.000000 109.000000
102.000000 115.000000
105.000000 122.000000
114.000000 118.000000
125.000000 119.000000
136.000000 121.000000
147.000000 125.000000
239.000000 115.000000
227.000000 110.000000
216.000000 109.000000
204.000000 111.000000
192.000000 115.000000
195.000000 124.000000
207.000000 120.000000
217.000000 118.000000
227.000000 118.000000
237.000000 122.000000
145.000000 145.000000
138.000000 137.000000
129.000000 134.000000
119.000000 136.000000
112.000000 142.000000
120.000000 146.000000
128.000000 148.000000
136.000000 147.000000
227.000000 142.000000
219.000000 136.000000
210.000000 135.000000
202.000000 138.000000
195.000000 145.000000
203.000000 148.000000
212.000000 149.000000
221.000000 147.000000
129.000000 140.000000
210.000000 141.000000
158.000000 140.000000
156.000000 154.000000
153.000000 167.000000
148.000000 178.000000
143.000000 191.000000
156.000000 196.000000
168.000000 198.000000
182.000000 196.000000
194.000000 190.000000
190.000000 178.000000
185.000000 166.000000
183.000000 156.000000
182.000000 140.000000
201.000000 224.000000
187.000000 218.000000
177.000000 214.000000
169.000000 217.000000
159.000000 214.000000
147.000000 219.000000
134.000000 224.000000
143.000000 231.000000
152.000000 236.000000
162.000000 238.000000
173.000000 238.000000
184.000000 236.000000
193.000000 231.000000
