172.000000 60.000000
133.000000 64.000000
111.000000 91.000000
88.000000 115.000000
73.000000 145.000000
68.000000 178.000000
70.000000 214.000000
75.000000 248.000000
87.000000 281.000000
110.000000 307.000000
138.000000 331.000000
179.000000 343.000000
217.000000 329.000000
243.000000 307.000000
265.000000 279.000000
274.000000 245.000000
280.000000 212.000000
281.000000 176.000000
276.000000 143.000000
260.000000 114.000000
237.000000 90.000000
207.000000 75.000000
154.000000 148.000000
139.000000 142.000000
124.000000 139.000000
110.000000 139.000000
97.000000 145.000000
98.000000 153.000000
112.000000 151.000000
125.000000 152.000000
139.000000 154.000000
152.000000 158.000000
257.000000 146.000000
244.000000 141.000000
231.000000 140.000000
218.000000 143.000000
203.000000 148.000000
205.000000 158.000000
220.000000 154.000000
234.000000 151.000000
244.000000 151.000000
256.000000 154.000000
148.000000 184.000000
140.000000 174.000000
129.000000 170.000000
118.000000 170.000000
108.000000 175.000000
114.000000 182.000000
126.000000 184.000000
137.000000 184.000000
246.000000 177.000000
237.000000 171.000000
226.000000 171.000000
216.000000 174.000000
208.000000 182.000000
218.000000 185.000000
229.000000 185.000000
239.000000 183.000000
126.000000 176.000000
226.000000 177.000000
163.000000 179.000000
161.000000 197.000000
156.000000 213.000000
151.000000 228.000000
146.000000 245.000000
161.000000 254.000000
178.000000 258.000000
194.000000 254.000000
208.000000 244.000000
205.000000 229.000000
199.000000 213.000000
195.000000 199.000000
192.000000 179.000000
217.000000 281.000000
202.000000 278.000000
190.000000 274.000000
179.000000 277.000000
169.000000 274.000000
155.000000 279.000000
139.000000 283.000000
148.000000 294.000000
159.000000 302.000000
172.000000 306.000000
186.000000 306.000000
199.000000 301.000000
209.000000 293.000000
