177.000000 62.000000
146.000000 67.000000
120.000000 86.000000
102.000000 113.000000
89.000000 138.000000
84.000000 167.000000
85.000000 198.000000
91.000000 227.000000
101.000000 253.000000
119.000000 275.000000
142.000000 291.000000
172.000000 300.000000
203.000000 292.000000
226.000000 276.000000
248.000000 255.000000
259.000000 228.000000
266.000000 198.000000
268.000000 168.000000
264.000000 140.000000
251.000000 114.000000
235.000000 86.000000
209.000000 70.000000
149.000000 137.000000
137.000000 134.000000
125.000000 132.000000
113.000000 131.000000
102.000000 135.000000
103.000000 141.000000
114.000000 139.000000
125.000000 140.000000
137.000000 142.000000
148.000000 145.000000
248.000000 133.000000
235.000000 130.000000
223.000000 130.000000
209.000000 132.000000
198.000000 137.000000
201.000000 145.000000
212.000000 141.000000
224.000000 139.000000
236.000000 138.000000
247.000000 139.000000
147.000000 166.000000
141.000000 158.000000
131.000000 154.000000
121.000000 157.000000
113.000000 162.000000
120.000000 166.000000
130.000000 168.000000
139.000000 168.000000
233.000000 159.000000
224.000000 154.000000
214.000000 154.000000
206.000000 158.000000
199.000000 165.000000
207.000000 166.000000
217.000000 167.000000
227.000000 165.000000
131.000000 161.000000
215.000000 160.000000
158.000000 161.000000
156.000000 175.000000
153.000000 188.000000
148.000000 200.000000
144.000000 214.000000
156.000000 220.000000
171.000000 223.000000
189.000000 219.000000
202.000000 211.000000
197.000000 199.000000
192.000000 187.000000
189.000000 175.000000
186.000000 161.000000
212.000000 240.000000
195.000000 240.000000
181.000000 237.000000
172.000000 240.000000
163.000000 237.000000
150.000000 240.000000
134.000000 241.000000
144.000000 251.000000
154.000000 258.000000
166.000000 262.000000
178.000000 262.000000
191.000000 258.000000
201.000000 251.000000
