183.000000 54.000000
146.000000 62.000000
114.000000 80.000000
93.000000 106.000000
82.000000 138.000000
77.000000 168.000000
78.000000 202.000000
83.000000 234.000000
94.000000 262.000000
114.000000 287.000000
140.000000 306.000000
174.000000 316.000000
207.000000 308.000000
235.000000 288.000000
257.000000 264.000000
267.000000 236.000000
272.000000 205.000000
276.000000 172.000000
272.000000 141.000000
258.000000 113.000000
240.000000 88.000000
214.000000 68.000000
147.000000 138.000000
136.000000 133.000000
124.000000 130.000000
111.000000 128.000000
99.000000 132.000000
99.000000 139.000000
111.000000 138.000000
124.000000 139.000000
135.000000 142.000000
145.000000 146.000000
248.000000 136.000000
236.000000 131.000000
224.000000 131.000000
211.000000 134.000000
201.000000 138.000000
204.000000 146.000000
214.000000 143.000000
225.000000 141.000000
236.000000 140.000000
247.000000 142.000000
146.000000 174.000000
140.000000 164.000000
129.000000 159.000000
118.000000 160.000000
110.000000 165.000000
117.000000 171.000000
127.000000 175.000000
136.000000 175.000000
238.000000 166.000000
229.000000 160.000000
219.000000 159.000000
209.000000 164.000000
202.000000 172.000000
212.000000 175.000000
221.000000 175.000000
231.000000 172.000000
129.000000 166.000000
219.000000 167.000000
158.000000 168.000000
157.000000 185.000000
154.000000 201.000000
150.000000 216.000000
145.000000 230.000000
158.000000 238.000000
173.000000 242.000000
190.000000 238.000000
203.000000 229.000000
199.000000 214.000000
194.000000 200.000000
190.000000 185.000000
188.000000 168.000000
210.000000 263.000000
194.000000 262.000000
183.000000 259.000000
174.000000 262.000000
164.000000 260.000000
153.000000 262.000000
140.000000 263.000000
149.000000 273.000000
158.000000 279.000000
168.000000 283.000000
180.000000 283.000000
191.000000 280.000000
200.000000 273.000000
