188.000000 80.000000
153.000000 80.000000
131.000000 95.000000
112.000000 120.000000
99.000000 147.000000
95.000000 176.000000
100.000000 208.000000
108.000000 237.000000
121.000000 264.000000
140.000000 285.000000
164.000000 301.000000
194.000000 308.000000
223.000000 297.000000
244.000000 279.000000
263.000000 256.000000
273.000000 231.000000
280.000000 202.000000
270.000000 174.000000
267.000000 145.000000
265.000000 117.000000
244.000000 97.000000
217.000000 84.000000
169.000000 154.000000
155.000000 149.000000
142.000000 146.000000
129.000000 145.000000
117.000000 149.000000
119.000000 155.000000
129.000000 152.000000
141.000000 154.000000
154.000000 157.000000
168.000000 162.000000
261.000000 146.000000
250.000000 142.000000
239.000000 144.000000
227.000000 148.000000
216.000000 153.000000
218.000000 160.000000
230.000000 156.000000
240.000000 152.000000
250.000000 150.000000
259.000000 151.000000
169.000000 180.000000
161.000000 170.000000
150.000000 166.000000
138.000000 168.000000
131.000000 174.000000
137.000000 180.000000
148.000000 183.000000
159.000000 182.000000
250.000000 171.000000
243.000000 165.000000
232.000000 164.000000
223.000000 170.000000
217.000000 178.000000
226.000000 181.000000
236.000000 181.000000
245.000000 178.000000
148.000000 174.000000
234.000000 172.000000
181.000000 175.000000
179.000000 188.000000
176.000000 202.000000
172.000000 215.000000
169.000000 227.000000
180.000000 234.000000
193.000000 237.000000
206.000000 233.000000
217.000000 226.000000
213.000000 214.000000
209.000000 201.000000
206.000000 187.000000
204.000000 174.000000
225.000000 254.000000
212.000000 251.000000
202.000000 249.000000
194.000000 253.000000
183.000000 250.000000
171.000000 253.000000
159.000000 256.000000
169.000000 265.000000
178.000000 271.000000
188.000000 274.000000
199.000000 274.000000
208.000000 269.000000
216.000000 263.000000
