177.000000 88.000000
143.000000 92.000000
122.000000 106.000000
111.000000 129.000000
106.000000 154.000000
102.000000 177.000000
106.000000 204.000000
112.000000 230.000000
121.000000 255.000000
134.000000 277.000000
151.000000 295.000000
180.000000 306.000000
210.000000 295.000000
229.000000 275.000000
243.000000 254.000000
248.000000 229.000000
253.000000 204.000000
256.000000 178.000000
253.000000 154.000000
250.000000 131.000000
231.000000 102.000000
202.000000 91.000000
161.000000 153.000000
150.000000 149.000000
139.000000 146.000000
127.000000 146.000000
117.000000 152.000000
119.000000 158.000000
129.000000 155.000000
140.000000 155.000000
149.000000 157.000000
158.000000 160.000000
242.000000 154.000000
232.000000 150.000000
220.000000 148.000000
209.000000 151.000000
199.000000 155.000000
201.000000 162.000000
211.000000 159.000000
222.000000 157.000000
232.000000 158.000000
240.000000 160.000000
160.000000 180.000000
154.000000 172.000000
146.000000 168.000000
136.000000 169.000000
129.000000 175.000000
135.000000 180.000000
143.000000 182.000000
151.000000 181.000000
232.000000 177.000000
225.000000 172.000000
216.000000 170.000000
207.000000 173.000000
201.000000 180.000000
209.000000 183.000000
218.000000 184.000000
227.000000 182.000000
144.000000 174.000000
216.000000 177.000000
170.000000 177.000000
168.000000 191.000000
166.000000 202.000000
162.000000 213.000000
158.000000 225.000000
166.000000 233.000000
179.000000 238.000000
192.000000 234.000000
202.000000 225.000000
198.000000 213.000000
195.000000 202.000000
192.000000 191.000000
191.000000 178.000000
209.000000 253.000000
198.000000 250.000000
188.000000 248.000000
180.000000 250.000000
171.000000 248.000000
161.000000 251.000000
149.000000 254.000000
156.000000 262.000000
164.000000 269.000000
174.000000 273.000000
185.000000 273.000000
195.000000 269.000000
203.000000 263.000000
