176.000000 88.000000
147.000000 94.000000
121.000000 108.000000
101.000000 129.000000
88.000000 156.000000
84.000000 185.000000
88.000000 216.000000
94.000000 245.000000
107.000000 270.000000
130.000000 290.000000
156.000000 308.000000
186.000000 319.000000
218.000000 304.000000
238.000000 284.000000
257.000000 261.000000
268.000000 237.000000
272.000000 208.000000
274.000000 180.000000
268.000000 151.000000
254.000000 125.000000
232.000000 105.000000
206.000000 92.000000
161.000000 155.000000
149.000000 152.000000
136.000000 149.000000
124.000000 148.000000
113.000000 152.000000
113.000000 158.000000
125.000000 156.000000
136.000000 157.000000
148.000000 159.000000
160.000000 162.000000
255.000000 150.000000
244.000000 146.000000
231.000000 147.000000
219.000000 150.000000
208.000000 155.000000
210.000000 161.000000
221.000000 157.000000
233.000000 154.000000
244.000000 153.000000
253.000000 156.000000
161.000000 182.000000
154.000000 172.000000
144.000000 168.000000
132.000000 170.000000
125.000000 176.000000
131.000000 182.000000
141.000000 184.000000
152.000000 184.000000
243.000000 173.000000
235.000000 166.000000
224.000000 165.000000
215.000000 170.000000
208.000000 179.000000
218.000000 181.000000
228.000000 182.000000
237.000000 179.000000
142.000000 175.000000
224.000000 173.000000
173.000000 178.000000
172.000000 192.000000
169.000000 206.000000
164.000000 219.000000
159.000000 232.000000
173.000000 236.000000
190.000000 240.000000
205.000000 235.000000
214.000000 229.000000
209.000000 218.000000
204.000000 206.000000
199.000000 191.000000
197.000000 177.000000
223.000000 255.000000
209.000000 255.000000
197.000000 255.000000
187.000000 258.000000
175.000000 256.000000
162.000000 258.000000
149.000000 258.000000
158.000000 269.000000
169.000000 277.000000
181.000000 281.000000
193.000000 281.000000
205.000000 276.000000
215.000000 267.000000
