181.000000 84.000000
152.000000 88.000000
126.000000 101.000000
105.000000 121.000000
92.000000 147.000000
87.000000 175.000000
89.000000 207.000000
94.000000 236.000000
104.000000 263.000000
125.000000 284.000000
149.000000 301.000000
179.000000 311.000000
210.000000 302.000000
232.000000 284.000000
252.000000 263.000000
263.000000 235.000000
265.000000 205.000000
268.000000 175.000000
263.000000 147.000000
255.000000 123.000000
235.000000 102.000000
207.000000 85.000000
155.000000 149.000000
144.000000 145.000000
131.000000 142.000000
118.000000 141.000000
107.000000 147.000000
108.000000 154.000000
119.000000 151.000000
131.000000 151.000000
142.000000 154.000000
154.000000 157.000000
250.000000 147.000000
238.000000 142.000000
225.000000 141.000000
212.000000 144.000000
201.000000 149.000000
202.000000 157.000000
214.000000 153.000000
226.000000 151.000000
237.000000 150.000000
247.000000 153.000000
153.000000 179.000000
147.000000 170.000000
138.000000 166.000000
127.000000 166.000000
119.000000 172.000000
125.000000 178.000000
134.000000 181.000000
144.000000 181.000000
238.000000 172.000000
230.000000 166.000000
221.000000 165.000000
211.000000 168.000000
204.000000 176.000000
212.000000 179.000000
222.000000 180.000000
231.000000 178.000000
136.000000 172.000000
220.000000 172.000000
166.000000 174.000000
165.000000 187.000000
162.000000 201.000000
157.000000 214.000000
151.000000 227.000000
163.000000 235.000000
180.000000 238.000000
195.000000 234.000000
208.000000 226.000000
202.000000 214.000000
198.000000 202.000000
194.000000 187.000000
191.000000 174.000000
215.000000 254.000000
201.000000 254.000000
189.000000 253.000000
180.000000 255.000000
169.000000 253.000000
157.000000 255.000000
144.000000 255.000000
153.000000 265.000000
162.000000 271.000000
174.000000 274.000000
185.000000 274.000000
196.000000 271.000000
206.000000 264.000000
