171.000000 37.000000
134.000000 44.000000
102.000000 62.000000
74.000000 87.000000
55.000000 121.000000
56.000000 160.000000
63.000000 197.000000
77.000000 231.000000
92.000000 269.000000
110.000000 297.000000
134.000000 325.000000
172.000000 340.000000
215.000000 330.000000
252.000000 304.000000
278.000000 269.000000
296.000000 227.000000
299.000000 187.000000
303.000000 149.000000
297.000000 114.000000
269.000000 83.000000
242.000000 57.000000
208.000000 42.000000
135.000000 122.000000
119.000000 115.000000
103.000000 109.000000
88.000000 106.000000
74.000000 112.000000
74.000000 122.000000
89.000000 120.000000
103.000000 123.000000
118.000000 127.000000
131.000000 132.000000
264.000000 112.000000
251.000000 105.000000
233.000000 105.000000
216.000000 109.000000
200.000000 117.000000
200.000000 127.000000
219.000000 122.000000
235.000000 118.000000
250.000000 116.000000
261.000000 118.000000
136.000000 159.000000
129.000000 147.000000
116.000000 141.000000
103.000000 142.000000
91.000000 149.000000
99.000000 157.000000
112.000000 161.000000
124.000000 160.000000
244.000000 147.000000
234.000000 141.000000
219.000000 140.000000
207.000000 145.000000
197.000000 156.000000
210.000000 159.000000
225.000000 160.000000
238.000000 155.000000
115.000000 150.000000
221.000000 149.000000
150.000000 155.000000
147.000000 174.000000
142.000000 193.000000
136.000000 212.000000
132.000000 232.000000
146.000000 240.000000
165.000000 245.000000
184.000000 239.000000
200.000000 230.000000
196.000000 212.000000
190.000000 194.000000
185.000000 175.000000
182.000000 154.000000
209.000000 271.000000
193.000000 266.000000
179.000000 263.000000
166.000000 266.000000
156.000000 263.000000
142.000000 267.000000
129.000000 271.000000
138.000000 281.000000
148.000000 288.000000
162.000000 293.000000
176.000000 293.000000
188.000000 289.000000
199.000000 282.000000
