182.000000 77.000000
155.000000 81.000000
130.000000 94.000000
111.000000 114.000000
98.000000 138.000000
94.000000 166.000000
93.000000 195.000000
98.000000 224.000000
106.000000 251.000000
123.000000 274.000000
145.000000 291.000000
179.000000 301.000000
214.000000 293.000000
239.000000 276.000000
256.000000 253.000000
265.000000 224.000000
271.000000 195.000000
272.000000 165.000000
267.000000 138.000000
255.000000 113.000000
235.000000 93.000000
210.000000 81.000000
156.000000 136.000000
143.000000 131.000000
131.000000 128.000000
119.000000 128.000000
108.000000 135.000000
110.000000 143.000000
121.000000 140.000000
132.000000 139.000000
143.000000 141.000000
153.000000 144.000000
249.000000 138.000000
238.000000 131.000000
225.000000 129.000000
212.000000 131.000000
201.000000 136.000000
204.000000 144.000000
215.000000 141.000000
227.000000 139.000000
237.000000 141.000000
247.000000 144.000000
154.000000 164.000000
147.000000 157.000000
139.000000 154.000000
130.000000 155.000000
123.000000 160.000000
129.000000 165.000000
137.000000 166.000000
145.000000 166.000000
236.000000 161.000000
228.000000 155.000000
219.000000 154.000000
211.000000 156.000000
205.000000 163.000000
212.000000 166.000000
221.000000 167.000000
231.000000 166.000000
139.000000 159.000000
220.000000 160.000000
166.000000 159.000000
164.000000 174.000000
162.000000 186.000000
158.000000 199.000000
153.000000 211.000000
165.000000 218.000000
180.000000 222.000000
194.000000 218.000000
206.000000 210.000000
202.000000 198.000000
197.000000 185.000000
194.000000 174.000000
192.000000 159.000000
212.000000 243.000000
201.000000 236.000000
191.000000 232.000000
181.000000 236.000000
168.000000 232.000000
158.000000 236.000000
147.000000 243.000000
154.000000 252.000000
163.000000 259.000000
174.000000 264.000000
187.000000 264.000000
198.000000 260.000000
206.000000 252.000000
