180.000000 17.000000
139.000000 36.000000
109.000000 56.000000
94.000000 87.000000
80.000000 117.000000
75.000000 151.000000
81.000000 184.000000
90.000000 215.000000
105.000000 246.000000
124.000000 274.000000
148.000000 297.000000
186.000000 309.000000
212.000000 294.000000
235.000000 264.000000
255.000000 238.000000
271.000000 208.000000
281.000000 175.000000
287.000000 143.000000
282.000000 109.000000
278.000000 79.000000
259.000000 44.000000
221.000000 27.000000
156.000000 113.000000
139.000000 109.000000
123.000000 106.000000
107.000000 107.000000
92.000000 114.000000
95.000000 120.000000
109.000000 118.000000
123.000000 118.000000
137.000000 120.000000
152.000000 124.000000
271.000000 109.000000
257.000000 104.000000
242.000000 104.000000
228.000000 106.000000
211.000000 111.000000
212.000000 121.000000
229.000000 118.000000
244.000000 115.000000
257.000000 114.000000
268.000000 116.000000
152.000000 151.000000
147.000000 142.000000
136.000000 136.000000
124.000000 138.000000
113.000000 145.000000
121.000000 153.000000
133.000000 156.000000
145.000000 155.000000
251.000000 141.000000
243.000000 135.000000
231.000000 134.000000
220.000000 140.000000
214.000000 149.000000
222.000000 153.000000
235.000000 154.000000
246.000000 149.000000
134.000000 145.000000
233.000000 143.000000
167.000000 147.000000
164.000000 165.000000
161.000000 181.000000
156.000000 196.000000
151.000000 214.000000
162.000000 226.000000
181.000000 233.000000
199.000000 227.000000
211.000000 215.000000
207.000000 200.000000
203.000000 184.000000
199.000000 166.000000
198.000000 147.000000
216.000000 259.000000
202.000000 255.000000
191.000000 252.000000
181.000000 254.000000
171.000000 250.000000
158.000000 254.000000
149.000000 257.000000
153.000000 265.000000
159.000000 274.000000
171.000000 281.000000
190.000000 283.000000
206.000000 276.000000
214.000000 266.000000
