171.000000 45.000000
135.000000 55.000000
113.000000 75.000000
101.000000 100.000000
91.000000 126.000000
86.000000 154.000000
89.000000 184.000000
96.000000 211.000000
106.000000 237.000000
122.000000 260.000000
145.000000 279.000000
178.000000 289.000000
210.000000 278.000000
231.000000 261.000000
248.000000 239.000000
257.000000 213.000000
263.000000 186.000000
266.000000 157.000000
262.000000 130.000000
250.000000 104.000000
236.000000 78.000000
205.000000 53.000000
157.000000 125.000000
145.000000 121.000000
134.000000 119.000000
122.000000 119.000000
112.000000 123.000000
114.000000 128.000000
123.000000 126.000000
134.000000 127.000000
144.000000 129.000000
154.000000 133.000000
242.000000 124.000000
231.000000 119.000000
221.000000 119.000000
209.000000 122.000000
199.000000 127.000000
201.000000 134.000000
211.000000 130.000000
222.000000 127.000000
231.000000 127.000000
240.000000 129.000000
154.000000 153.000000
148.000000 145.000000
139.000000 142.000000
130.000000 143.000000
123.000000 148.000000
129.000000 154.000000
138.000000 156.000000
146.000000 156.000000
231.000000 149.000000
225.000000 143.000000
215.000000 142.000000
206.000000 146.000000
200.000000 153.000000
208.000000 156.000000
217.000000 156.000000
226.000000 154.000000
139.000000 149.000000
216.000000 149.000000
165.000000 150.000000
164.000000 164.000000
161.000000 176.000000
158.000000 188.000000
154.000000 200.000000
164.000000 207.000000
178.000000 211.000000
191.000000 208.000000
202.000000 201.000000
198.000000 189.000000
194.000000 177.000000
192.000000 165.000000
190.000000 150.000000
209.000000 231.000000
196.000000 229.000000
186.000000 227.000000
178.000000 230.000000
170.000000 227.000000
159.000000 230.000000
147.000000 233.000000
154.000000 242.000000
162.000000 248.000000
173.000000 252.000000
183.000000 252.000000
192.000000 247.000000
200.000000 241.000000
