169.000000 68.000000
133.000000 76.000000
103.000000 92.000000
90.000000 122.000000
79.000000 149.000000
83.000000 178.000000
85.000000 207.000000
90.000000 234.000000
100.000000 260.000000
119.000000 280.000000
144.000000 294.000000
176.000000 301.000000
203.000000 294.000000
226.000000 279.000000
247.000000 258.000000
256.000000 232.000000
260.000000 203.000000
260.000000 173.000000
259.000000 146.000000
248.000000 121.000000
230.000000 92.000000
202.000000 75.000000
150.000000 148.000000
138.000000 145.000000
126.000000 143.000000
114.000000 144.000000
102.000000 148.000000
104.000000 154.000000
115.000000 151.000000
126.000000 151.000000
138.000000 153.000000
147.000000 156.000000
241.000000 142.000000
230.000000 138.000000
219.000000 138.000000
207.000000 140.000000
196.000000 144.000000
198.000000 152.000000
210.000000 149.000000
220.000000 146.000000
230.000000 146.000000
239.000000 147.000000
146.000000 174.000000
141.000000 166.000000
132.000000 163.000000
122.000000 166.000000
115.000000 171.000000
121.000000 176.000000
131.000000 178.000000
140.000000 177.000000
230.000000 166.000000
222.000000 161.000000
213.000000 160.000000
205.000000 163.000000
199.000000 171.000000
207.000000 173.000000
215.000000 174.000000
224.000000 172.000000
133.000000 170.000000
213.000000 166.000000
158.000000 170.000000
157.000000 184.000000
156.000000 196.000000
153.000000 207.000000
149.000000 219.000000
161.000000 226.000000
174.000000 229.000000
189.000000 226.000000
200.000000 218.000000
195.000000 207.000000
190.000000 195.000000
188.000000 184.000000
186.000000 169.000000
207.000000 247.000000
193.000000 246.000000
183.000000 243.000000
175.000000 246.000000
167.000000 243.000000
156.000000 247.000000
141.000000 249.000000
151.000000 257.000000
160.000000 262.000000
170.000000 265.000000
180.000000 265.000000
190.000000 261.000000
198.000000 255.000000
