179.000000 87.000000
152.000000 91.000000
128.000000 104.000000
109.000000 123.000000
97.000000 147.000000
93.000000 174.000000
95.000000 205.000000
101.000000 234.000000
111.000000 260.000000
130.000000 282.000000
153.000000 299.000000
181.000000 307.000000
210.000000 298.000000
233.000000 280.000000
252.000000 257.000000
260.000000 231.000000
265.000000 201.000000
266.000000 172.000000
261.000000 145.000000
249.000000 121.000000
230.000000 102.000000
205.000000 91.000000
159.000000 151.000000
147.000000 146.000000
136.000000 143.000000
124.000000 142.000000
114.000000 147.000000
115.000000 153.000000
125.000000 151.000000
134.000000 152.000000
146.000000 155.000000
156.000000 159.000000
249.000000 146.000000
238.000000 141.000000
227.000000 142.000000
216.000000 145.000000
205.000000 151.000000
208.000000 158.000000
218.000000 155.000000
228.000000 151.000000
237.000000 149.000000
247.000000 151.000000
159.000000 183.000000
153.000000 173.000000
143.000000 169.000000
133.000000 170.000000
125.000000 176.000000
131.000000 182.000000
141.000000 184.000000
151.000000 184.000000
238.000000 175.000000
231.000000 170.000000
221.000000 170.000000
212.000000 173.000000
205.000000 181.000000
213.000000 183.000000
223.000000 184.000000
233.000000 181.000000
142.000000 176.000000
221.000000 176.000000
171.000000 178.000000
170.000000 192.000000
167.000000 205.000000
162.000000 218.000000
158.000000 232.000000
168.000000 239.000000
182.000000 243.000000
196.000000 239.000000
206.000000 231.000000
202.000000 219.000000
197.000000 206.000000
194.000000 192.000000
193.000000 178.000000
208.000000 262.000000
196.000000 258.000000
188.000000 255.000000
181.000000 258.000000
173.000000 255.000000
163.000000 257.000000
150.000000 260.000000
157.000000 269.000000
165.000000 276.000000
175.000000 280.000000
186.000000 280.000000
196.000000 276.000000
203.000000 270.000000
