182.000000 77.000000
155.000000 79.000000
125.000000 92.000000
108.000000 114.000000
96.000000 139.000000
97.000000 163.000000
99.000000 192.000000
102.000000 218.000000
108.000000 243.000000
126.000000 264.000000
148.000000 282.000000
177.000000 292.000000
206.000000 282.000000
226.000000 264.000000
243.000000 243.000000
253.000000 218.000000
257.000000 192.000000
262.000000 165.000000
262.000000 140.000000
250.000000 114.000000
230.000000 96.000000
210.000000 83.000000
159.000000 134.000000
149.000000 130.000000
138.000000 128.000000
127.000000 130.000000
117.000000 135.000000
119.000000 141.000000
128.000000 137.000000
139.000000 137.000000
148.000000 139.000000
158.000000 141.000000
243.000000 140.000000
234.000000 134.000000
223.000000 132.000000
213.000000 133.000000
203.000000 136.000000
205.000000 144.000000
215.000000 141.000000
224.000000 140.000000
233.000000 141.000000
241.000000 144.000000
159.000000 168.000000
153.000000 158.000000
144.000000 154.000000
135.000000 155.000000
126.000000 162.000000
133.000000 166.000000
142.000000 168.000000
150.000000 168.000000
232.000000 164.000000
225.000000 158.000000
216.000000 156.000000
208.000000 159.000000
201.000000 167.000000
209.000000 170.000000
218.000000 170.000000
226.000000 168.000000
143.000000 160.000000
214.000000 163.000000
170.000000 164.000000
168.000000 179.000000
165.000000 191.000000
161.000000 203.000000
156.000000 215.000000
166.000000 222.000000
178.000000 226.000000
192.000000 223.000000
202.000000 216.000000
198.000000 204.000000
194.000000 193.000000
192.000000 179.000000
191.000000 165.000000
207.000000 244.000000
196.000000 241.000000
186.000000 239.000000
178.000000 240.000000
169.000000 239.000000
159.000000 241.000000
148.000000 242.000000
154.000000 252.000000
162.000000 258.000000
172.000000 261.000000
183.000000 262.000000
193.000000 258.000000
201.000000 252.000000
