175.000000 57.000000
144.000000 64.000000
123.000000 83.000000
108.000000 106.000000
100.000000 132.000000
97.000000 157.000000
98.000000 183.000000
103.000000 210.000000
110.000000 236.000000
125.000000 258.000000
149.000000 283.000000
179.000000 289.000000
214.000000 278.000000
238.000000 254.000000
249.000000 231.000000
255.000000 205.000000
258.000000 178.000000
258.000000 151.000000
254.000000 127.000000
243.000000 100.000000
226.000000 74.000000
204.000000 59.000000
159.000000 130.000000
146.000000 125.000000
133.000000 122.000000
121.000000 123.000000
111.000000 129.000000
113.000000 134.000000
123.000000 132.000000
134.000000 131.000000
145.000000 133.000000
156.000000 136.000000
238.000000 124.000000
229.000000 119.000000
218.000000 118.000000
207.000000 120.000000
197.000000 125.000000
199.000000 132.000000
210.000000 128.000000
220.000000 125.000000
229.000000 125.000000
236.000000 128.000000
157.000000 156.000000
150.000000 150.000000
141.000000 147.000000
132.000000 149.000000
125.000000 154.000000
132.000000 158.000000
140.000000 159.000000
149.000000 158.000000
227.000000 147.000000
219.000000 143.000000
211.000000 144.000000
204.000000 147.000000
198.000000 153.000000
206.000000 155.000000
214.000000 155.000000
223.000000 152.000000
140.000000 153.000000
214.000000 149.000000
166.000000 153.000000
164.000000 164.000000
161.000000 175.000000
156.000000 186.000000
154.000000 197.000000
165.000000 203.000000
179.000000 206.000000
192.000000 201.000000
203.000000 194.000000
199.000000 184.000000
195.000000 174.000000
191.000000 162.000000
188.000000 152.000000
211.000000 221.000000
200.000000 217.000000
188.000000 215.000000
179.000000 218.000000
171.000000 215.000000
158.000000 219.000000
147.000000 224.000000
155.000000 232.000000
164.000000 239.000000
175.000000 244.000000
186.000000 243.000000
196.000000 238.000000
204.000000 230.000000
