168.000000 8.000000
129.000000 14.000000
94.000000 31.000000
66.000000 59.000000
47.000000 95.000000
41.000000 134.000000
44.000000 180.000000
51.000000 222.000000
66.000000 259.000000
91.000000 290.000000
123.000000 315.000000
166.000000 328.000000
207.000000 314.000000
236.000000 286.000000
261.000000 258.000000
276.000000 220.000000
288.000000 180.000000
294.000000 135.000000
288.000000 96.000000
270.000000 60.000000
253.000000 24.000000
213.000000 5.000000
138.000000 86.000000
118.000000 81.000000
97.000000 79.000000
78.000000 84.000000
63.000000 92.000000
69.000000 99.000000
82.000000 94.000000
99.000000 92.000000
116.000000 93.000000
134.000000 97.000000
273.000000 94.000000
257.000000 87.000000
241.000000 84.000000
225.000000 85.000000
209.000000 90.000000
212.000000 99.000000
227.000000 97.000000
242.000000 95.000000
256.000000 97.000000
269.000000 103.000000
136.000000 132.000000
127.000000 120.000000
112.000000 114.000000
97.000000 117.000000
86.000000 124.000000
98.000000 132.000000
111.000000 135.000000
124.000000 134.000000
256.000000 131.000000
245.000000 123.000000
231.000000 121.000000
217.000000 125.000000
208.000000 134.000000
220.000000 138.000000
233.000000 140.000000
245.000000 137.000000
112.000000 124.000000
230.000000 130.000000
155.000000 129.000000
151.000000 151.000000
145.000000 170.000000
137.000000 186.000000
131.000000 204.000000
150.000000 213.000000
170.000000 221.000000
190.000000 216.000000
207.000000 204.000000
202.000000 188.000000
196.000000 172.000000
191.000000 153.000000
190.000000 131.000000
214.000000 251.000000
198.000000 247.000000
183.000000 242.000000
170.000000 246.000000
156.000000 242.000000
141.000000 247.000000
120.000000 251.000000
133.000000 263.000000
147.000000 270.000000
161.000000 274.000000
176.000000 275.000000
191.000000 270.000000
203.000000 262.000000
