162.000000 46.000000
127.000000 56.000000
94.000000 81.000000
76.000000 115.000000
63.000000 146.000000
60.000000 180.000000
64.000000 213.000000
71.000000 244.000000
85.000000 276.000000
105.000000 304.000000
132.000000 325.000000
171.000000 334.000000
211.000000 323.000000
242.000000 296.000000
262.000000 267.000000
277.000000 233.000000
279.000000 198.000000
277.000000 164.000000
269.000000 131.000000
256.000000 101.000000
236.000000 71.000000
204.000000 51.000000
133.000000 134.000000
119.000000 131.000000
106.000000 129.000000
91.000000 130.000000
79.000000 136.000000
82.000000 142.000000
94.000000 139.000000
106.000000 140.000000
118.000000 141.000000
130.000000 144.000000
241.000000 126.000000
227.000000 120.000000
212.000000 118.000000
197.000000 121.000000
183.000000 126.000000
187.000000 136.000000
200.000000 131.000000
214.000000 128.000000
227.000000 129.000000
238.000000 132.000000
132.000000 168.000000
123.000000 162.000000
112.000000 158.000000
101.000000 161.000000
90.000000 168.000000
100.000000 174.000000
112.000000 178.000000
123.000000 175.000000
237.000000 158.000000
224.000000 152.000000
213.000000 152.000000
198.000000 154.000000
189.000000 165.000000
198.000000 167.000000
209.000000 167.000000
223.000000 164.000000
114.000000 167.000000
208.000000 159.000000
144.000000 164.000000
143.000000 183.000000
141.000000 200.000000
136.000000 214.000000
131.000000 230.000000
145.000000 236.000000
163.000000 240.000000
180.000000 234.000000
194.000000 225.000000
187.000000 211.000000
180.000000 196.000000
176.000000 181.000000
174.000000 162.000000
204.000000 262.000000
187.000000 258.000000
174.000000 255.000000
164.000000 259.000000
153.000000 256.000000
140.000000 260.000000
125.000000 264.000000
135.000000 272.000000
146.000000 278.000000
159.000000 282.000000
173.000000 281.000000
185.000000 277.000000
195.000000 270.000000
