185.000000 57.000000
156.000000 67.000000
129.000000 90.000000
114.000000 114.000000
102.000000 138.000000
98.000000 165.000000
100.000000 195.000000
105.000000 222.000000
114.000000 249.000000
133.000000 270.000000
156.000000 287.000000
186.000000 297.000000
215.000000 287.000000
239.000000 269.000000
258.000000 247.000000
266.000000 221.000000
270.000000 193.000000
272.000000 164.000000
274.000000 136.000000
263.000000 109.000000
252.000000 93.000000
222.000000 69.000000
160.000000 136.000000
150.000000 133.000000
139.000000 130.000000
129.000000 129.000000
118.000000 131.000000
118.000000 137.000000
128.000000 136.000000
139.000000 138.000000
149.000000 141.000000
159.000000 143.000000
254.000000 130.000000
243.000000 127.000000
231.000000 128.000000
219.000000 131.000000
209.000000 135.000000
211.000000 142.000000
221.000000 139.000000
233.000000 136.000000
243.000000 134.000000
253.000000 135.000000
161.000000 167.000000
155.000000 158.000000
144.000000 153.000000
134.000000 154.000000
122.000000 161.000000
132.000000 166.000000
143.000000 170.000000
152.000000 168.000000
251.000000 160.000000
240.000000 154.000000
227.000000 152.000000
218.000000 156.000000
211.000000 164.000000
219.000000 169.000000
230.000000 170.000000
241.000000 167.000000
143.000000 160.000000
227.000000 159.000000
173.000000 162.000000
172.000000 176.000000
169.000000 189.000000
165.000000 202.000000
160.000000 215.000000
172.000000 222.000000
186.000000 226.000000
201.000000 221.000000
213.000000 212.000000
208.000000 200.000000
204.000000 189.000000
200.000000 175.000000
198.000000 162.000000
222.000000 240.000000
207.000000 240.000000
195.000000 239.000000
186.000000 241.000000
177.000000 239.000000
165.000000 242.000000
151.000000 242.000000
160.000000 252.000000
170.000000 259.000000
181.000000 263.000000
193.000000 263.000000
204.000000 258.000000
213.000000 251.000000
