176.000000 58.000000
145.000000 64.000000
117.000000 75.000000
93.000000 102.000000
87.000000 142.000000
84.000000 171.000000
88.000000 203.000000
96.000000 234.000000
106.000000 263.000000
124.000000 284.000000
147.000000 301.000000
182.000000 307.000000
217.000000 296.000000
239.000000 279.000000
258.000000 258.000000
265.000000 225.000000
270.000000 194.000000
270.000000 164.000000
264.000000 136.000000
254.000000 102.000000
237.000000 78.000000
208.000000 61.000000
150.000000 140.000000
135.000000 137.000000
123.000000 135.000000
110.000000 135.000000
100.000000 140.000000
102.000000 147.000000
112.000000 145.000000
123.000000 145.000000
136.000000 147.000000
149.000000 150.000000
248.000000 135.000000
236.000000 130.000000
224.000000 129.000000
211.000000 133.000000
198.000000 137.000000
200.000000 146.000000
213.000000 142.000000
226.000000 140.000000
237.000000 139.000000
247.000000 141.000000
149.000000 171.000000
143.000000 162.000000
132.000000 158.000000
122.000000 160.000000
114.000000 167.000000
123.000000 172.000000
133.000000 177.000000
142.000000 175.000000
242.000000 162.000000
229.000000 155.000000
217.000000 155.000000
207.000000 158.000000
200.000000 167.000000
209.000000 170.000000
219.000000 172.000000
230.000000 168.000000
132.000000 167.000000
219.000000 165.000000
161.000000 165.000000
159.000000 180.000000
156.000000 194.000000
150.000000 208.000000
146.000000 220.000000
161.000000 226.000000
176.000000 229.000000
192.000000 225.000000
205.000000 217.000000
201.000000 205.000000
195.000000 192.000000
191.000000 178.000000
187.000000 163.000000
213.000000 248.000000
200.000000 245.000000
188.000000 242.000000
177.000000 245.000000
165.000000 243.000000
154.000000 247.000000
143.000000 250.000000
152.000000 259.000000
162.000000 265.000000
173.000000 267.000000
184.000000 267.000000
195.000000 263.000000
205.000000 257.000000
