172.000000 72.000000
146.000000 71.000000
121.000000 81.000000
103.000000 106.000000
92.000000 133.000000
89.000000 159.000000
89.000000 189.000000
94.000000 215.000000
105.000000 239.000000
124.000000 259.000000
146.000000 273.000000
172.000000 283.000000
202.000000 269.000000
224.000000 255.000000
241.000000 233.000000
252.000000 209.000000
258.000000 182.000000
258.000000 155.000000
254.000000 129.000000
241.000000 106.000000
222.000000 87.000000
198.000000 76.000000
150.000000 131.000000
139.000000 127.000000
128.000000 124.000000
117.000000 124.000000
106.000000 129.000000
108.000000 135.000000
118.000000 133.000000
128.000000 133.000000
138.000000 135.000000
148.000000 138.000000
236.000000 126.000000
224.000000 122.000000
214.000000 124.000000
203.000000 127.000000
192.000000 131.000000
194.000000 138.000000
206.000000 134.000000
216.000000 132.000000
225.000000 130.000000
234.000000 132.000000
148.000000 160.000000
141.000000 152.000000
133.000000 149.000000
124.000000 150.000000
117.000000 155.000000
123.000000 160.000000
131.000000 162.000000
140.000000 161.000000
226.000000 151.000000
218.000000 148.000000
210.000000 148.000000
201.000000 152.000000
195.000000 158.000000
203.000000 160.000000
212.000000 161.000000
219.000000 160.000000
133.000000 155.000000
210.000000 154.000000
159.000000 154.000000
158.000000 168.000000
155.000000 181.000000
151.000000 193.000000
147.000000 206.000000
158.000000 211.000000
172.000000 214.000000
186.000000 210.000000
196.000000 204.000000
192.000000 192.000000
187.000000 182.000000
184.000000 167.000000
182.000000 154.000000
202.000000 232.000000
189.000000 230.000000
181.000000 228.000000
173.000000 231.000000
163.000000 228.000000
153.000000 231.000000
141.000000 234.000000
149.000000 242.000000
157.000000 250.000000
167.000000 254.000000
178.000000 254.000000
188.000000 249.000000
195.000000 242.000000
