183.000000 73.000000
156.000000 77.000000
131.000000 90.000000
112.000000 109.000000
99.000000 133.000000
94.000000 160.000000
94.000000 188.000000
98.000000 216.000000
106.000000 242.000000
124.000000 265.000000
150.000000 279.000000
183.000000 286.000000
215.000000 279.000000
240.000000 265.000000
259.000000 244.000000
266.000000 217.000000
270.000000 189.000000
270.000000 162.000000
266.000000 135.000000
254.000000 110.000000
235.000000 91.000000
210.000000 78.000000
159.000000 129.000000
146.000000 124.000000
133.000000 123.000000
120.000000 125.000000
108.000000 130.000000
110.000000 138.000000
121.000000 134.000000
134.000000 134.000000
145.000000 135.000000
156.000000 138.000000
249.000000 130.000000
234.000000 124.000000
224.000000 124.000000
210.000000 126.000000
198.000000 130.000000
202.000000 138.000000
214.000000 135.000000
226.000000 133.000000
236.000000 134.000000
246.000000 137.000000
156.000000 158.000000
150.000000 151.000000
141.000000 148.000000
132.000000 149.000000
125.000000 154.000000
131.000000 159.000000
139.000000 164.000000
147.000000 163.000000
234.000000 154.000000
227.000000 150.000000
218.000000 148.000000
209.000000 151.000000
203.000000 160.000000
211.000000 161.000000
221.000000 163.000000
229.000000 159.000000
144.000000 156.000000
218.000000 155.000000
167.000000 153.000000
166.000000 167.000000
164.000000 180.000000
159.000000 192.000000
154.000000 204.000000
166.000000 211.000000
180.000000 214.000000
194.000000 210.000000
206.000000 204.000000
201.000000 192.000000
196.000000 180.000000
193.000000 168.000000
191.000000 153.000000
210.000000 235.000000
197.000000 231.000000
188.000000 229.000000
180.000000 232.000000
171.000000 229.000000
161.000000 232.000000
150.000000 235.000000
159.000000 242.000000
167.000000 246.000000
176.000000 249.000000
186.000000 249.000000
195.000000 246.000000
202.000000 241.000000
