165.000000 56.000000
139.000000 67.000000
117.000000 84.000000
101.000000 105.000000
88.000000 134.000000
86.000000 166.000000
91.000000 197.000000
96.000000 221.000000
108.000000 246.000000
125.000000 267.000000
147.000000 283.000000
178.000000 291.000000
208.000000 281.000000
230.000000 262.000000
246.000000 240.000000
256.000000 216.000000
262.000000 190.000000
263.000000 162.000000
267.000000 135.000000
257.000000 100.000000
232.000000 77.000000
198.000000 62.000000
151.000000 136.000000
140.000000 132.000000
129.000000 130.000000
118.000000 130.000000
107.000000 134.000000
109.000000 139.000000
119.000000 137.000000
129.000000 138.000000
139.000000 139.000000
148.000000 142.000000
240.000000 131.000000
229.000000 128.000000
219.000000 128.000000
208.000000 130.000000
198.000000 134.000000
201.000000 140.000000
211.000000 138.000000
220.000000 135.000000
229.000000 135.000000
238.000000 136.000000
151.000000 163.000000
146.000000 155.000000
136.000000 152.000000
127.000000 154.000000
121.000000 159.000000
128.000000 164.000000
136.000000 166.000000
144.000000 165.000000
229.000000 156.000000
222.000000 150.000000
213.000000 150.000000
205.000000 154.000000
200.000000 160.000000
208.000000 163.000000
216.000000 164.000000
224.000000 161.000000
137.000000 159.000000
214.000000 156.000000
162.000000 159.000000
161.000000 173.000000
159.000000 185.000000
155.000000 197.000000
150.000000 210.000000
159.000000 218.000000
174.000000 222.000000
189.000000 217.000000
199.000000 210.000000
195.000000 198.000000
191.000000 186.000000
189.000000 173.000000
187.000000 158.000000
206.000000 237.000000
192.000000 235.000000
183.000000 232.000000
175.000000 236.000000
166.000000 233.000000
157.000000 236.000000
145.000000 239.000000
153.000000 246.000000
161.000000 252.000000
171.000000 255.000000
181.000000 255.000000
190.000000 251.000000
198.000000 245.000000
