175.000000 56.000000
142.000000 64.000000
113.000000 82.000000
94.000000 105.000000
84.000000 132.000000
80.000000 163.000000
79.000000 197.000000
80.000000 237.000000
87.000000 268.000000
113.000000 294.000000
140.000000 315.000000
169.000000 325.000000
205.000000 322.000000
241.000000 301.000000
269.000000 275.000000
282.000000 239.000000
283.000000 194.000000
278.000000 159.000000
272.000000 129.000000
261.000000 98.000000
237.000000 72.000000
207.000000 58.000000
153.000000 132.000000
138.000000 126.000000
124.000000 123.000000
111.000000 123.000000
101.000000 131.000000
104.000000 138.000000
113.000000 133.000000
124.000000 134.000000
137.000000 136.000000
150.000000 139.000000
251.000000 131.000000
240.000000 124.000000
227.000000 123.000000
214.000000 125.000000
201.000000 130.000000
203.000000 138.000000
217.000000 134.000000
229.000000 132.000000
239.000000 133.000000
249.000000 137.000000
151.000000 163.000000
144.000000 155.000000
134.000000 152.000000
124.000000 153.000000
117.000000 159.000000
125.000000 163.000000
134.000000 165.000000
142.000000 165.000000
242.000000 162.000000
233.000000 156.000000
222.000000 153.000000
209.000000 154.000000
203.000000 165.000000
211.000000 164.000000
221.000000 165.000000
232.000000 164.000000
134.000000 158.000000
221.000000 158.000000
163.000000 159.000000
161.000000 174.000000
156.000000 188.000000
149.000000 201.000000
147.000000 215.000000
162.000000 219.000000
175.000000 221.000000
189.000000 218.000000
203.000000 213.000000
201.000000 200.000000
195.000000 190.000000
190.000000 172.000000
188.000000 158.000000
210.000000 248.000000
197.000000 242.000000
186.000000 239.000000
176.000000 242.000000
163.000000 239.000000
153.000000 242.000000
142.000000 247.000000
152.000000 254.000000
161.000000 258.000000
170.000000 260.000000
181.000000 260.000000
191.000000 257.000000
200.000000 253.000000
