190.000000 82.000000
165.000000 86.000000
142.000000 97.000000
124.000000 115.000000
112.000000 138.000000
107.000000 163.000000
110.000000 190.000000
114.000000 217.000000
123.000000 245.000000
142.000000 266.000000
166.000000 284.000000
195.000000 293.000000
224.000000 281.000000
246.000000 262.000000
261.000000 240.000000
267.000000 216.000000
270.000000 190.000000
271.000000 165.000000
267.000000 140.000000
262.000000 115.000000
247.000000 97.000000
224.000000 83.000000
177.000000 143.000000
167.000000 140.000000
156.000000 137.000000
146.000000 137.000000
136.000000 140.000000
137.000000 147.000000
147.000000 146.000000
156.000000 147.000000
166.000000 148.000000
176.000000 151.000000
257.000000 143.000000
248.000000 138.000000
239.000000 138.000000
228.000000 140.000000
217.000000 143.000000
218.000000 151.000000
230.000000 149.000000
240.000000 146.000000
248.000000 146.000000
256.000000 148.000000
176.000000 171.000000
170.000000 163.000000
161.000000 159.000000
152.000000 160.000000
144.000000 165.000000
149.000000 170.000000
158.000000 172.000000
167.000000 172.000000
245.000000 165.000000
239.000000 161.000000
230.000000 160.000000
223.000000 164.000000
216.000000 170.000000
225.000000 172.000000
233.000000 173.000000
241.000000 170.000000
158.000000 165.000000
231.000000 166.000000
187.000000 167.000000
185.000000 180.000000
181.000000 193.000000
176.000000 204.000000
172.000000 217.000000
183.000000 224.000000
196.000000 227.000000
211.000000 223.000000
220.000000 217.000000
217.000000 206.000000
213.000000 194.000000
209.000000 181.000000
206.000000 167.000000
226.000000 241.000000
214.000000 240.000000
204.000000 239.000000
196.000000 241.000000
188.000000 239.000000
177.000000 241.000000
164.000000 240.000000
172.000000 250.000000
180.000000 257.000000
191.000000 260.000000
201.000000 260.000000
210.000000 256.000000
218.000000 250.000000
