162.000000 24.000000
123.000000 31.000000
87.000000 49.000000
61.000000 81.000000
49.000000 115.000000
44.000000 154.000000
43.000000 192.000000
52.000000 230.000000
65.000000 266.000000
85.000000 296.000000
113.000000 319.000000
153.000000 331.000000
195.000000 326.000000
237.000000 306.000000
262.000000 280.000000
279.000000 241.000000
284.000000 202.000000
291.000000 158.000000
284.000000 116.000000
266.000000 77.000000
236.000000 52.000000
201.000000 32.000000
123.000000 115.000000
106.000000 108.000000
89.000000 104.000000
73.000000 105.000000
59.000000 112.000000
62.000000 121.000000
75.000000 116.000000
89.000000 116.000000
103.000000 119.000000
117.000000 125.000000
248.000000 116.000000
234.000000 108.000000
216.000000 105.000000
198.000000 108.000000
181.000000 114.000000
184.000000 125.000000
201.000000 120.000000
216.000000 117.000000
231.000000 118.000000
244.000000 123.000000
120.000000 155.000000
112.000000 143.000000
99.000000 138.000000
87.000000 140.000000
77.000000 147.000000
85.000000 154.000000
98.000000 158.000000
110.000000 158.000000
227.000000 150.000000
217.000000 143.000000
204.000000 141.000000
192.000000 145.000000
183.000000 154.000000
194.000000 158.000000
207.000000 160.000000
219.000000 157.000000
100.000000 148.000000
206.000000 150.000000
136.000000 150.000000
134.000000 170.000000
130.000000 188.000000
124.000000 204.000000
119.000000 222.000000
133.000000 232.000000
149.000000 237.000000
166.000000 232.000000
181.000000 222.000000
175.000000 205.000000
170.000000 187.000000
167.000000 172.000000
166.000000 150.000000
191.000000 265.000000
174.000000 259.000000
161.000000 254.000000
150.000000 257.000000
138.000000 254.000000
125.000000 259.000000
111.000000 265.000000
121.000000 274.000000
131.000000 281.000000
143.000000 284.000000
158.000000 284.000000
170.000000 280.000000
181.000000 274.000000
