185.000000 76.000000
159.000000 84.000000
130.000000 100.000000
110.000000 123.000000
108.000000 150.000000
111.000000 174.000000
113.000000 200.000000
118.000000 224.000000
126.000000 247.000000
141.000000 264.000000
162.000000 278.000000
189.000000 285.000000
215.000000 275.000000
235.000000 259.000000
250.000000 239.000000
258.000000 217.000000
262.000000 193.000000
262.000000 166.000000
263.000000 142.000000
256.000000 118.000000
241.000000 90.000000
216.000000 77.000000
166.000000 143.000000
157.000000 141.000000
147.000000 139.000000
136.000000 140.000000
126.000000 143.000000
127.000000 148.000000
137.000000 146.000000
147.000000 147.000000
157.000000 149.000000
165.000000 150.000000
243.000000 139.000000
234.000000 135.000000
224.000000 135.000000
214.000000 136.000000
205.000000 140.000000
207.000000 146.000000
216.000000 143.000000
225.000000 141.000000
234.000000 141.000000
241.000000 143.000000
165.000000 167.000000
159.000000 160.000000
151.000000 157.000000
143.000000 159.000000
138.000000 164.000000
143.000000 169.000000
151.000000 170.000000
159.000000 169.000000
234.000000 160.000000
227.000000 155.000000
219.000000 154.000000
211.000000 158.000000
206.000000 165.000000
213.000000 167.000000
221.000000 168.000000
229.000000 165.000000
151.000000 163.000000
219.000000 161.000000
175.000000 164.000000
174.000000 176.000000
172.000000 187.000000
170.000000 198.000000
165.000000 210.000000
174.000000 216.000000
186.000000 219.000000
199.000000 216.000000
208.000000 208.000000
204.000000 198.000000
200.000000 188.000000
197.000000 176.000000
196.000000 163.000000
213.000000 239.000000
204.000000 236.000000
195.000000 233.000000
187.000000 236.000000
179.000000 234.000000
170.000000 237.000000
160.000000 241.000000
167.000000 247.000000
174.000000 251.000000
183.000000 254.000000
192.000000 254.000000
200.000000 251.000000
207.000000 246.000000
