179.000000 65.000000
146.000000 66.000000
118.000000 76.000000
107.000000 106.000000
96.000000 132.000000
93.000000 160.000000
96.000000 190.000000
103.000000 217.000000
112.000000 243.000000
130.000000 264.000000
154.000000 280.000000
186.000000 288.000000
216.000000 279.000000
242.000000 260.000000
260.000000 237.000000
267.000000 210.000000
271.000000 182.000000
273.000000 151.000000
267.000000 123.000000
253.000000 99.000000
232.000000 80.000000
207.000000 68.000000
156.000000 133.000000
144.000000 130.000000
133.000000 129.000000
122.000000 129.000000
111.000000 133.000000
113.000000 141.000000
124.000000 139.000000
134.000000 139.000000
144.000000 140.000000
154.000000 141.000000
249.000000 123.000000
238.000000 121.000000
227.000000 123.000000
216.000000 125.000000
204.000000 129.000000
205.000000 138.000000
217.000000 134.000000
228.000000 131.000000
238.000000 129.000000
248.000000 130.000000
156.000000 161.000000
150.000000 154.000000
140.000000 151.000000
131.000000 153.000000
124.000000 160.000000
130.000000 164.000000
139.000000 166.000000
147.000000 165.000000
239.000000 153.000000
231.000000 148.000000
220.000000 147.000000
210.000000 151.000000
203.000000 159.000000
212.000000 162.000000
222.000000 162.000000
232.000000 159.000000
140.000000 158.000000
220.000000 154.000000
168.000000 157.000000
167.000000 172.000000
164.000000 184.000000
161.000000 197.000000
158.000000 211.000000
171.000000 214.000000
182.000000 219.000000
191.000000 215.000000
207.000000 208.000000
202.000000 195.000000
198.000000 183.000000
194.000000 171.000000
192.000000 156.000000
213.000000 241.000000
201.000000 238.000000
192.000000 235.000000
183.000000 237.000000
175.000000 235.000000
164.000000 239.000000
153.000000 243.000000
160.000000 250.000000
168.000000 256.000000
179.000000 258.000000
189.000000 258.000000
198.000000 255.000000
207.000000 250.000000
