157.000000 78.000000
125.000000 81.000000
105.000000 89.000000
90.000000 110.000000
88.000000 140.000000
88.000000 176.000000
88.000000 206.000000
94.000000 231.000000
105.000000 257.000000
124.000000 279.000000
147.000000 296.000000
178.000000 307.000000
212.000000 294.000000
237.000000 271.000000
258.000000 241.000000
264.000000 214.000000
266.000000 188.000000
269.000000 166.000000
257.000000 131.000000
237.000000 109.000000
217.000000 80.000000
192.000000 74.000000
140.000000 144.000000
128.000000 141.000000
117.000000 139.000000
105.000000 141.000000
97.000000 146.000000
99.000000 150.000000
108.000000 147.000000
117.000000 147.000000
128.000000 148.000000
138.000000 151.000000
230.000000 132.000000
218.000000 127.000000
205.000000 126.000000
194.000000 129.000000
181.000000 136.000000
185.000000 142.000000
196.000000 137.000000
207.000000 133.000000
218.000000 132.000000
228.000000 136.000000
140.000000 174.000000
133.000000 167.000000
125.000000 164.000000
116.000000 167.000000
110.000000 173.000000
116.000000 176.000000
125.000000 177.000000
133.000000 175.000000
217.000000 160.000000
210.000000 156.000000
201.000000 155.000000
194.000000 159.000000
187.000000 166.000000
194.000000 166.000000
202.000000 166.000000
211.000000 164.000000
126.000000 170.000000
203.000000 161.000000
150.000000 168.000000
150.000000 180.000000
149.000000 193.000000
146.000000 204.000000
143.000000 217.000000
153.000000 223.000000
168.000000 225.000000
182.000000 219.000000
192.000000 210.000000
186.000000 200.000000
180.000000 188.000000
177.000000 178.000000
174.000000 164.000000
206.000000 239.000000
190.000000 236.000000
178.000000 234.000000
169.000000 237.000000
159.000000 236.000000
149.000000 240.000000
139.000000 245.000000
146.000000 256.000000
155.000000 262.000000
167.000000 265.000000
178.000000 264.000000
190.000000 259.000000
199.000000 250.000000
