179.000000 56.000000
151.000000 62.000000
127.000000 74.000000
107.000000 101.000000
95.000000 134.000000
91.000000 162.000000
92.000000 190.000000
96.000000 219.000000
107.000000 247.000000
127.000000 269.000000
151.000000 285.000000
184.000000 293.000000
216.000000 284.000000
241.000000 265.000000
260.000000 242.000000
268.000000 217.000000
271.000000 188.000000
270.000000 160.000000
266.000000 131.000000
256.000000 101.000000
236.000000 74.000000
210.000000 59.000000
158.000000 129.000000
146.000000 124.000000
133.000000 121.000000
120.000000 121.000000
108.000000 128.000000
110.000000 135.000000
122.000000 132.000000
134.000000 132.000000
146.000000 134.000000
156.000000 137.000000
246.000000 125.000000
234.000000 119.000000
222.000000 119.000000
210.000000 122.000000
198.000000 128.000000
202.000000 135.000000
213.000000 132.000000
224.000000 129.000000
234.000000 129.000000
244.000000 131.000000
153.000000 156.000000
148.000000 149.000000
139.000000 146.000000
131.000000 148.000000
125.000000 152.000000
130.000000 158.000000
138.000000 160.000000
146.000000 159.000000
233.000000 151.000000
225.000000 147.000000
216.000000 145.000000
208.000000 148.000000
202.000000 154.000000
210.000000 157.000000
219.000000 158.000000
227.000000 156.000000
140.000000 153.000000
217.000000 152.000000
165.000000 152.000000
163.000000 167.000000
161.000000 180.000000
158.000000 193.000000
153.000000 206.000000
165.000000 213.000000
179.000000 216.000000
194.000000 212.000000
206.000000 204.000000
200.000000 192.000000
195.000000 180.000000
192.000000 166.000000
189.000000 152.000000
212.000000 234.000000
199.000000 231.000000
189.000000 229.000000
180.000000 233.000000
170.000000 230.000000
160.000000 233.000000
149.000000 236.000000
157.000000 246.000000
165.000000 252.000000
175.000000 256.000000
187.000000 256.000000
197.000000 251.000000
206.000000 243.000000
