239.000000 69.000000
210.000000 58.000000
178.000000 56.000000
145.000000 73.000000
127.000000 96.000000
108.000000 121.000000
94.000000 144.000000
92.000000 190.000000
93.000000 221.000000
102.000000 253.000000
119.000000 280.000000
147.000000 303.000000
182.000000 305.000000
204.000000 286.000000
229.000000 268.000000
252.000000 244.000000
262.000000 226.000000
264.000000 202.000000
285.000000 155.000000
287.000000 134.000000
284.000000 103.000000
269.000000 82.000000
195.000000 130.000000
183.000000 120.000000
171.000000 113.000000
158.000000 109.000000
145.000000 109.000000
145.000000 117.000000
157.000000 118.000000
168.000000 122.000000
179.000000 127.000000
189.000000 136.000000
283.000000 168.000000
274.000000 159.000000
263.000000 155.000000
250.000000 153.000000
237.000000 153.000000
236.000000 160.000000
248.000000 161.000000
260.000000 164.000000
271.000000 168.000000
279.000000 174.000000
182.000000 157.000000
179.000000 146.000000
170.000000 138.000000
159.000000 136.000000
148.000000 138.000000
155.000000 147.000000
162.000000 153.000000
171.000000 155.000000
262.000000 188.000000
257.000000 179.000000
248.000000 174.000000
237.000000 174.000000
229.000000 179.000000
236.000000 184.000000
244.000000 189.000000
253.000000 191.000000
167.000000 145.000000
246.000000 180.000000
198.000000 156.000000
190.000000 174.000000
184.000000 188.000000
170.000000 196.000000
159.000000 205.000000
175.000000 220.000000
188.000000 228.000000
201.000000 231.000000
214.000000 228.000000
217.000000 214.000000
214.000000 198.000000
216.000000 182.000000
220.000000 168.000000
208.000000 254.000000
187.000000 240.000000
196.000000 246.000000
178.000000 241.000000
167.000000 235.000000
154.000000 234.000000
140.000000 233.000000
146.000000 245.000000
152.000000 255.000000
160.000000 263.000000
170.000000 267.000000
181.000000 267.000000
191.000000 263.000000
