200.000000 24.000000
164.000000 29.000000
132.000000 44.000000
106.000000 69.000000
88.000000 101.000000
82.000000 137.000000
84.000000 175.000000
92.000000 209.000000
109.000000 242.000000
131.000000 272.000000
159.000000 297.000000
197.000000 310.000000
232.000000 296.000000
257.000000 268.000000
282.000000 240.000000
295.000000 209.000000
307.000000 178.000000
313.000000 143.000000
308.000000 107.000000
292.000000 74.000000
268.000000 48.000000
236.000000 31.000000
176.000000 108.000000
159.000000 103.000000
142.000000 98.000000
125.000000 98.000000
111.000000 103.000000
113.000000 109.000000
126.000000 106.000000
141.000000 108.000000
157.000000 112.000000
173.000000 117.000000
292.000000 107.000000
277.000000 104.000000
261.000000 106.000000
247.000000 108.000000
232.000000 113.000000
235.000000 120.000000
249.000000 117.000000
262.000000 114.000000
276.000000 112.000000
289.000000 114.000000
173.000000 143.000000
164.000000 130.000000
152.000000 124.000000
138.000000 126.000000
128.000000 133.000000
136.000000 142.000000
149.000000 145.000000
161.000000 145.000000
277.000000 137.000000
267.000000 129.000000
253.000000 127.000000
241.000000 133.000000
236.000000 145.000000
244.000000 147.000000
258.000000 148.000000
270.000000 144.000000
150.000000 134.000000
254.000000 137.000000
189.000000 140.000000
186.000000 159.000000
184.000000 174.000000
181.000000 191.000000
176.000000 207.000000
183.000000 221.000000
201.000000 227.000000
218.000000 222.000000
228.000000 212.000000
224.000000 195.000000
220.000000 178.000000
217.000000 160.000000
217.000000 141.000000
233.000000 253.000000
217.000000 248.000000
208.000000 244.000000
199.000000 249.000000
187.000000 244.000000
174.000000 247.000000
159.000000 249.000000
170.000000 261.000000
181.000000 268.000000
192.000000 272.000000
205.000000 272.000000
216.000000 267.000000
225.000000 260.000000
