174.000000 0.000000
132.000000 0.000000
94.000000 9.000000
63.000000 39.000000
44.000000 78.000000
37.000000 120.000000
44.000000 167.000000
53.000000 211.000000
68.000000 256.000000
92.000000 293.000000
126.000000 323.000000
177.000000 338.000000
226.000000 322.000000
260.000000 291.000000
282.000000 254.000000
295.000000 203.000000
305.000000 166.000000
311.000000 120.000000
304.000000 78.000000
285.000000 40.000000
254.000000 9.000000
216.000000 0.000000
147.000000 89.000000
128.000000 84.000000
110.000000 80.000000
90.000000 78.000000
69.000000 82.000000
72.000000 92.000000
91.000000 91.000000
109.000000 94.000000
127.000000 98.000000
143.000000 103.000000
283.000000 87.000000
267.000000 82.000000
249.000000 81.000000
230.000000 83.000000
210.000000 88.000000
212.000000 101.000000
233.000000 97.000000
250.000000 94.000000
267.000000 93.000000
281.000000 95.000000
139.000000 132.000000
131.000000 119.000000
116.000000 111.000000
100.000000 114.000000
88.000000 122.000000
97.000000 133.000000
112.000000 137.000000
126.000000 136.000000
266.000000 126.000000
254.000000 117.000000
237.000000 115.000000
223.000000 121.000000
211.000000 134.000000
225.000000 139.000000
243.000000 140.000000
258.000000 136.000000
113.000000 123.000000
237.000000 127.000000
158.000000 127.000000
154.000000 152.000000
150.000000 173.000000
145.000000 192.000000
139.000000 213.000000
151.000000 220.000000
171.000000 228.000000
191.000000 223.000000
212.000000 213.000000
205.000000 193.000000
196.000000 172.000000
192.000000 153.000000
193.000000 128.000000
219.000000 257.000000
202.000000 252.000000
188.000000 248.000000
172.000000 253.000000
161.000000 247.000000
145.000000 253.000000
127.000000 258.000000
137.000000 273.000000
149.000000 285.000000
166.000000 292.000000
184.000000 293.000000
200.000000 285.000000
211.000000 273.000000
