171.000000 31.000000
133.000000 37.000000
105.000000 52.000000
86.000000 85.000000
71.000000 115.000000
68.000000 152.000000
69.000000 184.000000
76.000000 217.000000
91.000000 249.000000
112.000000 275.000000
138.000000 290.000000
178.000000 303.000000
213.000000 288.000000
241.000000 271.000000
265.000000 245.000000
276.000000 213.000000
281.000000 179.000000
282.000000 145.000000
276.000000 112.000000
268.000000 70.000000
236.000000 47.000000
204.000000 35.000000
146.000000 113.000000
133.000000 109.000000
119.000000 106.000000
105.000000 105.000000
91.000000 109.000000
92.000000 117.000000
105.000000 116.000000
118.000000 117.000000
132.000000 120.000000
144.000000 124.000000
256.000000 105.000000
241.000000 100.000000
227.000000 101.000000
212.000000 105.000000
198.000000 111.000000
200.000000 122.000000
216.000000 117.000000
229.000000 113.000000
241.000000 111.000000
254.000000 113.000000
139.000000 149.000000
132.000000 140.000000
122.000000 136.000000
111.000000 137.000000
94.000000 143.000000
107.000000 149.000000
120.000000 153.000000
132.000000 152.000000
250.000000 139.000000
232.000000 134.000000
222.000000 134.000000
212.000000 139.000000
206.000000 149.000000
214.000000 149.000000
225.000000 150.000000
235.000000 146.000000
121.000000 143.000000
222.000000 141.000000
155.000000 143.000000
153.000000 161.000000
150.000000 178.000000
146.000000 191.000000
142.000000 207.000000
158.000000 214.000000
176.000000 219.000000
193.000000 213.000000
209.000000 204.000000
203.000000 191.000000
197.000000 176.000000
192.000000 161.000000
189.000000 142.000000
217.000000 238.000000
200.000000 238.000000
187.000000 235.000000
177.000000 239.000000
166.000000 235.000000
152.000000 239.000000
134.000000 240.000000
144.000000 251.000000
155.000000 259.000000
170.000000 263.000000
185.000000 263.000000
198.000000 257.000000
208.000000 249.000000
