184.000000 61.000000
156.000000 65.000000
131.000000 77.000000
111.000000 96.000000
98.000000 121.000000
93.000000 148.000000
93.000000 179.000000
98.000000 208.000000
107.000000 236.000000
126.000000 258.000000
150.000000 274.000000
182.000000 281.000000
212.000000 274.000000
236.000000 257.000000
257.000000 235.000000
265.000000 209.000000
270.000000 180.000000
271.000000 152.000000
267.000000 125.000000
255.000000 100.000000
236.000000 79.000000
211.000000 66.000000
160.000000 121.000000
149.000000 118.000000
138.000000 116.000000
127.000000 117.000000
117.000000 121.000000
118.000000 125.000000
128.000000 122.000000
138.000000 123.000000
148.000000 125.000000
158.000000 127.000000
248.000000 121.000000
237.000000 118.000000
227.000000 118.000000
216.000000 119.000000
206.000000 122.000000
207.000000 128.000000
217.000000 126.000000
227.000000 125.000000
237.000000 124.000000
246.000000 126.000000
158.000000 150.000000
154.000000 143.000000
144.000000 139.000000
135.000000 141.000000
127.000000 145.000000
133.000000 150.000000
142.000000 153.000000
151.000000 152.000000
239.000000 147.000000
232.000000 142.000000
223.000000 140.000000
214.000000 143.000000
208.000000 149.000000
215.000000 152.000000
224.000000 153.000000
233.000000 151.000000
144.000000 145.000000
222.000000 146.000000
171.000000 146.000000
170.000000 158.000000
167.000000 171.000000
163.000000 182.000000
158.000000 194.000000
170.000000 198.000000
183.000000 203.000000
194.000000 199.000000
207.000000 196.000000
203.000000 184.000000
200.000000 174.000000
198.000000 160.000000
197.000000 146.000000
213.000000 225.000000
200.000000 222.000000
192.000000 218.000000
184.000000 221.000000
175.000000 218.000000
164.000000 221.000000
151.000000 224.000000
160.000000 232.000000
168.000000 236.000000
178.000000 239.000000
188.000000 239.000000
197.000000 237.000000
205.000000 232.000000
