183.000000 91.000000
160.000000 93.000000
132.000000 104.000000
115.000000 128.000000
106.000000 155.000000
102.000000 178.000000
103.000000 203.000000
108.000000 227.000000
118.000000 251.000000
133.000000 271.000000
153.000000 286.000000
176.000000 293.000000
198.000000 285.000000
215.000000 269.000000
231.000000 250.000000
242.000000 229.000000
250.000000 205.000000
253.000000 181.000000
249.000000 158.000000
243.000000 136.000000
233.000000 112.000000
212.000000 95.000000
157.000000 161.000000
147.000000 157.000000
138.000000 154.000000
128.000000 151.000000
118.000000 153.000000
119.000000 159.000000
128.000000 159.000000
137.000000 162.000000
146.000000 165.000000
155.000000 167.000000
237.000000 154.000000
226.000000 153.000000
216.000000 157.000000
206.000000 160.000000
198.000000 163.000000
199.000000 169.000000
208.000000 166.000000
217.000000 163.000000
226.000000 160.000000
236.000000 160.000000
159.000000 186.000000
152.000000 178.000000
144.000000 175.000000
134.000000 176.000000
127.000000 181.000000
134.000000 186.000000
142.000000 188.000000
150.000000 187.000000
230.000000 180.000000
222.000000 175.000000
213.000000 175.000000
205.000000 178.000000
199.000000 185.000000
207.000000 187.000000
216.000000 188.000000
226.000000 186.000000
143.000000 181.000000
214.000000 182.000000
169.000000 184.000000
167.000000 196.000000
165.000000 207.000000
160.000000 218.000000
157.000000 227.000000
165.000000 234.000000
179.000000 239.000000
192.000000 237.000000
201.000000 229.000000
199.000000 215.000000
195.000000 207.000000
191.000000 198.000000
189.000000 185.000000
203.000000 250.000000
193.000000 249.000000
185.000000 248.000000
178.000000 250.000000
169.000000 247.000000
159.000000 249.000000
148.000000 250.000000
155.000000 259.000000
163.000000 266.000000
172.000000 271.000000
182.000000 271.000000
191.000000 268.000000
199.000000 260.000000
