140.000000 3.000000
100.000000 8.000000
67.000000 55.000000
59.000000 84.000000
65.000000 114.000000
71.000000 155.000000
75.000000 203.000000
90.000000 236.000000
110.000000 272.000000
129.000000 302.000000
146.000000 321.000000
166.000000 330.000000
208.000000 317.000000
246.000000 292.000000
280.000000 261.000000
291.000000 220.000000
292.000000 181.000000
295.000000 137.000000
283.000000 93.000000
258.000000 45.000000
224.000000 16.000000
179.000000 2.000000
112.000000 121.000000
94.000000 117.000000
78.000000 115.000000
59.000000 118.000000
57.000000 119.000000
57.000000 126.000000
78.000000 127.000000
79.000000 126.000000
94.000000 128.000000
108.000000 131.000000
241.000000 101.000000
223.000000 96.000000
207.000000 98.000000
190.000000 103.000000
172.000000 110.000000
175.000000 120.000000
194.000000 114.000000
209.000000 108.000000
224.000000 105.000000
238.000000 106.000000
113.000000 157.000000
104.000000 148.000000
91.000000 144.000000
79.000000 148.000000
70.000000 155.000000
79.000000 161.000000
92.000000 164.000000
105.000000 161.000000
226.000000 140.000000
214.000000 134.000000
200.000000 134.000000
188.000000 141.000000
179.000000 151.000000
192.000000 153.000000
205.000000 152.000000
217.000000 148.000000
93.000000 153.000000
204.000000 142.000000
127.000000 151.000000
127.000000 172.000000
125.000000 190.000000
121.000000 206.000000
119.000000 224.000000
133.000000 230.000000
151.000000 234.000000
168.000000 227.000000
182.000000 217.000000
175.000000 202.000000
168.000000 186.000000
163.000000 169.000000
160.000000 148.000000
197.000000 261.000000
180.000000 258.000000
166.000000 255.000000
155.000000 260.000000
142.000000 256.000000
130.000000 261.000000
122.000000 267.000000
128.000000 276.000000
139.000000 283.000000
152.000000 288.000000
166.000000 287.000000
178.000000 280.000000
187.000000 272.000000
