184.000000 0.000000
150.000000 0.000000
119.000000 16.000000
95.000000 40.000000
79.000000 70.000000
74.000000 104.000000
75.000000 139.000000
81.000000 174.000000
93.000000 209.000000
107.000000 244.000000
132.000000 273.000000
174.000000 291.000000
215.000000 277.000000
246.000000 252.000000
266.000000 218.000000
279.000000 180.000000
289.000000 143.000000
293.000000 105.000000
287.000000 71.000000
272.000000 41.000000
248.000000 17.000000
218.000000 1.000000
148.000000 71.000000
131.000000 66.000000
116.000000 63.000000
100.000000 66.000000
87.000000 74.000000
90.000000 79.000000
103.000000 74.000000
116.000000 74.000000
130.000000 77.000000
143.000000 81.000000
266.000000 73.000000
252.000000 65.000000
235.000000 63.000000
218.000000 66.000000
201.000000 71.000000
203.000000 81.000000
219.000000 76.000000
236.000000 73.000000
250.000000 73.000000
262.000000 78.000000
143.000000 115.000000
136.000000 104.000000
124.000000 99.000000
112.000000 102.000000
103.000000 110.000000
112.000000 117.000000
123.000000 120.000000
134.000000 119.000000
252.000000 110.000000
241.000000 102.000000
228.000000 99.000000
215.000000 103.000000
206.000000 114.000000
217.000000 119.000000
230.000000 120.000000
243.000000 116.000000
126.000000 109.000000
227.000000 110.000000
157.000000 111.000000
154.000000 131.000000
151.000000 148.000000
146.000000 164.000000
139.000000 182.000000
152.000000 193.000000
172.000000 200.000000
191.000000 194.000000
204.000000 182.000000
199.000000 165.000000
194.000000 147.000000
191.000000 132.000000
190.000000 111.000000
205.000000 227.000000
194.000000 225.000000
183.000000 217.000000
172.000000 221.000000
162.000000 217.000000
152.000000 220.000000
137.000000 227.000000
147.000000 235.000000
153.000000 240.000000
166.000000 246.000000
180.000000 246.000000
192.000000 241.000000
200.000000 234.000000
