174.000000 40.000000
138.000000 45.000000
112.000000 45.000000
80.000000 84.000000
67.000000 128.000000
69.000000 162.000000
74.000000 196.000000
83.000000 226.000000
95.000000 260.000000
112.000000 285.000000
137.000000 309.000000
171.000000 322.000000
209.000000 308.000000
239.000000 284.000000
264.000000 257.000000
274.000000 222.000000
277.000000 190.000000
279.000000 155.000000
278.000000 122.000000
259.000000 83.000000
232.000000 51.000000
203.000000 39.000000
137.000000 126.000000
124.000000 121.000000
110.000000 117.000000
97.000000 117.000000
86.000000 122.000000
87.000000 129.000000
99.000000 127.000000
111.000000 129.000000
122.000000 132.000000
134.000000 136.000000
252.000000 124.000000
239.000000 117.000000
224.000000 116.000000
209.000000 118.000000
193.000000 123.000000
196.000000 134.000000
211.000000 130.000000
225.000000 127.000000
238.000000 126.000000
249.000000 129.000000
141.000000 166.000000
134.000000 154.000000
122.000000 146.000000
109.000000 148.000000
93.000000 156.000000
108.000000 164.000000
119.000000 167.000000
131.000000 167.000000
241.000000 156.000000
227.000000 149.000000
214.000000 147.000000
203.000000 153.000000
194.000000 163.000000
206.000000 166.000000
218.000000 168.000000
229.000000 164.000000
121.000000 156.000000
215.000000 157.000000
152.000000 159.000000
151.000000 178.000000
148.000000 194.000000
143.000000 211.000000
138.000000 228.000000
149.000000 236.000000
165.000000 242.000000
182.000000 235.000000
194.000000 226.000000
188.000000 210.000000
183.000000 193.000000
180.000000 177.000000
178.000000 158.000000
208.000000 255.000000
190.000000 255.000000
177.000000 254.000000
167.000000 258.000000
156.000000 255.000000
144.000000 257.000000
131.000000 258.000000
141.000000 269.000000
150.000000 277.000000
163.000000 282.000000
176.000000 281.000000
188.000000 275.000000
198.000000 267.000000
