193.000000 0.000000
148.000000 9.000000
115.000000 30.000000
96.000000 62.000000
80.000000 96.000000
75.000000 134.000000
82.000000 175.000000
93.000000 216.000000
110.000000 255.000000
136.000000 287.000000
166.000000 313.000000
211.000000 327.000000
248.000000 311.000000
280.000000 281.000000
303.000000 248.000000
312.000000 210.000000
316.000000 169.000000
319.000000 127.000000
312.000000 89.000000
294.000000 56.000000
266.000000 30.000000
233.000000 3.000000
172.000000 102.000000
154.000000 96.000000
135.000000 92.000000
117.000000 91.000000
101.000000 99.000000
105.000000 107.000000
119.000000 103.000000
135.000000 104.000000
151.000000 107.000000
167.000000 112.000000
294.000000 94.000000
280.000000 89.000000
263.000000 90.000000
247.000000 94.000000
231.000000 100.000000
233.000000 109.000000
250.000000 104.000000
264.000000 100.000000
279.000000 99.000000
291.000000 102.000000
169.000000 140.000000
160.000000 128.000000
147.000000 123.000000
133.000000 125.000000
123.000000 133.000000
130.000000 141.000000
145.000000 144.000000
159.000000 143.000000
279.000000 130.000000
268.000000 124.000000
254.000000 123.000000
241.000000 128.000000
230.000000 139.000000
244.000000 142.000000
258.000000 142.000000
270.000000 138.000000
144.000000 132.000000
256.000000 131.000000
184.000000 138.000000
182.000000 159.000000
178.000000 177.000000
172.000000 195.000000
171.000000 215.000000
186.000000 225.000000
203.000000 230.000000
220.000000 223.000000
235.000000 213.000000
232.000000 195.000000
226.000000 178.000000
219.000000 156.000000
216.000000 137.000000
242.000000 259.000000
227.000000 254.000000
214.000000 251.000000
204.000000 256.000000
193.000000 251.000000
179.000000 256.000000
164.000000 261.000000
173.000000 274.000000
184.000000 283.000000
199.000000 288.000000
214.000000 288.000000
226.000000 279.000000
236.000000 270.000000
