179.000000 66.000000
148.000000 60.000000
119.000000 71.000000
99.000000 109.000000
90.000000 134.000000
85.000000 162.000000
86.000000 194.000000
93.000000 224.000000
103.000000 252.000000
120.000000 275.000000
144.000000 293.000000
179.000000 303.000000
209.000000 294.000000
233.000000 277.000000
250.000000 255.000000
257.000000 227.000000
268.000000 198.000000
272.000000 167.000000
265.000000 140.000000
253.000000 97.000000
231.000000 78.000000
208.000000 69.000000
157.000000 145.000000
145.000000 140.000000
133.000000 137.000000
120.000000 135.000000
108.000000 140.000000
110.000000 146.000000
121.000000 144.000000
132.000000 146.000000
143.000000 149.000000
154.000000 152.000000
251.000000 143.000000
239.000000 140.000000
227.000000 141.000000
214.000000 143.000000
202.000000 148.000000
205.000000 155.000000
216.000000 152.000000
228.000000 149.000000
239.000000 148.000000
249.000000 149.000000
156.000000 172.000000
149.000000 163.000000
139.000000 159.000000
129.000000 160.000000
114.000000 164.000000
127.000000 172.000000
136.000000 175.000000
146.000000 174.000000
244.000000 168.000000
231.000000 161.000000
221.000000 160.000000
212.000000 164.000000
205.000000 171.000000
213.000000 174.000000
224.000000 176.000000
234.000000 173.000000
137.000000 166.000000
222.000000 167.000000
168.000000 169.000000
167.000000 182.000000
164.000000 194.000000
161.000000 207.000000
155.000000 220.000000
164.000000 230.000000
179.000000 235.000000
193.000000 230.000000
203.000000 222.000000
199.000000 209.000000
196.000000 195.000000
194.000000 185.000000
193.000000 169.000000
209.000000 253.000000
197.000000 251.000000
187.000000 248.000000
179.000000 252.000000
169.000000 249.000000
158.000000 252.000000
146.000000 255.000000
154.000000 264.000000
163.000000 270.000000
173.000000 272.000000
185.000000 272.000000
194.000000 268.000000
201.000000 262.000000
