182.000000 67.000000
156.000000 69.000000
122.000000 80.000000
93.000000 102.000000
79.000000 154.000000
79.000000 185.000000
82.000000 218.000000
89.000000 250.000000
99.000000 280.000000
118.000000 304.000000
139.000000 325.000000
171.000000 336.000000
204.000000 327.000000
233.000000 309.000000
258.000000 285.000000
271.000000 256.000000
278.000000 222.000000
286.000000 185.000000
286.000000 156.000000
266.000000 126.000000
244.000000 91.000000
216.000000 78.000000
147.000000 158.000000
134.000000 152.000000
120.000000 148.000000
106.000000 148.000000
95.000000 153.000000
98.000000 160.000000
108.000000 157.000000
120.000000 158.000000
133.000000 162.000000
144.000000 165.000000
254.000000 160.000000
242.000000 154.000000
229.000000 153.000000
215.000000 154.000000
202.000000 158.000000
203.000000 166.000000
217.000000 164.000000
230.000000 162.000000
242.000000 163.000000
251.000000 165.000000
148.000000 189.000000
141.000000 180.000000
131.000000 175.000000
120.000000 176.000000
111.000000 181.000000
118.000000 188.000000
128.000000 191.000000
138.000000 191.000000
237.000000 186.000000
228.000000 180.000000
217.000000 179.000000
207.000000 183.000000
199.000000 190.000000
209.000000 192.000000
220.000000 194.000000
230.000000 192.000000
131.000000 182.000000
218.000000 186.000000
158.000000 187.000000
155.000000 203.000000
151.000000 217.000000
146.000000 231.000000
142.000000 246.000000
153.000000 253.000000
168.000000 258.000000
184.000000 253.000000
196.000000 247.000000
193.000000 234.000000
190.000000 220.000000
187.000000 204.000000
186.000000 188.000000
209.000000 276.000000
192.000000 274.000000
179.000000 272.000000
169.000000 275.000000
161.000000 272.000000
148.000000 274.000000
133.000000 275.000000
144.000000 288.000000
153.000000 295.000000
164.000000 299.000000
176.000000 299.000000
188.000000 294.000000
198.000000 287.000000
