171.000000 59.000000
140.000000 63.000000
113.000000 80.000000
94.000000 112.000000
81.000000 139.000000
77.000000 168.000000
79.000000 201.000000
86.000000 232.000000
95.000000 262.000000
115.000000 285.000000
141.000000 299.000000
174.000000 305.000000
206.000000 297.000000
232.000000 281.000000
252.000000 257.000000
261.000000 227.000000
266.000000 195.000000
266.000000 164.000000
261.000000 135.000000
247.000000 109.000000
232.000000 84.000000
199.000000 63.000000
145.000000 139.000000
132.000000 136.000000
120.000000 134.000000
108.000000 136.000000
96.000000 142.000000
99.000000 149.000000
110.000000 145.000000
121.000000 145.000000
132.000000 146.000000
143.000000 147.000000
241.000000 139.000000
229.000000 134.000000
217.000000 132.000000
205.000000 133.000000
193.000000 137.000000
195.000000 146.000000
207.000000 143.000000
218.000000 142.000000
229.000000 142.000000
239.000000 145.000000
143.000000 170.000000
137.000000 163.000000
127.000000 160.000000
117.000000 161.000000
110.000000 166.000000
116.000000 171.000000
126.000000 174.000000
136.000000 173.000000
228.000000 164.000000
220.000000 159.000000
212.000000 158.000000
203.000000 161.000000
197.000000 168.000000
205.000000 171.000000
214.000000 172.000000
224.000000 169.000000
127.000000 166.000000
212.000000 164.000000
156.000000 164.000000
155.000000 179.000000
153.000000 192.000000
149.000000 205.000000
143.000000 218.000000
156.000000 225.000000
171.000000 228.000000
186.000000 224.000000
198.000000 217.000000
193.000000 204.000000
188.000000 192.000000
184.000000 178.000000
183.000000 164.000000
202.000000 255.000000
191.000000 247.000000
182.000000 243.000000
173.000000 246.000000
163.000000 244.000000
153.000000 248.000000
143.000000 256.000000
149.000000 260.000000
158.000000 264.000000
167.000000 267.000000
179.000000 266.000000
188.000000 263.000000
196.000000 258.000000
