175.000000 59.000000
147.000000 66.000000
123.000000 85.000000
102.000000 107.000000
93.000000 134.000000
89.000000 162.000000
90.000000 191.000000
96.000000 219.000000
106.000000 246.000000
125.000000 268.000000
149.000000 285.000000
179.000000 293.000000
212.000000 284.000000
237.000000 265.000000
255.000000 241.000000
264.000000 215.000000
269.000000 186.000000
269.000000 159.000000
264.000000 131.000000
255.000000 106.000000
237.000000 80.000000
209.000000 64.000000
156.000000 130.000000
145.000000 126.000000
134.000000 124.000000
123.000000 123.000000
114.000000 127.000000
114.000000 133.000000
124.000000 131.000000
134.000000 133.000000
145.000000 135.000000
155.000000 138.000000
250.000000 127.000000
239.000000 122.000000
226.000000 121.000000
215.000000 124.000000
203.000000 128.000000
205.000000 136.000000
217.000000 132.000000
228.000000 129.000000
239.000000 129.000000
248.000000 132.000000
154.000000 160.000000
148.000000 153.000000
138.000000 149.000000
129.000000 151.000000
122.000000 157.000000
128.000000 161.000000
138.000000 163.000000
147.000000 162.000000
235.000000 155.000000
227.000000 150.000000
218.000000 149.000000
211.000000 153.000000
205.000000 159.000000
212.000000 161.000000
221.000000 162.000000
229.000000 160.000000
139.000000 155.000000
219.000000 155.000000
167.000000 154.000000
166.000000 168.000000
164.000000 181.000000
160.000000 194.000000
154.000000 207.000000
165.000000 214.000000
180.000000 218.000000
194.000000 214.000000
205.000000 206.000000
201.000000 194.000000
196.000000 181.000000
193.000000 168.000000
193.000000 154.000000
210.000000 239.000000
197.000000 235.000000
188.000000 231.000000
180.000000 234.000000
171.000000 231.000000
160.000000 235.000000
148.000000 239.000000
156.000000 247.000000
164.000000 253.000000
174.000000 256.000000
185.000000 256.000000
196.000000 253.000000
204.000000 247.000000
