170.000000 57.000000
136.000000 67.000000
109.000000 84.000000
85.000000 120.000000
72.000000 151.000000
67.000000 181.000000
68.000000 214.000000
74.000000 245.000000
86.000000 272.000000
103.000000 297.000000
126.000000 316.000000
158.000000 326.000000
192.000000 319.000000
220.000000 300.000000
242.000000 277.000000
255.000000 249.000000
263.000000 218.000000
266.000000 185.000000
261.000000 154.000000
248.000000 126.000000
222.000000 83.000000
200.000000 61.000000
136.000000 151.000000
122.000000 146.000000
109.000000 142.000000
95.000000 143.000000
82.000000 149.000000
84.000000 155.000000
96.000000 152.000000
108.000000 152.000000
121.000000 155.000000
132.000000 158.000000
238.000000 152.000000
226.000000 147.000000
213.000000 145.000000
198.000000 146.000000
184.000000 150.000000
186.000000 159.000000
200.000000 156.000000
213.000000 154.000000
225.000000 155.000000
235.000000 158.000000
131.000000 186.000000
125.000000 176.000000
114.000000 171.000000
103.000000 172.000000
94.000000 178.000000
103.000000 185.000000
112.000000 188.000000
122.000000 188.000000
224.000000 181.000000
216.000000 175.000000
205.000000 172.000000
194.000000 177.000000
186.000000 185.000000
196.000000 189.000000
207.000000 190.000000
218.000000 187.000000
115.000000 179.000000
204.000000 181.000000
144.000000 180.000000
141.000000 197.000000
138.000000 212.000000
132.000000 226.000000
127.000000 243.000000
139.000000 251.000000
155.000000 256.000000
170.000000 251.000000
184.000000 244.000000
180.000000 229.000000
176.000000 214.000000
173.000000 198.000000
172.000000 181.000000
189.000000 279.000000
176.000000 274.000000
165.000000 269.000000
155.000000 272.000000
145.000000 269.000000
135.000000 272.000000
124.000000 274.000000
132.000000 285.000000
140.000000 290.000000
150.000000 294.000000
162.000000 294.000000
173.000000 291.000000
182.000000 286.000000
