178.000000 39.000000
144.000000 47.000000
116.000000 66.000000
98.000000 93.000000
88.000000 123.000000
90.000000 150.000000
92.000000 182.000000
97.000000 211.000000
105.000000 237.000000
122.000000 259.000000
146.000000 276.000000
181.000000 283.000000
212.000000 275.000000
237.000000 257.000000
254.000000 233.000000
260.000000 204.000000
265.000000 177.000000
266.000000 147.000000
263.000000 119.000000
258.000000 85.000000
240.000000 59.000000
210.000000 45.000000
158.000000 115.000000
144.000000 112.000000
133.000000 111.000000
122.000000 112.000000
111.000000 116.000000
113.000000 124.000000
124.000000 122.000000
134.000000 121.000000
144.000000 121.000000
155.000000 124.000000
248.000000 114.000000
238.000000 110.000000
228.000000 110.000000
216.000000 112.000000
205.000000 116.000000
207.000000 124.000000
218.000000 121.000000
229.000000 119.000000
238.000000 118.000000
247.000000 121.000000
157.000000 147.000000
151.000000 139.000000
141.000000 137.000000
132.000000 138.000000
124.000000 144.000000
131.000000 149.000000
140.000000 152.000000
149.000000 151.000000
238.000000 144.000000
230.000000 139.000000
220.000000 137.000000
211.000000 140.000000
203.000000 147.000000
212.000000 151.000000
222.000000 152.000000
232.000000 149.000000
140.000000 143.000000
220.000000 144.000000
169.000000 142.000000
166.000000 156.000000
162.000000 169.000000
156.000000 181.000000
154.000000 195.000000
167.000000 201.000000
181.000000 204.000000
196.000000 201.000000
209.000000 194.000000
205.000000 181.000000
200.000000 169.000000
196.000000 156.000000
194.000000 142.000000
212.000000 229.000000
201.000000 224.000000
191.000000 220.000000
182.000000 222.000000
170.000000 219.000000
159.000000 224.000000
147.000000 229.000000
155.000000 237.000000
164.000000 243.000000
175.000000 247.000000
187.000000 247.000000
197.000000 243.000000
205.000000 236.000000
