162.000000 80.000000
134.000000 90.000000
111.000000 104.000000
87.000000 127.000000
84.000000 154.000000
85.000000 181.000000
87.000000 209.000000
93.000000 235.000000
103.000000 259.000000
123.000000 279.000000
147.000000 294.000000
177.000000 302.000000
205.000000 293.000000
228.000000 277.000000
248.000000 257.000000
256.000000 232.000000
260.000000 204.000000
262.000000 176.000000
257.000000 148.000000
248.000000 120.000000
227.000000 82.000000
197.000000 75.000000
150.000000 142.000000
136.000000 138.000000
122.000000 136.000000
109.000000 138.000000
99.000000 145.000000
102.000000 154.000000
112.000000 149.000000
123.000000 147.000000
135.000000 148.000000
147.000000 151.000000
239.000000 141.000000
229.000000 134.000000
216.000000 132.000000
204.000000 135.000000
192.000000 140.000000
195.000000 148.000000
207.000000 145.000000
217.000000 143.000000
228.000000 144.000000
237.000000 148.000000
150.000000 171.000000
143.000000 164.000000
133.000000 160.000000
123.000000 162.000000
116.000000 167.000000
122.000000 173.000000
132.000000 174.000000
142.000000 174.000000
228.000000 165.000000
221.000000 159.000000
211.000000 158.000000
201.000000 162.000000
195.000000 169.000000
204.000000 172.000000
213.000000 172.000000
222.000000 169.000000
132.000000 167.000000
211.000000 165.000000
161.000000 168.000000
159.000000 182.000000
156.000000 195.000000
151.000000 208.000000
147.000000 221.000000
159.000000 228.000000
174.000000 231.000000
189.000000 227.000000
201.000000 217.000000
196.000000 206.000000
190.000000 195.000000
185.000000 181.000000
182.000000 167.000000
205.000000 250.000000
194.000000 246.000000
183.000000 244.000000
175.000000 247.000000
166.000000 245.000000
156.000000 249.000000
144.000000 254.000000
154.000000 260.000000
162.000000 265.000000
171.000000 268.000000
181.000000 267.000000
190.000000 263.000000
198.000000 257.000000
