174.000000 3.000000
138.000000 3.000000
95.000000 22.000000
74.000000 63.000000
70.000000 100.000000
66.000000 135.000000
72.000000 172.000000
80.000000 208.000000
94.000000 243.000000
117.000000 272.000000
140.000000 296.000000
186.000000 313.000000
231.000000 291.000000
263.000000 262.000000
277.000000 230.000000
287.000000 196.000000
297.000000 158.000000
300.000000 122.000000
284.000000 87.000000
284.000000 46.000000
254.000000 17.000000
220.000000 2.000000
147.000000 99.000000
132.000000 93.000000
118.000000 89.000000
103.000000 88.000000
89.000000 92.000000
90.000000 99.000000
103.000000 98.000000
117.000000 100.000000
132.000000 104.000000
144.000000 107.000000
262.000000 86.000000
248.000000 82.000000
232.000000 83.000000
217.000000 88.000000
203.000000 95.000000
206.000000 103.000000
220.000000 99.000000
234.000000 94.000000
248.000000 91.000000
260.000000 92.000000
148.000000 134.000000
140.000000 124.000000
126.000000 118.000000
113.000000 120.000000
94.000000 124.000000
113.000000 135.000000
125.000000 138.000000
136.000000 136.000000
256.000000 122.000000
241.000000 115.000000
229.000000 114.000000
218.000000 120.000000
210.000000 132.000000
221.000000 132.000000
234.000000 133.000000
246.000000 130.000000
125.000000 127.000000
229.000000 123.000000
161.000000 126.000000
161.000000 143.000000
159.000000 159.000000
159.000000 175.000000
151.000000 195.000000
162.000000 215.000000
181.000000 217.000000
198.000000 213.000000
208.000000 196.000000
206.000000 173.000000
199.000000 158.000000
196.000000 142.000000
193.000000 124.000000
213.000000 254.000000
203.000000 233.000000
193.000000 234.000000
181.000000 240.000000
169.000000 236.000000
156.000000 237.000000
144.000000 246.000000
152.000000 260.000000
161.000000 266.000000
179.000000 268.000000
194.000000 265.000000
205.000000 261.000000
220.000000 242.000000
