183.000000 0.000000
118.000000 1.000000
101.000000 17.000000
85.000000 46.000000
69.000000 80.000000
63.000000 117.000000
68.000000 158.000000
77.000000 196.000000
90.000000 236.000000
113.000000 271.000000
144.000000 295.000000
191.000000 305.000000
232.000000 291.000000
266.000000 263.000000
287.000000 229.000000
296.000000 192.000000
302.000000 154.000000
305.000000 115.000000
299.000000 78.000000
281.000000 44.000000
257.000000 16.000000
223.000000 1.000000
154.000000 78.000000
139.000000 71.000000
123.000000 67.000000
106.000000 67.000000
90.000000 73.000000
91.000000 81.000000
108.000000 78.000000
123.000000 79.000000
137.000000 83.000000
150.000000 87.000000
275.000000 75.000000
261.000000 70.000000
244.000000 69.000000
228.000000 73.000000
214.000000 78.000000
217.000000 87.000000
231.000000 83.000000
246.000000 80.000000
260.000000 79.000000
272.000000 81.000000
152.000000 124.000000
144.000000 112.000000
130.000000 106.000000
116.000000 106.000000
104.000000 114.000000
112.000000 123.000000
126.000000 127.000000
139.000000 126.000000
262.000000 111.000000
252.000000 104.000000
239.000000 103.000000
226.000000 110.000000
217.000000 120.000000
229.000000 124.000000
244.000000 125.000000
257.000000 120.000000
127.000000 116.000000
239.000000 114.000000
167.000000 118.000000
166.000000 139.000000
162.000000 158.000000
157.000000 178.000000
150.000000 197.000000
165.000000 207.000000
186.000000 212.000000
207.000000 205.000000
222.000000 195.000000
214.000000 176.000000
209.000000 157.000000
205.000000 138.000000
201.000000 117.000000
229.000000 233.000000
213.000000 231.000000
199.000000 229.000000
187.000000 232.000000
173.000000 230.000000
159.000000 234.000000
146.000000 238.000000
156.000000 249.000000
167.000000 256.000000
180.000000 260.000000
196.000000 259.000000
207.000000 254.000000
217.000000 246.000000
