187.000000 59.000000
152.000000 64.000000
128.000000 78.000000
117.000000 106.000000
105.000000 131.000000
101.000000 157.000000
102.000000 183.000000
106.000000 210.000000
113.000000 238.000000
127.000000 263.000000
148.000000 284.000000
182.000000 296.000000
216.000000 284.000000
242.000000 262.000000
259.000000 237.000000
267.000000 210.000000
272.000000 183.000000
274.000000 156.000000
269.000000 129.000000
257.000000 105.000000
244.000000 81.000000
221.000000 66.000000
158.000000 128.000000
146.000000 124.000000
135.000000 122.000000
124.000000 122.000000
114.000000 128.000000
116.000000 134.000000
126.000000 132.000000
136.000000 132.000000
146.000000 134.000000
156.000000 136.000000
247.000000 127.000000
237.000000 122.000000
225.000000 122.000000
213.000000 124.000000
201.000000 128.000000
203.000000 136.000000
215.000000 133.000000
227.000000 131.000000
237.000000 130.000000
246.000000 132.000000
159.000000 160.000000
152.000000 152.000000
143.000000 148.000000
133.000000 149.000000
125.000000 155.000000
132.000000 160.000000
140.000000 162.000000
148.000000 162.000000
237.000000 153.000000
229.000000 148.000000
219.000000 147.000000
210.000000 150.000000
202.000000 158.000000
211.000000 160.000000
222.000000 161.000000
232.000000 158.000000
142.000000 155.000000
220.000000 154.000000
168.000000 156.000000
167.000000 169.000000
164.000000 182.000000
160.000000 195.000000
154.000000 208.000000
165.000000 214.000000
179.000000 218.000000
194.000000 214.000000
205.000000 206.000000
198.000000 194.000000
194.000000 181.000000
194.000000 171.000000
191.000000 156.000000
213.000000 237.000000
201.000000 233.000000
189.000000 230.000000
180.000000 232.000000
171.000000 230.000000
160.000000 233.000000
149.000000 237.000000
154.000000 247.000000
163.000000 256.000000
174.000000 260.000000
187.000000 261.000000
197.000000 256.000000
207.000000 248.000000
