169.000000 72.000000
125.000000 79.000000
101.000000 95.000000
85.000000 125.000000
88.000000 151.000000
83.000000 178.000000
89.000000 205.000000
95.000000 232.000000
103.000000 260.000000
117.000000 283.000000
138.000000 303.000000
172.000000 313.000000
204.000000 304.000000
231.000000 286.000000
249.000000 260.000000
254.000000 233.000000
258.000000 206.000000
262.000000 177.000000
257.000000 150.000000
245.000000 125.000000
236.000000 95.000000
211.000000 78.000000
143.000000 152.000000
130.000000 149.000000
119.000000 147.000000
107.000000 146.000000
97.000000 151.000000
98.000000 156.000000
109.000000 154.000000
119.000000 155.000000
130.000000 157.000000
141.000000 161.000000
236.000000 147.000000
225.000000 143.000000
213.000000 143.000000
201.000000 145.000000
188.000000 149.000000
189.000000 157.000000
202.000000 153.000000
214.000000 150.000000
225.000000 149.000000
234.000000 151.000000
143.000000 180.000000
137.000000 172.000000
128.000000 167.000000
117.000000 169.000000
110.000000 174.000000
116.000000 180.000000
126.000000 183.000000
135.000000 182.000000
225.000000 173.000000
217.000000 167.000000
206.000000 166.000000
196.000000 171.000000
189.000000 179.000000
199.000000 181.000000
210.000000 182.000000
219.000000 179.000000
128.000000 174.000000
208.000000 173.000000
153.000000 176.000000
151.000000 190.000000
149.000000 204.000000
145.000000 216.000000
142.000000 229.000000
152.000000 236.000000
166.000000 241.000000
180.000000 236.000000
190.000000 228.000000
186.000000 216.000000
182.000000 203.000000
179.000000 190.000000
177.000000 176.000000
199.000000 257.000000
187.000000 255.000000
176.000000 253.000000
167.000000 256.000000
159.000000 253.000000
149.000000 256.000000
137.000000 257.000000
146.000000 266.000000
154.000000 272.000000
164.000000 277.000000
175.000000 277.000000
184.000000 272.000000
192.000000 266.000000
