175.000000 56.000000
148.000000 62.000000
124.000000 76.000000
106.000000 97.000000
95.000000 122.000000
92.000000 149.000000
98.000000 180.000000
106.000000 209.000000
116.000000 237.000000
135.000000 258.000000
160.000000 271.000000
191.000000 277.000000
222.000000 266.000000
244.000000 249.000000
257.000000 225.000000
262.000000 197.000000
266.000000 170.000000
268.000000 139.000000
262.000000 112.000000
248.000000 88.000000
227.000000 70.000000
202.000000 59.000000
160.000000 124.000000
148.000000 121.000000
136.000000 120.000000
124.000000 120.000000
113.000000 126.000000
115.000000 132.000000
126.000000 129.000000
137.000000 129.000000
148.000000 131.000000
159.000000 133.000000
250.000000 120.000000
240.000000 114.000000
228.000000 114.000000
217.000000 117.000000
206.000000 121.000000
208.000000 130.000000
219.000000 126.000000
229.000000 123.000000
240.000000 123.000000
248.000000 126.000000
161.000000 155.000000
156.000000 148.000000
146.000000 144.000000
137.000000 146.000000
129.000000 151.000000
134.000000 156.000000
144.000000 158.000000
154.000000 158.000000
235.000000 146.000000
228.000000 141.000000
219.000000 142.000000
211.000000 146.000000
206.000000 153.000000
214.000000 155.000000
223.000000 155.000000
231.000000 152.000000
146.000000 151.000000
221.000000 148.000000
172.000000 151.000000
173.000000 165.000000
172.000000 178.000000
169.000000 191.000000
165.000000 204.000000
176.000000 210.000000
188.000000 214.000000
201.000000 209.000000
210.000000 201.000000
205.000000 189.000000
200.000000 176.000000
197.000000 163.000000
195.000000 149.000000
216.000000 231.000000
205.000000 228.000000
197.000000 227.000000
190.000000 229.000000
182.000000 228.000000
172.000000 231.000000
161.000000 233.000000
169.000000 240.000000
177.000000 244.000000
186.000000 247.000000
195.000000 247.000000
202.000000 243.000000
208.000000 239.000000
