177.000000 36.000000
141.000000 45.000000
112.000000 75.000000
100.000000 97.000000
88.000000 120.000000
85.000000 150.000000
80.000000 180.000000
88.000000 207.000000
97.000000 231.000000
109.000000 265.000000
131.000000 292.000000
162.000000 310.000000
198.000000 299.000000
221.000000 279.000000
236.000000 253.000000
249.000000 224.000000
258.000000 194.000000
263.000000 161.000000
259.000000 131.000000
247.000000 103.000000
235.000000 72.000000
214.000000 51.000000
149.000000 124.000000
135.000000 120.000000
121.000000 118.000000
107.000000 119.000000
94.000000 126.000000
97.000000 132.000000
109.000000 129.000000
122.000000 128.000000
134.000000 130.000000
146.000000 134.000000
250.000000 132.000000
238.000000 126.000000
225.000000 124.000000
212.000000 125.000000
199.000000 129.000000
202.000000 138.000000
214.000000 135.000000
225.000000 134.000000
237.000000 135.000000
247.000000 139.000000
146.000000 164.000000
140.000000 154.000000
130.000000 147.000000
118.000000 149.000000
109.000000 155.000000
115.000000 163.000000
125.000000 166.000000
136.000000 166.000000
235.000000 162.000000
227.000000 154.000000
216.000000 153.000000
205.000000 157.000000
197.000000 167.000000
207.000000 170.000000
218.000000 171.000000
229.000000 168.000000
127.000000 155.000000
216.000000 161.000000
158.000000 160.000000
154.000000 176.000000
151.000000 190.000000
145.000000 203.000000
140.000000 219.000000
151.000000 230.000000
166.000000 235.000000
183.000000 233.000000
197.000000 222.000000
194.000000 207.000000
190.000000 192.000000
187.000000 178.000000
186.000000 162.000000
200.000000 262.000000
185.000000 257.000000
173.000000 253.000000
165.000000 255.000000
156.000000 252.000000
146.000000 257.000000
133.000000 261.000000
138.000000 268.000000
147.000000 277.000000
158.000000 283.000000
170.000000 284.000000
184.000000 281.000000
196.000000 273.000000
