179.000000 2.000000
133.000000 1.000000
97.000000 20.000000
74.000000 52.000000
62.000000 91.000000
56.000000 128.000000
61.000000 172.000000
70.000000 212.000000
86.000000 252.000000
112.000000 284.000000
143.000000 310.000000
184.000000 323.000000
224.000000 307.000000
252.000000 279.000000
273.000000 246.000000
291.000000 214.000000
301.000000 171.000000
306.000000 130.000000
304.000000 84.000000
290.000000 50.000000
269.000000 12.000000
235.000000 3.000000
159.000000 106.000000
142.000000 99.000000
124.000000 94.000000
106.000000 92.000000
87.000000 95.000000
89.000000 104.000000
106.000000 103.000000
123.000000 105.000000
140.000000 109.000000
155.000000 115.000000
279.000000 94.000000
264.000000 91.000000
248.000000 95.000000
233.000000 100.000000
217.000000 106.000000
220.000000 114.000000
235.000000 110.000000
250.000000 105.000000
264.000000 102.000000
278.000000 102.000000
154.000000 139.000000
146.000000 125.000000
130.000000 118.000000
114.000000 120.000000
102.000000 128.000000
112.000000 138.000000
126.000000 143.000000
140.000000 142.000000
268.000000 129.000000
257.000000 121.000000
241.000000 119.000000
227.000000 126.000000
218.000000 138.000000
231.000000 142.000000
247.000000 143.000000
260.000000 139.000000
127.000000 129.000000
242.000000 130.000000
172.000000 135.000000
168.000000 156.000000
164.000000 176.000000
157.000000 194.000000
153.000000 211.000000
168.000000 222.000000
185.000000 229.000000
205.000000 222.000000
220.000000 210.000000
214.000000 193.000000
208.000000 176.000000
204.000000 156.000000
201.000000 135.000000
228.000000 247.000000
211.000000 246.000000
197.000000 245.000000
185.000000 250.000000
172.000000 245.000000
156.000000 248.000000
139.000000 248.000000
152.000000 262.000000
164.000000 271.000000
178.000000 276.000000
192.000000 276.000000
205.000000 269.000000
216.000000 261.000000
