180.000000 92.000000
155.000000 96.000000
132.000000 107.000000
113.000000 125.000000
101.000000 148.000000
96.000000 173.000000
100.000000 199.000000
105.000000 224.000000
115.000000 247.000000
131.000000 265.000000
151.000000 282.000000
175.000000 290.000000
204.000000 281.000000
223.000000 265.000000
239.000000 248.000000
249.000000 227.000000
256.000000 203.000000
261.000000 177.000000
258.000000 151.000000
247.000000 128.000000
229.000000 109.000000
206.000000 97.000000
159.000000 149.000000
148.000000 146.000000
137.000000 144.000000
127.000000 144.000000
118.000000 146.000000
119.000000 149.000000
127.000000 148.000000
137.000000 149.000000
147.000000 152.000000
157.000000 155.000000
241.000000 147.000000
232.000000 144.000000
222.000000 144.000000
211.000000 146.000000
199.000000 150.000000
201.000000 155.000000
212.000000 153.000000
222.000000 149.000000
231.000000 148.000000
239.000000 150.000000
156.000000 173.000000
150.000000 164.000000
141.000000 160.000000
132.000000 162.000000
126.000000 167.000000
132.000000 172.000000
140.000000 175.000000
148.000000 175.000000
230.000000 170.000000
224.000000 163.000000
215.000000 161.000000
207.000000 165.000000
201.000000 173.000000
209.000000 176.000000
217.000000 177.000000
226.000000 175.000000
140.000000 167.000000
215.000000 169.000000
167.000000 169.000000
166.000000 181.000000
163.000000 193.000000
158.000000 204.000000
154.000000 215.000000
163.000000 222.000000
176.000000 227.000000
191.000000 224.000000
200.000000 216.000000
196.000000 205.000000
192.000000 194.000000
190.000000 182.000000
189.000000 169.000000
206.000000 243.000000
194.000000 241.000000
184.000000 238.000000
176.000000 240.000000
168.000000 238.000000
158.000000 240.000000
147.000000 241.000000
153.000000 250.000000
160.000000 256.000000
171.000000 260.000000
181.000000 260.000000
190.000000 257.000000
199.000000 251.000000
