185.000000 73.000000
149.000000 82.000000
123.000000 98.000000
104.000000 124.000000
96.000000 152.000000
91.000000 180.000000
93.000000 211.000000
99.000000 241.000000
109.000000 268.000000
128.000000 291.000000
150.000000 311.000000
180.000000 323.000000
214.000000 311.000000
236.000000 292.000000
254.000000 269.000000
263.000000 242.000000
268.000000 213.000000
272.000000 184.000000
268.000000 156.000000
256.000000 131.000000
242.000000 99.000000
218.000000 83.000000
160.000000 152.000000
148.000000 147.000000
136.000000 144.000000
123.000000 143.000000
112.000000 146.000000
113.000000 153.000000
123.000000 152.000000
135.000000 153.000000
147.000000 155.000000
159.000000 159.000000
250.000000 147.000000
238.000000 144.000000
226.000000 145.000000
215.000000 148.000000
205.000000 153.000000
208.000000 159.000000
217.000000 156.000000
228.000000 153.000000
238.000000 152.000000
248.000000 153.000000
160.000000 178.000000
153.000000 169.000000
142.000000 166.000000
132.000000 168.000000
125.000000 173.000000
132.000000 179.000000
141.000000 181.000000
150.000000 180.000000
240.000000 174.000000
232.000000 168.000000
222.000000 167.000000
213.000000 171.000000
207.000000 178.000000
215.000000 181.000000
224.000000 182.000000
233.000000 180.000000
142.000000 173.000000
223.000000 174.000000
173.000000 176.000000
170.000000 191.000000
166.000000 205.000000
161.000000 219.000000
156.000000 232.000000
168.000000 241.000000
183.000000 245.000000
198.000000 241.000000
211.000000 232.000000
207.000000 219.000000
203.000000 206.000000
199.000000 191.000000
196.000000 177.000000
219.000000 262.000000
204.000000 261.000000
191.000000 259.000000
183.000000 261.000000
173.000000 259.000000
161.000000 262.000000
146.000000 263.000000
155.000000 273.000000
164.000000 280.000000
176.000000 285.000000
188.000000 285.000000
200.000000 280.000000
209.000000 273.000000
