180.000000 20.000000
128.000000 27.000000
101.000000 52.000000
86.000000 72.000000
75.000000 110.000000
76.000000 149.000000
79.000000 182.000000
87.000000 216.000000
101.000000 246.000000
122.000000 274.000000
147.000000 298.000000
185.000000 312.000000
223.000000 297.000000
248.000000 272.000000
259.000000 244.000000
267.000000 214.000000
274.000000 181.000000
279.000000 146.000000
279.000000 115.000000
275.000000 82.000000
256.000000 53.000000
228.000000 30.000000
154.000000 119.000000
138.000000 114.000000
122.000000 110.000000
107.000000 110.000000
94.000000 118.000000
97.000000 123.000000
108.000000 119.000000
122.000000 119.000000
136.000000 123.000000
151.000000 127.000000
261.000000 112.000000
247.000000 106.000000
231.000000 105.000000
217.000000 109.000000
203.000000 116.000000
207.000000 124.000000
220.000000 118.000000
233.000000 114.000000
246.000000 113.000000
257.000000 117.000000
152.000000 152.000000
144.000000 141.000000
132.000000 136.000000
120.000000 138.000000
112.000000 145.000000
119.000000 152.000000
131.000000 155.000000
143.000000 155.000000
247.000000 140.000000
237.000000 133.000000
224.000000 132.000000
213.000000 138.000000
206.000000 148.000000
216.000000 151.000000
229.000000 152.000000
241.000000 147.000000
131.000000 144.000000
226.000000 141.000000
166.000000 147.000000
163.000000 164.000000
161.000000 180.000000
156.000000 197.000000
151.000000 215.000000
163.000000 225.000000
181.000000 230.000000
197.000000 224.000000
209.000000 214.000000
205.000000 198.000000
200.000000 181.000000
195.000000 163.000000
193.000000 146.000000
214.000000 252.000000
202.000000 251.000000
191.000000 248.000000
182.000000 253.000000
169.000000 249.000000
159.000000 252.000000
147.000000 255.000000
155.000000 265.000000
165.000000 272.000000
176.000000 276.000000
190.000000 275.000000
201.000000 270.000000
210.000000 262.000000
