167.000000 17.000000
122.000000 28.000000
96.000000 51.000000
81.000000 84.000000
64.000000 119.000000
60.000000 158.000000
65.000000 198.000000
72.000000 236.000000
87.000000 273.000000
109.000000 303.000000
139.000000 330.000000
185.000000 341.000000
225.000000 328.000000
260.000000 300.000000
286.000000 267.000000
299.000000 230.000000
306.000000 190.000000
310.000000 147.000000
302.000000 109.000000
283.000000 75.000000
264.000000 43.000000
220.000000 13.000000
142.000000 113.000000
126.000000 107.000000
110.000000 103.000000
94.000000 102.000000
79.000000 108.000000
80.000000 117.000000
95.000000 116.000000
110.000000 117.000000
124.000000 121.000000
138.000000 126.000000
277.000000 103.000000
262.000000 97.000000
245.000000 97.000000
226.000000 102.000000
206.000000 110.000000
208.000000 121.000000
229.000000 115.000000
246.000000 111.000000
261.000000 108.000000
275.000000 110.000000
141.000000 155.000000
131.000000 141.000000
116.000000 135.000000
101.000000 136.000000
90.000000 145.000000
99.000000 154.000000
114.000000 157.000000
129.000000 157.000000
259.000000 141.000000
248.000000 133.000000
232.000000 132.000000
219.000000 138.000000
209.000000 150.000000
222.000000 154.000000
237.000000 155.000000
252.000000 150.000000
115.000000 146.000000
233.000000 143.000000
155.000000 147.000000
153.000000 169.000000
148.000000 189.000000
142.000000 208.000000
139.000000 228.000000
156.000000 237.000000
177.000000 244.000000
198.000000 235.000000
213.000000 223.000000
207.000000 205.000000
200.000000 188.000000
193.000000 167.000000
190.000000 146.000000
225.000000 265.000000
208.000000 264.000000
192.000000 261.000000
178.000000 266.000000
165.000000 262.000000
149.000000 266.000000
133.000000 267.000000
144.000000 278.000000
156.000000 288.000000
173.000000 293.000000
189.000000 292.000000
203.000000 285.000000
215.000000 276.000000
