160.000000 0.000000
122.000000 0.000000
88.000000 5.000000
63.000000 37.000000
49.000000 74.000000
47.000000 115.000000
57.000000 159.000000
71.000000 203.000000
90.000000 242.000000
121.000000 276.000000
157.000000 303.000000
208.000000 314.000000
250.000000 289.000000
271.000000 252.000000
290.000000 214.000000
297.000000 172.000000
302.000000 128.000000
302.000000 85.000000
292.000000 46.000000
278.000000 4.000000
238.000000 0.000000
200.000000 0.000000
151.000000 67.000000
132.000000 62.000000
111.000000 59.000000
89.000000 62.000000
71.000000 73.000000
74.000000 79.000000
91.000000 71.000000
112.000000 71.000000
131.000000 74.000000
149.000000 78.000000
281.000000 45.000000
264.000000 39.000000
243.000000 40.000000
224.000000 48.000000
208.000000 59.000000
214.000000 68.000000
229.000000 58.000000
246.000000 51.000000
264.000000 48.000000
278.000000 52.000000
150.000000 111.000000
137.000000 100.000000
122.000000 95.000000
107.000000 98.000000
96.000000 109.000000
107.000000 116.000000
123.000000 117.000000
137.000000 114.000000
265.000000 86.000000
254.000000 80.000000
240.000000 80.000000
228.000000 87.000000
219.000000 99.000000
231.000000 101.000000
245.000000 101.000000
259.000000 95.000000
118.000000 105.000000
240.000000 90.000000
167.000000 101.000000
167.000000 124.000000
166.000000 144.000000
163.000000 165.000000
156.000000 188.000000
172.000000 199.000000
197.000000 204.000000
219.000000 194.000000
232.000000 180.000000
223.000000 161.000000
215.000000 141.000000
208.000000 120.000000
203.000000 97.000000
244.000000 223.000000
227.000000 223.000000
211.000000 221.000000
199.000000 228.000000
184.000000 225.000000
167.000000 231.000000
146.000000 237.000000
159.000000 251.000000
174.000000 261.000000
193.000000 264.000000
212.000000 262.000000
228.000000 253.000000
238.000000 240.000000
