187.000000 77.000000
154.000000 81.000000
125.000000 95.000000
111.000000 123.000000
110.000000 154.000000
106.000000 181.000000
110.000000 213.000000
116.000000 243.000000
127.000000 271.000000
144.000000 293.000000
167.000000 310.000000
200.000000 319.000000
231.000000 307.000000
253.000000 287.000000
270.000000 262.000000
277.000000 234.000000
280.000000 205.000000
280.000000 175.000000
275.000000 149.000000
272.000000 121.000000
256.000000 96.000000
232.000000 83.000000
168.000000 156.000000
156.000000 152.000000
145.000000 150.000000
133.000000 150.000000
122.000000 154.000000
124.000000 161.000000
134.000000 160.000000
145.000000 160.000000
156.000000 161.000000
166.000000 164.000000
256.000000 148.000000
245.000000 145.000000
234.000000 146.000000
223.000000 148.000000
213.000000 152.000000
215.000000 160.000000
225.000000 156.000000
236.000000 155.000000
245.000000 154.000000
254.000000 155.000000
170.000000 184.000000
164.000000 176.000000
155.000000 172.000000
145.000000 174.000000
136.000000 179.000000
142.000000 185.000000
151.000000 188.000000
161.000000 188.000000
247.000000 173.000000
238.000000 168.000000
228.000000 168.000000
219.000000 173.000000
213.000000 181.000000
222.000000 184.000000
233.000000 184.000000
243.000000 180.000000
153.000000 179.000000
230.000000 175.000000
181.000000 180.000000
179.000000 195.000000
176.000000 209.000000
173.000000 222.000000
169.000000 236.000000
181.000000 243.000000
195.000000 247.000000
210.000000 242.000000
221.000000 233.000000
216.000000 220.000000
211.000000 208.000000
207.000000 194.000000
203.000000 179.000000
229.000000 260.000000
217.000000 259.000000
206.000000 259.000000
197.000000 262.000000
187.000000 260.000000
176.000000 263.000000
164.000000 265.000000
172.000000 274.000000
181.000000 281.000000
193.000000 285.000000
205.000000 284.000000
215.000000 279.000000
224.000000 271.000000
