184.000000 100.000000
149.000000 107.000000
120.000000 117.000000
104.000000 141.000000
96.000000 165.000000
95.000000 194.000000
97.000000 223.000000
104.000000 250.000000
117.000000 275.000000
133.000000 297.000000
154.000000 314.000000
180.000000 321.000000
207.000000 312.000000
229.000000 295.000000
247.000000 275.000000
259.000000 250.000000
265.000000 223.000000
276.000000 194.000000
272.000000 163.000000
261.000000 141.000000
244.000000 118.000000
220.000000 105.000000
160.000000 171.000000
148.000000 165.000000
136.000000 161.000000
123.000000 160.000000
113.000000 163.000000
114.000000 169.000000
124.000000 169.000000
135.000000 170.000000
147.000000 173.000000
157.000000 177.000000
248.000000 165.000000
236.000000 162.000000
225.000000 163.000000
213.000000 166.000000
202.000000 170.000000
204.000000 177.000000
215.000000 174.000000
226.000000 172.000000
237.000000 171.000000
246.000000 171.000000
159.000000 196.000000
153.000000 188.000000
143.000000 184.000000
132.000000 186.000000
124.000000 191.000000
133.000000 196.000000
141.000000 199.000000
149.000000 198.000000
236.000000 190.000000
228.000000 185.000000
219.000000 184.000000
211.000000 188.000000
205.000000 194.000000
212.000000 197.000000
222.000000 199.000000
231.000000 196.000000
144.000000 191.000000
220.000000 191.000000
170.000000 194.000000
167.000000 207.000000
164.000000 220.000000
160.000000 232.000000
156.000000 243.000000
167.000000 252.000000
181.000000 257.000000
196.000000 251.000000
205.000000 242.000000
201.000000 231.000000
197.000000 220.000000
194.000000 207.000000
192.000000 194.000000
214.000000 267.000000
201.000000 265.000000
190.000000 264.000000
181.000000 267.000000
173.000000 265.000000
162.000000 267.000000
150.000000 268.000000
159.000000 275.000000
167.000000 280.000000
177.000000 283.000000
187.000000 283.000000
196.000000 280.000000
205.000000 275.000000
