178.000000 12.000000
130.000000 19.000000
97.000000 42.000000
81.000000 71.000000
65.000000 105.000000
60.000000 143.000000
62.000000 189.000000
71.000000 232.000000
84.000000 272.000000
108.000000 305.000000
140.000000 330.000000
191.000000 341.000000
235.000000 326.000000
265.000000 296.000000
286.000000 260.000000
293.000000 220.000000
300.000000 179.000000
302.000000 137.000000
295.000000 100.000000
277.000000 66.000000
255.000000 35.000000
222.000000 14.000000
148.000000 104.000000
133.000000 99.000000
117.000000 97.000000
100.000000 98.000000
84.000000 105.000000
87.000000 113.000000
102.000000 108.000000
118.000000 109.000000
133.000000 113.000000
146.000000 116.000000
280.000000 102.000000
267.000000 96.000000
250.000000 95.000000
232.000000 98.000000
216.000000 103.000000
219.000000 115.000000
235.000000 110.000000
251.000000 107.000000
266.000000 107.000000
278.000000 110.000000
150.000000 150.000000
141.000000 138.000000
127.000000 132.000000
112.000000 135.000000
100.000000 144.000000
113.000000 151.000000
125.000000 154.000000
135.000000 153.000000
265.000000 139.000000
254.000000 132.000000
240.000000 130.000000
226.000000 135.000000
217.000000 146.000000
229.000000 150.000000
243.000000 152.000000
257.000000 148.000000
125.000000 142.000000
239.000000 140.000000
164.000000 141.000000
162.000000 162.000000
160.000000 180.000000
156.000000 199.000000
150.000000 220.000000
167.000000 229.000000
184.000000 232.000000
202.000000 228.000000
217.000000 218.000000
212.000000 200.000000
207.000000 182.000000
203.000000 162.000000
201.000000 141.000000
226.000000 268.000000
210.000000 262.000000
197.000000 256.000000
186.000000 261.000000
175.000000 257.000000
160.000000 264.000000
143.000000 271.000000
155.000000 281.000000
167.000000 287.000000
181.000000 288.000000
195.000000 288.000000
207.000000 284.000000
217.000000 277.000000
