182.000000 60.000000
146.000000 68.000000
124.000000 91.000000
108.000000 114.000000
100.000000 142.000000
97.000000 168.000000
103.000000 196.000000
110.000000 224.000000
121.000000 251.000000
138.000000 274.000000
161.000000 289.000000
191.000000 296.000000
217.000000 287.000000
241.000000 268.000000
258.000000 243.000000
265.000000 217.000000
268.000000 189.000000
270.000000 161.000000
271.000000 131.000000
257.000000 98.000000
239.000000 76.000000
217.000000 60.000000
162.000000 139.000000
150.000000 134.000000
138.000000 131.000000
126.000000 130.000000
115.000000 134.000000
116.000000 141.000000
127.000000 139.000000
138.000000 140.000000
149.000000 143.000000
160.000000 147.000000
246.000000 130.000000
236.000000 125.000000
225.000000 126.000000
214.000000 129.000000
203.000000 134.000000
206.000000 142.000000
217.000000 138.000000
227.000000 134.000000
236.000000 133.000000
245.000000 135.000000
159.000000 169.000000
152.000000 161.000000
142.000000 157.000000
132.000000 159.000000
126.000000 165.000000
133.000000 170.000000
142.000000 173.000000
151.000000 171.000000
238.000000 158.000000
231.000000 154.000000
222.000000 153.000000
214.000000 158.000000
208.000000 166.000000
217.000000 168.000000
226.000000 168.000000
235.000000 165.000000
142.000000 164.000000
224.000000 160.000000
171.000000 165.000000
171.000000 178.000000
169.000000 192.000000
166.000000 204.000000
161.000000 217.000000
170.000000 224.000000
186.000000 229.000000
201.000000 222.000000
210.000000 214.000000
205.000000 203.000000
201.000000 190.000000
197.000000 177.000000
195.000000 163.000000
217.000000 241.000000
204.000000 240.000000
194.000000 238.000000
186.000000 241.000000
178.000000 239.000000
168.000000 242.000000
157.000000 245.000000
165.000000 253.000000
173.000000 259.000000
183.000000 263.000000
194.000000 262.000000
202.000000 258.000000
209.000000 251.000000
