178.000000 53.000000
140.000000 60.000000
105.000000 76.000000
95.000000 105.000000
80.000000 133.000000
74.000000 164.000000
74.000000 198.000000
78.000000 231.000000
87.000000 262.000000
106.000000 287.000000
131.000000 305.000000
165.000000 314.000000
201.000000 307.000000
230.000000 290.000000
254.000000 268.000000
267.000000 236.000000
272.000000 204.000000
276.000000 170.000000
272.000000 138.000000
266.000000 108.000000
248.000000 77.000000
218.000000 62.000000
147.000000 133.000000
134.000000 127.000000
121.000000 122.000000
107.000000 121.000000
95.000000 126.000000
97.000000 131.000000
108.000000 129.000000
120.000000 132.000000
132.000000 136.000000
144.000000 141.000000
250.000000 137.000000
236.000000 130.000000
222.000000 128.000000
209.000000 130.000000
196.000000 134.000000
198.000000 142.000000
211.000000 139.000000
223.000000 137.000000
235.000000 137.000000
246.000000 141.000000
144.000000 167.000000
137.000000 159.000000
128.000000 154.000000
118.000000 154.000000
109.000000 159.000000
115.000000 165.000000
125.000000 168.000000
135.000000 169.000000
231.000000 164.000000
223.000000 159.000000
213.000000 159.000000
204.000000 162.000000
196.000000 168.000000
204.000000 172.000000
215.000000 174.000000
225.000000 170.000000
127.000000 161.000000
214.000000 166.000000
156.000000 163.000000
154.000000 179.000000
150.000000 193.000000
145.000000 207.000000
138.000000 222.000000
150.000000 229.000000
165.000000 234.000000
181.000000 231.000000
194.000000 223.000000
189.000000 208.000000
185.000000 195.000000
183.000000 179.000000
182.000000 164.000000
199.000000 258.000000
185.000000 255.000000
174.000000 252.000000
165.000000 255.000000
154.000000 251.000000
144.000000 253.000000
132.000000 255.000000
138.000000 264.000000
147.000000 271.000000
158.000000 275.000000
171.000000 276.000000
181.000000 272.000000
190.000000 266.000000
