191.000000 36.000000
147.000000 44.000000
117.000000 67.000000
98.000000 90.000000
86.000000 127.000000
81.000000 162.000000
84.000000 198.000000
91.000000 231.000000
104.000000 263.000000
127.000000 290.000000
157.000000 310.000000
197.000000 317.000000
236.000000 306.000000
271.000000 289.000000
292.000000 253.000000
298.000000 223.000000
304.000000 190.000000
305.000000 155.000000
298.000000 121.000000
282.000000 90.000000
265.000000 57.000000
233.000000 43.000000
162.000000 118.000000
148.000000 114.000000
135.000000 112.000000
120.000000 112.000000
106.000000 117.000000
108.000000 124.000000
122.000000 121.000000
135.000000 122.000000
148.000000 124.000000
159.000000 127.000000
273.000000 112.000000
260.000000 109.000000
247.000000 109.000000
232.000000 112.000000
220.000000 118.000000
223.000000 125.000000
235.000000 121.000000
248.000000 119.000000
260.000000 118.000000
271.000000 119.000000
161.000000 155.000000
154.000000 145.000000
141.000000 141.000000
129.000000 143.000000
119.000000 149.000000
126.000000 156.000000
140.000000 158.000000
153.000000 158.000000
262.000000 146.000000
252.000000 140.000000
240.000000 138.000000
229.000000 143.000000
220.000000 152.000000
231.000000 155.000000
243.000000 156.000000
255.000000 152.000000
140.000000 149.000000
240.000000 147.000000
175.000000 149.000000
172.000000 167.000000
168.000000 183.000000
161.000000 198.000000
157.000000 213.000000
174.000000 218.000000
192.000000 221.000000
211.000000 217.000000
227.000000 209.000000
222.000000 195.000000
215.000000 182.000000
210.000000 166.000000
206.000000 149.000000
234.000000 248.000000
217.000000 244.000000
205.000000 241.000000
194.000000 245.000000
180.000000 242.000000
166.000000 246.000000
153.000000 251.000000
164.000000 259.000000
174.000000 265.000000
187.000000 267.000000
201.000000 267.000000
213.000000 263.000000
223.000000 256.000000
