205.000000 22.000000
160.000000 23.000000
121.000000 47.000000
92.000000 75.000000
77.000000 117.000000
69.000000 153.000000
72.000000 193.000000
77.000000 230.000000
90.000000 266.000000
111.000000 298.000000
139.000000 322.000000
180.000000 336.000000
216.000000 326.000000
247.000000 299.000000
274.000000 267.000000
286.000000 234.000000
293.000000 202.000000
300.000000 163.000000
306.000000 130.000000
298.000000 84.000000
278.000000 48.000000
239.000000 27.000000
156.000000 114.000000
140.000000 108.000000
123.000000 104.000000
106.000000 105.000000
90.000000 112.000000
93.000000 119.000000
107.000000 114.000000
123.000000 115.000000
138.000000 119.000000
153.000000 124.000000
280.000000 112.000000
265.000000 106.000000
248.000000 104.000000
232.000000 107.000000
216.000000 113.000000
219.000000 123.000000
234.000000 117.000000
249.000000 114.000000
264.000000 114.000000
276.000000 119.000000
152.000000 152.000000
143.000000 140.000000
129.000000 134.000000
116.000000 136.000000
106.000000 144.000000
115.000000 151.000000
129.000000 155.000000
141.000000 155.000000
264.000000 149.000000
254.000000 140.000000
239.000000 138.000000
227.000000 144.000000
217.000000 155.000000
230.000000 158.000000
243.000000 159.000000
256.000000 155.000000
130.000000 144.000000
241.000000 148.000000
169.000000 150.000000
165.000000 171.000000
161.000000 189.000000
154.000000 205.000000
148.000000 222.000000
163.000000 232.000000
181.000000 239.000000
200.000000 234.000000
216.000000 223.000000
211.000000 208.000000
207.000000 193.000000
203.000000 172.000000
201.000000 152.000000
227.000000 260.000000
209.000000 260.000000
193.000000 258.000000
181.000000 261.000000
169.000000 256.000000
151.000000 258.000000
131.000000 256.000000
145.000000 269.000000
158.000000 278.000000
173.000000 285.000000
189.000000 286.000000
204.000000 280.000000
216.000000 272.000000
