206.000000 52.000000
165.000000 59.000000
136.000000 77.000000
111.000000 106.000000
100.000000 144.000000
95.000000 177.000000
95.000000 213.000000
100.000000 247.000000
112.000000 280.000000
136.000000 305.000000
167.000000 324.000000
204.000000 330.000000
238.000000 317.000000
263.000000 297.000000
284.000000 273.000000
295.000000 244.000000
304.000000 212.000000
309.000000 180.000000
304.000000 147.000000
296.000000 106.000000
276.000000 78.000000
248.000000 54.000000
180.000000 142.000000
166.000000 136.000000
152.000000 132.000000
137.000000 131.000000
122.000000 136.000000
123.000000 143.000000
137.000000 141.000000
151.000000 143.000000
165.000000 147.000000
177.000000 151.000000
287.000000 135.000000
274.000000 132.000000
260.000000 134.000000
246.000000 138.000000
233.000000 144.000000
236.000000 151.000000
249.000000 147.000000
263.000000 143.000000
274.000000 141.000000
285.000000 142.000000
176.000000 177.000000
167.000000 167.000000
154.000000 162.000000
143.000000 163.000000
133.000000 170.000000
141.000000 177.000000
152.000000 180.000000
164.000000 179.000000
275.000000 169.000000
266.000000 162.000000
254.000000 161.000000
244.000000 166.000000
236.000000 175.000000
246.000000 178.000000
258.000000 180.000000
269.000000 176.000000
152.000000 171.000000
254.000000 170.000000
191.000000 171.000000
188.000000 188.000000
183.000000 204.000000
178.000000 219.000000
171.000000 236.000000
187.000000 245.000000
205.000000 249.000000
224.000000 245.000000
237.000000 235.000000
233.000000 220.000000
228.000000 205.000000
224.000000 190.000000
221.000000 172.000000
243.000000 267.000000
228.000000 267.000000
215.000000 264.000000
205.000000 267.000000
194.000000 264.000000
178.000000 267.000000
161.000000 268.000000
171.000000 279.000000
182.000000 288.000000
197.000000 291.000000
211.000000 292.000000
224.000000 287.000000
233.000000 278.000000
