178.000000 44.000000
145.000000 48.000000
113.000000 59.000000
91.000000 84.000000
75.000000 113.000000
69.000000 146.000000
64.000000 183.000000
62.000000 221.000000
66.000000 260.000000
84.000000 287.000000
129.000000 301.000000
167.000000 317.000000
206.000000 306.000000
243.000000 296.000000
266.000000 273.000000
277.000000 241.000000
283.000000 194.000000
279.000000 154.000000
275.000000 121.000000
263.000000 84.000000
242.000000 56.000000
209.000000 49.000000
151.000000 107.000000
136.000000 103.000000
121.000000 101.000000
107.000000 103.000000
94.000000 110.000000
97.000000 119.000000
109.000000 115.000000
122.000000 114.000000
135.000000 115.000000
149.000000 118.000000
256.000000 114.000000
244.000000 106.000000
230.000000 104.000000
215.000000 105.000000
201.000000 108.000000
203.000000 119.000000
217.000000 116.000000
231.000000 115.000000
243.000000 117.000000
254.000000 122.000000
145.000000 144.000000
137.000000 137.000000
126.000000 133.000000
116.000000 134.000000
107.000000 140.000000
115.000000 145.000000
126.000000 147.000000
137.000000 146.000000
241.000000 143.000000
233.000000 138.000000
223.000000 136.000000
213.000000 139.000000
204.000000 144.000000
213.000000 148.000000
223.000000 148.000000
233.000000 147.000000
125.000000 139.000000
223.000000 142.000000
160.000000 138.000000
156.000000 156.000000
152.000000 172.000000
145.000000 186.000000
140.000000 202.000000
154.000000 209.000000
172.000000 214.000000
189.000000 211.000000
205.000000 203.000000
202.000000 189.000000
196.000000 175.000000
192.000000 157.000000
190.000000 140.000000
211.000000 248.000000
195.000000 240.000000
183.000000 235.000000
172.000000 238.000000
159.000000 234.000000
148.000000 238.000000
130.000000 246.000000
141.000000 254.000000
153.000000 259.000000
163.000000 262.000000
178.000000 261.000000
189.000000 261.000000
201.000000 254.000000
