173.000000 43.000000
103.000000 52.000000
84.000000 74.000000
76.000000 92.000000
71.000000 122.000000
65.000000 155.000000
68.000000 193.000000
75.000000 229.000000
81.000000 267.000000
101.000000 299.000000
125.000000 320.000000
168.000000 338.000000
213.000000 331.000000
249.000000 305.000000
270.000000 275.000000
274.000000 233.000000
277.000000 197.000000
280.000000 159.000000
272.000000 130.000000
261.000000 96.000000
249.000000 62.000000
213.000000 44.000000
140.000000 114.000000
125.000000 109.000000
111.000000 108.000000
97.000000 108.000000
86.000000 115.000000
88.000000 124.000000
99.000000 120.000000
111.000000 119.000000
124.000000 121.000000
137.000000 124.000000
253.000000 119.000000
241.000000 111.000000
227.000000 108.000000
211.000000 109.000000
197.000000 114.000000
199.000000 124.000000
213.000000 121.000000
228.000000 120.000000
240.000000 122.000000
251.000000 126.000000
136.000000 151.000000
128.000000 142.000000
118.000000 139.000000
107.000000 140.000000
99.000000 147.000000
107.000000 153.000000
117.000000 155.000000
127.000000 154.000000
239.000000 149.000000
230.000000 143.000000
220.000000 141.000000
208.000000 143.000000
199.000000 151.000000
209.000000 154.000000
220.000000 154.000000
230.000000 153.000000
117.000000 146.000000
220.000000 147.000000
148.000000 147.000000
146.000000 165.000000
142.000000 181.000000
137.000000 198.000000
132.000000 216.000000
147.000000 220.000000
168.000000 219.000000
183.000000 221.000000
202.000000 214.000000
197.000000 198.000000
192.000000 182.000000
187.000000 164.000000
185.000000 147.000000
208.000000 263.000000
196.000000 248.000000
181.000000 242.000000
165.000000 244.000000
154.000000 242.000000
139.000000 247.000000
128.000000 260.000000
136.000000 273.000000
146.000000 279.000000
159.000000 283.000000
174.000000 284.000000
186.000000 279.000000
197.000000 272.000000
