193.000000 43.000000
153.000000 49.000000
122.000000 58.000000
92.000000 85.000000
85.000000 131.000000
81.000000 161.000000
82.000000 194.000000
86.000000 229.000000
91.000000 256.000000
118.000000 282.000000
146.000000 299.000000
182.000000 309.000000
216.000000 297.000000
243.000000 277.000000
262.000000 252.000000
270.000000 222.000000
278.000000 192.000000
277.000000 161.000000
275.000000 131.000000
268.000000 99.000000
257.000000 70.000000
225.000000 49.000000
158.000000 129.000000
144.000000 125.000000
131.000000 123.000000
117.000000 123.000000
104.000000 129.000000
106.000000 136.000000
118.000000 133.000000
131.000000 133.000000
144.000000 135.000000
155.000000 137.000000
255.000000 124.000000
244.000000 119.000000
231.000000 118.000000
218.000000 120.000000
205.000000 125.000000
208.000000 133.000000
220.000000 130.000000
232.000000 127.000000
243.000000 127.000000
252.000000 130.000000
157.000000 158.000000
150.000000 149.000000
139.000000 145.000000
129.000000 148.000000
120.000000 153.000000
128.000000 160.000000
137.000000 162.000000
147.000000 161.000000
242.000000 150.000000
234.000000 144.000000
223.000000 143.000000
213.000000 147.000000
206.000000 155.000000
215.000000 159.000000
226.000000 159.000000
236.000000 157.000000
137.000000 153.000000
224.000000 150.000000
169.000000 153.000000
167.000000 167.000000
164.000000 180.000000
160.000000 194.000000
154.000000 207.000000
166.000000 216.000000
182.000000 220.000000
198.000000 216.000000
209.000000 206.000000
204.000000 194.000000
199.000000 183.000000
195.000000 167.000000
193.000000 153.000000
213.000000 246.000000
202.000000 241.000000
192.000000 237.000000
182.000000 237.000000
172.000000 237.000000
161.000000 242.000000
149.000000 247.000000
157.000000 256.000000
166.000000 262.000000
177.000000 266.000000
189.000000 266.000000
198.000000 261.000000
206.000000 254.000000
