183.000000 78.000000
151.000000 81.000000
128.000000 89.000000
112.000000 105.000000
104.000000 138.000000
100.000000 162.000000
101.000000 186.000000
106.000000 210.000000
113.000000 234.000000
128.000000 255.000000
148.000000 272.000000
179.000000 281.000000
209.000000 273.000000
231.000000 257.000000
247.000000 236.000000
254.000000 212.000000
258.000000 187.000000
258.000000 164.000000
254.000000 139.000000
250.000000 112.000000
234.000000 94.000000
209.000000 81.000000
159.000000 134.000000
149.000000 131.000000
138.000000 129.000000
126.000000 128.000000
116.000000 134.000000
118.000000 140.000000
127.000000 137.000000
138.000000 138.000000
148.000000 140.000000
158.000000 142.000000
240.000000 132.000000
229.000000 127.000000
218.000000 127.000000
207.000000 129.000000
197.000000 133.000000
199.000000 140.000000
209.000000 137.000000
219.000000 136.000000
229.000000 136.000000
238.000000 138.000000
156.000000 158.000000
151.000000 152.000000
143.000000 149.000000
134.000000 151.000000
128.000000 155.000000
134.000000 160.000000
142.000000 161.000000
149.000000 160.000000
228.000000 154.000000
222.000000 149.000000
214.000000 148.000000
206.000000 150.000000
200.000000 156.000000
207.000000 159.000000
215.000000 159.000000
223.000000 158.000000
143.000000 155.000000
214.000000 153.000000
167.000000 155.000000
166.000000 167.000000
164.000000 178.000000
161.000000 188.000000
156.000000 199.000000
166.000000 205.000000
178.000000 207.000000
190.000000 205.000000
201.000000 199.000000
197.000000 189.000000
193.000000 178.000000
191.000000 167.000000
189.000000 154.000000
204.000000 230.000000
193.000000 226.000000
186.000000 223.000000
179.000000 226.000000
170.000000 223.000000
162.000000 227.000000
152.000000 231.000000
160.000000 237.000000
167.000000 240.000000
174.000000 242.000000
183.000000 242.000000
191.000000 240.000000
197.000000 236.000000
