164.000000 54.000000
127.000000 59.000000
99.000000 75.000000
85.000000 102.000000
84.000000 133.000000
81.000000 161.000000
81.000000 192.000000
85.000000 223.000000
94.000000 253.000000
112.000000 276.000000
136.000000 295.000000
172.000000 305.000000
208.000000 293.000000
234.000000 273.000000
252.000000 247.000000
258.000000 217.000000
262.000000 184.000000
262.000000 153.000000
260.000000 122.000000
254.000000 94.000000
237.000000 68.000000
198.000000 54.000000
145.000000 127.000000
131.000000 123.000000
117.000000 122.000000
104.000000 123.000000
95.000000 131.000000
98.000000 136.000000
107.000000 132.000000
118.000000 132.000000
130.000000 134.000000
143.000000 137.000000
241.000000 124.000000
227.000000 117.000000
213.000000 118.000000
200.000000 121.000000
187.000000 126.000000
189.000000 135.000000
202.000000 131.000000
216.000000 128.000000
228.000000 127.000000
239.000000 130.000000
145.000000 158.000000
136.000000 150.000000
126.000000 147.000000
117.000000 150.000000
109.000000 156.000000
118.000000 160.000000
126.000000 161.000000
135.000000 160.000000
228.000000 152.000000
220.000000 146.000000
210.000000 145.000000
202.000000 148.000000
194.000000 154.000000
202.000000 156.000000
211.000000 157.000000
221.000000 156.000000
126.000000 154.000000
212.000000 151.000000
154.000000 155.000000
151.000000 169.000000
148.000000 182.000000
144.000000 195.000000
141.000000 210.000000
154.000000 215.000000
169.000000 217.000000
183.000000 214.000000
195.000000 207.000000
192.000000 194.000000
188.000000 181.000000
184.000000 168.000000
181.000000 154.000000
208.000000 237.000000
193.000000 234.000000
180.000000 231.000000
170.000000 234.000000
159.000000 232.000000
147.000000 236.000000
132.000000 240.000000
143.000000 250.000000
153.000000 255.000000
165.000000 257.000000
177.000000 257.000000
188.000000 252.000000
197.000000 246.000000
