172.000000 67.000000
139.000000 70.000000
108.000000 80.000000
93.000000 101.000000
87.000000 131.000000
83.000000 159.000000
87.000000 190.000000
94.000000 221.000000
105.000000 250.000000
124.000000 275.000000
147.000000 295.000000
181.000000 307.000000
212.000000 295.000000
234.000000 273.000000
250.000000 247.000000
257.000000 216.000000
261.000000 187.000000
264.000000 157.000000
267.000000 126.000000
255.000000 88.000000
229.000000 78.000000
200.000000 71.000000
155.000000 138.000000
142.000000 134.000000
129.000000 131.000000
117.000000 131.000000
105.000000 136.000000
108.000000 145.000000
119.000000 143.000000
129.000000 142.000000
141.000000 143.000000
151.000000 146.000000
246.000000 135.000000
235.000000 131.000000
224.000000 131.000000
213.000000 134.000000
201.000000 138.000000
203.000000 146.000000
214.000000 144.000000
225.000000 142.000000
235.000000 141.000000
244.000000 142.000000
155.000000 166.000000
149.000000 158.000000
138.000000 155.000000
128.000000 156.000000
121.000000 161.000000
128.000000 167.000000
138.000000 169.000000
147.000000 168.000000
233.000000 160.000000
225.000000 155.000000
216.000000 155.000000
207.000000 159.000000
202.000000 166.000000
210.000000 168.000000
219.000000 168.000000
228.000000 166.000000
136.000000 161.000000
217.000000 161.000000
167.000000 163.000000
164.000000 178.000000
161.000000 193.000000
156.000000 206.000000
152.000000 220.000000
161.000000 230.000000
179.000000 236.000000
195.000000 230.000000
206.000000 220.000000
202.000000 206.000000
197.000000 192.000000
193.000000 177.000000
190.000000 163.000000
209.000000 250.000000
198.000000 249.000000
187.000000 247.000000
179.000000 251.000000
173.000000 248.000000
162.000000 251.000000
150.000000 252.000000
158.000000 260.000000
166.000000 266.000000
175.000000 270.000000
186.000000 269.000000
195.000000 264.000000
201.000000 259.000000
