175.000000 55.000000
143.000000 58.000000
111.000000 79.000000
93.000000 102.000000
81.000000 134.000000
77.000000 163.000000
79.000000 194.000000
85.000000 224.000000
94.000000 254.000000
113.000000 278.000000
139.000000 297.000000
176.000000 308.000000
210.000000 295.000000
234.000000 275.000000
254.000000 249.000000
261.000000 219.000000
266.000000 188.000000
265.000000 157.000000
259.000000 129.000000
245.000000 103.000000
243.000000 74.000000
210.000000 60.000000
146.000000 134.000000
133.000000 130.000000
121.000000 128.000000
108.000000 128.000000
98.000000 135.000000
100.000000 141.000000
110.000000 137.000000
122.000000 137.000000
134.000000 139.000000
145.000000 142.000000
244.000000 131.000000
232.000000 124.000000
219.000000 123.000000
206.000000 125.000000
194.000000 130.000000
196.000000 139.000000
209.000000 133.000000
221.000000 131.000000
232.000000 132.000000
242.000000 136.000000
146.000000 163.000000
139.000000 156.000000
130.000000 152.000000
121.000000 154.000000
113.000000 159.000000
119.000000 164.000000
128.000000 167.000000
137.000000 166.000000
228.000000 156.000000
220.000000 151.000000
210.000000 150.000000
201.000000 154.000000
194.000000 162.000000
203.000000 164.000000
213.000000 164.000000
222.000000 161.000000
129.000000 158.000000
212.000000 156.000000
158.000000 159.000000
156.000000 174.000000
154.000000 188.000000
150.000000 201.000000
145.000000 215.000000
158.000000 220.000000
171.000000 223.000000
186.000000 219.000000
199.000000 212.000000
194.000000 199.000000
189.000000 187.000000
185.000000 174.000000
183.000000 158.000000
207.000000 246.000000
195.000000 245.000000
183.000000 242.000000
173.000000 246.000000
163.000000 243.000000
151.000000 247.000000
138.000000 250.000000
146.000000 260.000000
156.000000 267.000000
168.000000 270.000000
180.000000 269.000000
191.000000 265.000000
200.000000 257.000000
