166.000000 33.000000
122.000000 47.000000
93.000000 59.000000
78.000000 89.000000
78.000000 124.000000
74.000000 156.000000
75.000000 190.000000
82.000000 221.000000
93.000000 254.000000
112.000000 285.000000
138.000000 308.000000
177.000000 318.000000
217.000000 305.000000
245.000000 280.000000
266.000000 246.000000
271.000000 217.000000
273.000000 185.000000
271.000000 152.000000
273.000000 114.000000
257.000000 86.000000
246.000000 55.000000
215.000000 40.000000
137.000000 106.000000
123.000000 102.000000
110.000000 102.000000
96.000000 104.000000
86.000000 111.000000
89.000000 118.000000
100.000000 116.000000
111.000000 114.000000
124.000000 115.000000
135.000000 117.000000
246.000000 101.000000
233.000000 95.000000
220.000000 94.000000
207.000000 96.000000
192.000000 100.000000
195.000000 111.000000
210.000000 108.000000
222.000000 106.000000
233.000000 106.000000
244.000000 108.000000
138.000000 146.000000
129.000000 138.000000
117.000000 134.000000
106.000000 136.000000
97.000000 142.000000
107.000000 148.000000
118.000000 149.000000
128.000000 148.000000
235.000000 133.000000
225.000000 129.000000
215.000000 128.000000
205.000000 132.000000
196.000000 139.000000
206.000000 141.000000
217.000000 142.000000
228.000000 139.000000
118.000000 141.000000
216.000000 134.000000
149.000000 138.000000
148.000000 157.000000
146.000000 175.000000
141.000000 189.000000
135.000000 206.000000
150.000000 213.000000
168.000000 216.000000
187.000000 211.000000
201.000000 202.000000
194.000000 188.000000
188.000000 174.000000
183.000000 155.000000
181.000000 136.000000
211.000000 246.000000
195.000000 239.000000
181.000000 234.000000
170.000000 238.000000
159.000000 235.000000
146.000000 240.000000
133.000000 249.000000
142.000000 258.000000
153.000000 265.000000
165.000000 269.000000
179.000000 269.000000
192.000000 264.000000
202.000000 256.000000
