176.000000 11.000000
137.000000 18.000000
101.000000 38.000000
74.000000 67.000000
56.000000 104.000000
51.000000 144.000000
44.000000 191.000000
47.000000 241.000000
68.000000 296.000000
97.000000 329.000000
139.000000 338.000000
190.000000 348.000000
255.000000 345.000000
292.000000 321.000000
311.000000 285.000000
323.000000 222.000000
323.000000 175.000000
319.000000 136.000000
302.000000 96.000000
283.000000 61.000000
253.000000 33.000000
216.000000 16.000000
155.000000 101.000000
136.000000 95.000000
118.000000 91.000000
99.000000 91.000000
83.000000 99.000000
87.000000 110.000000
103.000000 107.000000
120.000000 107.000000
137.000000 109.000000
154.000000 113.000000
282.000000 94.000000
265.000000 89.000000
249.000000 91.000000
234.000000 95.000000
220.000000 100.000000
223.000000 112.000000
238.000000 108.000000
253.000000 104.000000
267.000000 103.000000
281.000000 105.000000
152.000000 138.000000
141.000000 130.000000
118.000000 125.000000
97.000000 131.000000
78.000000 140.000000
100.000000 140.000000
121.000000 140.000000
139.000000 139.000000
287.000000 134.000000
263.000000 127.000000
251.000000 126.000000
232.000000 131.000000
221.000000 137.000000
232.000000 139.000000
251.000000 140.000000
268.000000 139.000000
125.000000 133.000000
243.000000 133.000000
171.000000 133.000000
168.000000 154.000000
164.000000 172.000000
158.000000 190.000000
151.000000 208.000000
169.000000 215.000000
190.000000 219.000000
209.000000 214.000000
228.000000 206.000000
221.000000 189.000000
214.000000 170.000000
210.000000 154.000000
206.000000 133.000000
236.000000 252.000000
220.000000 230.000000
205.000000 224.000000
191.000000 225.000000
174.000000 225.000000
160.000000 226.000000
136.000000 239.000000
150.000000 270.000000
165.000000 280.000000
181.000000 284.000000
199.000000 284.000000
214.000000 277.000000
225.000000 266.000000
