204.000000 32.000000
156.000000 39.000000
123.000000 55.000000
103.000000 85.000000
84.000000 129.000000
79.000000 162.000000
76.000000 195.000000
79.000000 231.000000
88.000000 269.000000
112.000000 297.000000
145.000000 319.000000
187.000000 328.000000
227.000000 317.000000
254.000000 293.000000
276.000000 266.000000
288.000000 232.000000
289.000000 196.000000
286.000000 161.000000
285.000000 129.000000
282.000000 94.000000
267.000000 59.000000
239.000000 38.000000
168.000000 120.000000
152.000000 115.000000
135.000000 113.000000
120.000000 113.000000
106.000000 120.000000
108.000000 129.000000
122.000000 127.000000
136.000000 126.000000
151.000000 127.000000
165.000000 131.000000
276.000000 123.000000
264.000000 117.000000
249.000000 115.000000
234.000000 117.000000
219.000000 121.000000
221.000000 132.000000
237.000000 129.000000
251.000000 127.000000
264.000000 128.000000
275.000000 131.000000
163.000000 156.000000
153.000000 148.000000
142.000000 145.000000
131.000000 147.000000
121.000000 152.000000
129.000000 158.000000
140.000000 160.000000
151.000000 159.000000
260.000000 154.000000
250.000000 148.000000
240.000000 147.000000
230.000000 150.000000
221.000000 156.000000
231.000000 159.000000
242.000000 161.000000
253.000000 159.000000
139.000000 152.000000
240.000000 154.000000
178.000000 153.000000
174.000000 169.000000
168.000000 185.000000
162.000000 199.000000
158.000000 217.000000
175.000000 226.000000
193.000000 230.000000
209.000000 226.000000
225.000000 216.000000
222.000000 201.000000
215.000000 185.000000
211.000000 171.000000
208.000000 153.000000
234.000000 256.000000
219.000000 248.000000
204.000000 242.000000
192.000000 245.000000
180.000000 241.000000
163.000000 247.000000
143.000000 254.000000
154.000000 267.000000
166.000000 277.000000
182.000000 283.000000
198.000000 283.000000
213.000000 276.000000
225.000000 267.000000
