170.000000 82.000000
138.000000 83.000000
109.000000 97.000000
86.000000 122.000000
87.000000 154.000000
84.000000 182.000000
86.000000 212.000000
93.000000 240.000000
104.000000 269.000000
122.000000 291.000000
146.000000 306.000000
181.000000 311.000000
212.000000 301.000000
237.000000 281.000000
254.000000 258.000000
261.000000 232.000000
266.000000 212.000000
271.000000 177.000000
266.000000 145.000000
253.000000 115.000000
235.000000 88.000000
201.000000 81.000000
150.000000 143.000000
137.000000 139.000000
125.000000 137.000000
112.000000 137.000000
101.000000 143.000000
103.000000 149.000000
114.000000 146.000000
125.000000 146.000000
137.000000 149.000000
147.000000 151.000000
241.000000 136.000000
232.000000 131.000000
221.000000 131.000000
209.000000 133.000000
196.000000 138.000000
198.000000 146.000000
211.000000 143.000000
222.000000 140.000000
231.000000 139.000000
239.000000 140.000000
147.000000 175.000000
141.000000 167.000000
131.000000 164.000000
122.000000 165.000000
114.000000 171.000000
121.000000 177.000000
130.000000 180.000000
140.000000 178.000000
230.000000 165.000000
223.000000 160.000000
213.000000 158.000000
205.000000 162.000000
197.000000 170.000000
206.000000 174.000000
216.000000 174.000000
226.000000 171.000000
130.000000 171.000000
213.000000 166.000000
158.000000 169.000000
156.000000 183.000000
156.000000 199.000000
150.000000 210.000000
147.000000 224.000000
160.000000 229.000000
174.000000 231.000000
187.000000 227.000000
199.000000 220.000000
195.000000 208.000000
189.000000 196.000000
186.000000 182.000000
183.000000 167.000000
204.000000 256.000000
193.000000 250.000000
183.000000 246.000000
175.000000 250.000000
166.000000 247.000000
156.000000 252.000000
147.000000 260.000000
154.000000 266.000000
162.000000 270.000000
171.000000 272.000000
182.000000 272.000000
190.000000 267.000000
197.000000 262.000000
