170.000000 85.000000
143.000000 88.000000
117.000000 99.000000
94.000000 118.000000
86.000000 144.000000
82.000000 171.000000
81.000000 202.000000
87.000000 230.000000
91.000000 261.000000
105.000000 292.000000
129.000000 310.000000
167.000000 314.000000
199.000000 311.000000
225.000000 294.000000
248.000000 270.000000
258.000000 240.000000
259.000000 201.000000
257.000000 173.000000
253.000000 146.000000
247.000000 122.000000
229.000000 95.000000
202.000000 87.000000
147.000000 143.000000
134.000000 140.000000
122.000000 139.000000
111.000000 141.000000
101.000000 146.000000
104.000000 152.000000
113.000000 149.000000
123.000000 148.000000
134.000000 149.000000
145.000000 151.000000
235.000000 145.000000
225.000000 141.000000
214.000000 139.000000
202.000000 140.000000
192.000000 143.000000
194.000000 151.000000
204.000000 149.000000
215.000000 148.000000
225.000000 149.000000
234.000000 151.000000
145.000000 173.000000
138.000000 166.000000
129.000000 163.000000
120.000000 165.000000
113.000000 170.000000
121.000000 175.000000
129.000000 176.000000
138.000000 175.000000
224.000000 171.000000
217.000000 166.000000
209.000000 164.000000
201.000000 167.000000
194.000000 172.000000
202.000000 175.000000
210.000000 176.000000
218.000000 175.000000
129.000000 169.000000
208.000000 170.000000
157.000000 168.000000
155.000000 182.000000
152.000000 194.000000
147.000000 205.000000
143.000000 217.000000
156.000000 222.000000
169.000000 224.000000
183.000000 222.000000
195.000000 217.000000
191.000000 205.000000
186.000000 194.000000
184.000000 182.000000
182.000000 168.000000
198.000000 250.000000
187.000000 243.000000
178.000000 238.000000
170.000000 241.000000
160.000000 238.000000
150.000000 243.000000
138.000000 251.000000
146.000000 257.000000
155.000000 261.000000
164.000000 263.000000
174.000000 263.000000
183.000000 260.000000
190.000000 256.000000
