174.000000 46.000000
136.000000 56.000000
116.000000 73.000000
94.000000 103.000000
89.000000 134.000000
88.000000 164.000000
92.000000 190.000000
98.000000 221.000000
103.000000 252.000000
120.000000 276.000000
140.000000 298.000000
178.000000 306.000000
210.000000 291.000000
231.000000 270.000000
248.000000 248.000000
251.000000 217.000000
256.000000 191.000000
266.000000 165.000000
264.000000 133.000000
256.000000 104.000000
236.000000 74.000000
208.000000 53.000000
154.000000 131.000000
142.000000 126.000000
129.000000 124.000000
116.000000 126.000000
103.000000 133.000000
106.000000 139.000000
118.000000 135.000000
131.000000 134.000000
141.000000 136.000000
151.000000 138.000000
241.000000 132.000000
231.000000 127.000000
219.000000 125.000000
208.000000 128.000000
198.000000 132.000000
201.000000 139.000000
210.000000 136.000000
221.000000 135.000000
231.000000 136.000000
239.000000 138.000000
152.000000 164.000000
146.000000 156.000000
136.000000 152.000000
126.000000 153.000000
118.000000 159.000000
127.000000 164.000000
135.000000 166.000000
142.000000 165.000000
230.000000 158.000000
222.000000 153.000000
213.000000 152.000000
205.000000 156.000000
199.000000 163.000000
207.000000 166.000000
216.000000 166.000000
225.000000 163.000000
135.000000 159.000000
213.000000 159.000000
163.000000 161.000000
161.000000 177.000000
158.000000 190.000000
154.000000 203.000000
149.000000 217.000000
160.000000 225.000000
176.000000 230.000000
190.000000 226.000000
201.000000 216.000000
197.000000 203.000000
194.000000 192.000000
190.000000 177.000000
188.000000 162.000000
206.000000 248.000000
195.000000 245.000000
185.000000 242.000000
175.000000 245.000000
166.000000 243.000000
155.000000 245.000000
143.000000 248.000000
151.000000 255.000000
160.000000 261.000000
170.000000 264.000000
182.000000 264.000000
191.000000 261.000000
198.000000 255.000000
