170.000000 24.000000
133.000000 36.000000
98.000000 56.000000
83.000000 94.000000
78.000000 129.000000
83.000000 162.000000
86.000000 193.000000
92.000000 224.000000
102.000000 255.000000
120.000000 280.000000
144.000000 301.000000
180.000000 310.000000
216.000000 297.000000
240.000000 275.000000
257.000000 248.000000
264.000000 218.000000
269.000000 188.000000
271.000000 158.000000
272.000000 129.000000
267.000000 94.000000
255.000000 55.000000
219.000000 31.000000
154.000000 125.000000
141.000000 119.000000
128.000000 115.000000
115.000000 116.000000
103.000000 123.000000
106.000000 129.000000
117.000000 126.000000
128.000000 127.000000
140.000000 130.000000
151.000000 134.000000
251.000000 122.000000
240.000000 115.000000
227.000000 115.000000
214.000000 119.000000
199.000000 125.000000
202.000000 133.000000
216.000000 129.000000
229.000000 125.000000
239.000000 124.000000
248.000000 127.000000
152.000000 159.000000
145.000000 150.000000
135.000000 146.000000
126.000000 147.000000
117.000000 152.000000
125.000000 158.000000
133.000000 160.000000
141.000000 159.000000
237.000000 150.000000
229.000000 146.000000
219.000000 144.000000
209.000000 148.000000
201.000000 155.000000
211.000000 158.000000
222.000000 159.000000
232.000000 156.000000
133.000000 152.000000
220.000000 152.000000
164.000000 153.000000
162.000000 170.000000
158.000000 183.000000
153.000000 197.000000
147.000000 212.000000
158.000000 220.000000
175.000000 225.000000
191.000000 220.000000
203.000000 211.000000
198.000000 199.000000
192.000000 185.000000
190.000000 171.000000
188.000000 153.000000
210.000000 248.000000
197.000000 244.000000
185.000000 240.000000
176.000000 243.000000
166.000000 241.000000
156.000000 244.000000
144.000000 249.000000
149.000000 259.000000
158.000000 265.000000
170.000000 269.000000
182.000000 269.000000
192.000000 265.000000
201.000000 258.000000
