172.000000 37.000000
137.000000 50.000000
109.000000 69.000000
90.000000 94.000000
81.000000 125.000000
83.000000 158.000000
86.000000 188.000000
92.000000 218.000000
101.000000 250.000000
120.000000 275.000000
145.000000 296.000000
180.000000 307.000000
214.000000 295.000000
239.000000 273.000000
259.000000 247.000000
266.000000 218.000000
270.000000 186.000000
271.000000 157.000000
274.000000 130.000000
262.000000 98.000000
246.000000 74.000000
220.000000 50.000000
149.000000 130.000000
137.000000 126.000000
123.000000 124.000000
111.000000 124.000000
100.000000 129.000000
102.000000 135.000000
112.000000 134.000000
123.000000 134.000000
136.000000 136.000000
148.000000 138.000000
247.000000 125.000000
237.000000 121.000000
225.000000 121.000000
214.000000 122.000000
201.000000 126.000000
202.000000 135.000000
215.000000 132.000000
227.000000 130.000000
236.000000 129.000000
245.000000 131.000000
150.000000 160.000000
146.000000 152.000000
136.000000 144.000000
120.000000 145.000000
110.000000 155.000000
119.000000 163.000000
130.000000 163.000000
140.000000 162.000000
244.000000 152.000000
230.000000 144.000000
217.000000 143.000000
208.000000 151.000000
201.000000 159.000000
211.000000 161.000000
221.000000 164.000000
233.000000 159.000000
131.000000 154.000000
219.000000 154.000000
162.000000 158.000000
160.000000 173.000000
156.000000 187.000000
150.000000 200.000000
143.000000 214.000000
158.000000 222.000000
175.000000 227.000000
191.000000 221.000000
205.000000 212.000000
200.000000 200.000000
195.000000 187.000000
191.000000 173.000000
188.000000 157.000000
212.000000 246.000000
199.000000 242.000000
185.000000 240.000000
176.000000 242.000000
168.000000 240.000000
156.000000 244.000000
142.000000 249.000000
149.000000 260.000000
158.000000 268.000000
171.000000 273.000000
184.000000 272.000000
196.000000 267.000000
206.000000 258.000000
