175.000000 80.000000
141.000000 83.000000
117.000000 99.000000
106.000000 121.000000
94.000000 144.000000
90.000000 170.000000
90.000000 199.000000
96.000000 225.000000
106.000000 249.000000
123.000000 270.000000
144.000000 288.000000
173.000000 299.000000
203.000000 294.000000
225.000000 272.000000
244.000000 253.000000
253.000000 229.000000
257.000000 199.000000
256.000000 171.000000
256.000000 144.000000
247.000000 117.000000
228.000000 97.000000
207.000000 83.000000
152.000000 145.000000
141.000000 142.000000
128.000000 140.000000
116.000000 140.000000
106.000000 146.000000
109.000000 152.000000
118.000000 150.000000
129.000000 149.000000
140.000000 151.000000
150.000000 153.000000
241.000000 145.000000
231.000000 140.000000
219.000000 138.000000
208.000000 140.000000
196.000000 144.000000
199.000000 152.000000
210.000000 149.000000
220.000000 148.000000
230.000000 148.000000
239.000000 151.000000
152.000000 169.000000
146.000000 162.000000
137.000000 158.000000
128.000000 160.000000
121.000000 164.000000
126.000000 169.000000
136.000000 171.000000
145.000000 171.000000
227.000000 163.000000
219.000000 158.000000
210.000000 157.000000
201.000000 160.000000
196.000000 168.000000
203.000000 170.000000
213.000000 170.000000
221.000000 168.000000
135.000000 164.000000
211.000000 163.000000
163.000000 168.000000
162.000000 182.000000
159.000000 195.000000
155.000000 207.000000
150.000000 219.000000
160.000000 227.000000
174.000000 232.000000
189.000000 227.000000
200.000000 218.000000
194.000000 207.000000
189.000000 196.000000
186.000000 182.000000
185.000000 167.000000
203.000000 248.000000
192.000000 248.000000
182.000000 246.000000
174.000000 250.000000
165.000000 247.000000
155.000000 249.000000
142.000000 249.000000
150.000000 258.000000
159.000000 263.000000
169.000000 266.000000
179.000000 266.000000
189.000000 262.000000
197.000000 256.000000
