173.000000 49.000000
141.000000 58.000000
106.000000 74.000000
89.000000 104.000000
83.000000 145.000000
81.000000 174.000000
85.000000 204.000000
93.000000 231.000000
105.000000 258.000000
125.000000 281.000000
148.000000 298.000000
180.000000 306.000000
212.000000 294.000000
235.000000 272.000000
253.000000 247.000000
262.000000 221.000000
267.000000 192.000000
268.000000 163.000000
262.000000 134.000000
256.000000 109.000000
240.000000 85.000000
215.000000 61.000000
147.000000 140.000000
135.000000 138.000000
122.000000 136.000000
110.000000 136.000000
98.000000 141.000000
100.000000 148.000000
111.000000 146.000000
123.000000 146.000000
135.000000 147.000000
146.000000 148.000000
243.000000 133.000000
231.000000 130.000000
218.000000 130.000000
206.000000 133.000000
194.000000 137.000000
196.000000 145.000000
208.000000 141.000000
220.000000 139.000000
231.000000 138.000000
241.000000 140.000000
147.000000 165.000000
140.000000 158.000000
130.000000 156.000000
121.000000 157.000000
114.000000 162.000000
121.000000 167.000000
130.000000 168.000000
138.000000 167.000000
230.000000 155.000000
222.000000 150.000000
212.000000 150.000000
203.000000 154.000000
197.000000 161.000000
206.000000 163.000000
216.000000 163.000000
225.000000 160.000000
129.000000 161.000000
214.000000 156.000000
159.000000 160.000000
158.000000 176.000000
155.000000 190.000000
152.000000 204.000000
147.000000 217.000000
159.000000 223.000000
175.000000 226.000000
191.000000 221.000000
203.000000 213.000000
197.000000 201.000000
192.000000 189.000000
188.000000 174.000000
185.000000 159.000000
208.000000 247.000000
195.000000 245.000000
186.000000 243.000000
177.000000 246.000000
166.000000 244.000000
156.000000 248.000000
144.000000 252.000000
153.000000 260.000000
161.000000 265.000000
172.000000 268.000000
183.000000 268.000000
193.000000 264.000000
201.000000 257.000000
