162.000000 29.000000
117.000000 39.000000
82.000000 58.000000
69.000000 84.000000
63.000000 121.000000
62.000000 159.000000
67.000000 197.000000
71.000000 233.000000
85.000000 278.000000
112.000000 304.000000
143.000000 323.000000
181.000000 332.000000
222.000000 322.000000
251.000000 301.000000
273.000000 270.000000
280.000000 227.000000
282.000000 185.000000
276.000000 157.000000
269.000000 125.000000
264.000000 89.000000
247.000000 55.000000
206.000000 31.000000
146.000000 139.000000
131.000000 134.000000
117.000000 131.000000
103.000000 129.000000
92.000000 134.000000
95.000000 142.000000
105.000000 140.000000
117.000000 141.000000
130.000000 144.000000
144.000000 147.000000
249.000000 127.000000
236.000000 122.000000
223.000000 124.000000
210.000000 128.000000
196.000000 134.000000
199.000000 142.000000
213.000000 137.000000
225.000000 133.000000
237.000000 131.000000
248.000000 134.000000
145.000000 171.000000
137.000000 162.000000
126.000000 158.000000
114.000000 160.000000
107.000000 167.000000
114.000000 172.000000
125.000000 173.000000
135.000000 172.000000
238.000000 159.000000
228.000000 153.000000
217.000000 153.000000
207.000000 157.000000
200.000000 166.000000
210.000000 168.000000
221.000000 168.000000
231.000000 165.000000
125.000000 164.000000
219.000000 160.000000
159.000000 167.000000
156.000000 183.000000
153.000000 199.000000
147.000000 214.000000
146.000000 229.000000
159.000000 236.000000
175.000000 240.000000
189.000000 234.000000
203.000000 225.000000
201.000000 211.000000
195.000000 197.000000
189.000000 180.000000
186.000000 165.000000
209.000000 267.000000
197.000000 259.000000
186.000000 255.000000
176.000000 259.000000
164.000000 256.000000
154.000000 261.000000
145.000000 268.000000
151.000000 278.000000
160.000000 285.000000
172.000000 290.000000
184.000000 289.000000
196.000000 284.000000
204.000000 276.000000
