159.000000 70.000000
117.000000 78.000000
87.000000 87.000000
80.000000 118.000000
76.000000 147.000000
77.000000 179.000000
83.000000 207.000000
91.000000 234.000000
101.000000 261.000000
118.000000 285.000000
141.000000 306.000000
175.000000 319.000000
209.000000 304.000000
235.000000 281.000000
253.000000 254.000000
260.000000 229.000000
265.000000 195.000000
268.000000 168.000000
266.000000 137.000000
255.000000 105.000000
237.000000 75.000000
207.000000 67.000000
142.000000 142.000000
128.000000 138.000000
114.000000 137.000000
100.000000 138.000000
89.000000 144.000000
91.000000 151.000000
102.000000 148.000000
114.000000 147.000000
127.000000 148.000000
139.000000 150.000000
242.000000 136.000000
230.000000 130.000000
216.000000 128.000000
201.000000 131.000000
187.000000 136.000000
189.000000 145.000000
203.000000 140.000000
217.000000 138.000000
229.000000 138.000000
239.000000 142.000000
142.000000 169.000000
135.000000 161.000000
125.000000 158.000000
116.000000 160.000000
108.000000 165.000000
114.000000 172.000000
124.000000 174.000000
133.000000 173.000000
225.000000 161.000000
217.000000 155.000000
206.000000 154.000000
196.000000 158.000000
189.000000 167.000000
198.000000 169.000000
209.000000 170.000000
219.000000 167.000000
125.000000 165.000000
208.000000 161.000000
153.000000 165.000000
151.000000 182.000000
149.000000 197.000000
144.000000 211.000000
139.000000 226.000000
151.000000 233.000000
167.000000 237.000000
184.000000 231.000000
197.000000 221.000000
191.000000 209.000000
185.000000 196.000000
180.000000 180.000000
177.000000 164.000000
205.000000 254.000000
191.000000 252.000000
179.000000 251.000000
169.000000 254.000000
160.000000 252.000000
149.000000 256.000000
137.000000 259.000000
145.000000 268.000000
153.000000 275.000000
165.000000 279.000000
177.000000 278.000000
188.000000 272.000000
197.000000 265.000000
