182.000000 52.000000
144.000000 57.000000
121.000000 74.000000
109.000000 98.000000
96.000000 122.000000
91.000000 149.000000
88.000000 177.000000
90.000000 205.000000
98.000000 234.000000
115.000000 258.000000
139.000000 278.000000
170.000000 287.000000
206.000000 279.000000
234.000000 261.000000
252.000000 238.000000
261.000000 210.000000
266.000000 182.000000
267.000000 155.000000
269.000000 132.000000
265.000000 103.000000
251.000000 80.000000
224.000000 61.000000
159.000000 119.000000
147.000000 114.000000
135.000000 111.000000
123.000000 111.000000
111.000000 116.000000
113.000000 124.000000
124.000000 123.000000
135.000000 123.000000
146.000000 124.000000
156.000000 128.000000
247.000000 121.000000
236.000000 116.000000
225.000000 116.000000
213.000000 117.000000
201.000000 121.000000
203.000000 129.000000
215.000000 127.000000
226.000000 126.000000
236.000000 126.000000
246.000000 128.000000
154.000000 147.000000
147.000000 140.000000
138.000000 138.000000
129.000000 138.000000
122.000000 143.000000
128.000000 147.000000
136.000000 149.000000
145.000000 149.000000
234.000000 148.000000
227.000000 143.000000
218.000000 141.000000
210.000000 143.000000
203.000000 148.000000
211.000000 152.000000
219.000000 153.000000
228.000000 152.000000
137.000000 143.000000
218.000000 147.000000
167.000000 143.000000
163.000000 158.000000
158.000000 172.000000
152.000000 184.000000
147.000000 197.000000
160.000000 204.000000
175.000000 208.000000
190.000000 204.000000
204.000000 197.000000
200.000000 185.000000
194.000000 172.000000
191.000000 159.000000
189.000000 144.000000
208.000000 228.000000
194.000000 224.000000
183.000000 220.000000
174.000000 223.000000
164.000000 220.000000
152.000000 222.000000
139.000000 225.000000
147.000000 233.000000
155.000000 239.000000
166.000000 242.000000
178.000000 243.000000
189.000000 240.000000
198.000000 235.000000
