173.000000 33.000000
130.000000 48.000000
110.000000 71.000000
89.000000 96.000000
87.000000 122.000000
83.000000 149.000000
84.000000 180.000000
90.000000 209.000000
98.000000 239.000000
118.000000 263.000000
143.000000 280.000000
176.000000 287.000000
209.000000 276.000000
231.000000 264.000000
251.000000 243.000000
262.000000 210.000000
266.000000 179.000000
271.000000 150.000000
269.000000 124.000000
262.000000 91.000000
246.000000 62.000000
213.000000 41.000000
153.000000 112.000000
139.000000 108.000000
127.000000 106.000000
113.000000 108.000000
102.000000 114.000000
105.000000 120.000000
115.000000 116.000000
127.000000 116.000000
139.000000 118.000000
150.000000 121.000000
247.000000 113.000000
235.000000 107.000000
222.000000 107.000000
209.000000 109.000000
198.000000 112.000000
201.000000 120.000000
212.000000 118.000000
223.000000 115.000000
234.000000 116.000000
244.000000 118.000000
153.000000 145.000000
145.000000 137.000000
134.000000 134.000000
123.000000 136.000000
116.000000 142.000000
124.000000 147.000000
134.000000 148.000000
143.000000 147.000000
233.000000 140.000000
225.000000 135.000000
215.000000 134.000000
207.000000 137.000000
201.000000 144.000000
209.000000 147.000000
218.000000 148.000000
227.000000 146.000000
134.000000 141.000000
216.000000 141.000000
166.000000 141.000000
164.000000 156.000000
162.000000 170.000000
157.000000 183.000000
153.000000 195.000000
165.000000 201.000000
178.000000 204.000000
191.000000 202.000000
201.000000 196.000000
197.000000 183.000000
193.000000 170.000000
190.000000 157.000000
189.000000 141.000000
204.000000 228.000000
194.000000 223.000000
186.000000 219.000000
178.000000 223.000000
168.000000 220.000000
158.000000 224.000000
146.000000 230.000000
155.000000 236.000000
164.000000 240.000000
172.000000 242.000000
182.000000 242.000000
190.000000 239.000000
197.000000 234.000000
