177.000000 32.000000
137.000000 43.000000
111.000000 59.000000
94.000000 82.000000
86.000000 108.000000
82.000000 133.000000
82.000000 174.000000
87.000000 211.000000
93.000000 243.000000
111.000000 267.000000
135.000000 278.000000
166.000000 289.000000
206.000000 281.000000
232.000000 263.000000
253.000000 227.000000
261.000000 201.000000
261.000000 169.000000
262.000000 142.000000
259.000000 116.000000
262.000000 95.000000
249.000000 69.000000
221.000000 46.000000
151.000000 111.000000
138.000000 106.000000
126.000000 103.000000
114.000000 102.000000
105.000000 109.000000
108.000000 117.000000
116.000000 113.000000
126.000000 114.000000
138.000000 117.000000
149.000000 120.000000
237.000000 110.000000
226.000000 104.000000
215.000000 104.000000
204.000000 106.000000
191.000000 111.000000
193.000000 120.000000
206.000000 116.000000
216.000000 114.000000
226.000000 114.000000
235.000000 117.000000
147.000000 141.000000
141.000000 133.000000
132.000000 130.000000
122.000000 132.000000
116.000000 137.000000
123.000000 141.000000
131.000000 143.000000
139.000000 143.000000
226.000000 138.000000
219.000000 132.000000
209.000000 130.000000
200.000000 133.000000
193.000000 140.000000
201.000000 143.000000
211.000000 144.000000
220.000000 142.000000
132.000000 136.000000
209.000000 137.000000
159.000000 136.000000
155.000000 150.000000
151.000000 162.000000
145.000000 173.000000
141.000000 185.000000
153.000000 191.000000
167.000000 195.000000
181.000000 192.000000
194.000000 185.000000
190.000000 173.000000
186.000000 162.000000
182.000000 150.000000
181.000000 137.000000
200.000000 218.000000
188.000000 212.000000
177.000000 209.000000
167.000000 211.000000
156.000000 208.000000
146.000000 211.000000
135.000000 215.000000
142.000000 222.000000
151.000000 228.000000
161.000000 231.000000
172.000000 232.000000
183.000000 230.000000
193.000000 225.000000
