171.000000 53.000000
142.000000 58.000000
116.000000 73.000000
96.000000 94.000000
83.000000 121.000000
80.000000 150.000000
81.000000 183.000000
87.000000 214.000000
97.000000 244.000000
115.000000 269.000000
139.000000 288.000000
175.000000 297.000000
210.000000 283.000000
234.000000 261.000000
254.000000 235.000000
262.000000 206.000000
267.000000 174.000000
269.000000 144.000000
263.000000 115.000000
249.000000 89.000000
227.000000 69.000000
201.000000 56.000000
145.000000 123.000000
131.000000 117.000000
117.000000 113.000000
103.000000 114.000000
93.000000 122.000000
96.000000 127.000000
105.000000 123.000000
118.000000 123.000000
130.000000 126.000000
142.000000 130.000000
246.000000 119.000000
233.000000 114.000000
220.000000 115.000000
206.000000 119.000000
195.000000 125.000000
198.000000 130.000000
209.000000 126.000000
221.000000 124.000000
233.000000 123.000000
243.000000 124.000000
149.000000 152.000000
140.000000 144.000000
130.000000 140.000000
120.000000 142.000000
108.000000 149.000000
120.000000 152.000000
128.000000 153.000000
137.000000 153.000000
234.000000 144.000000
223.000000 140.000000
213.000000 139.000000
203.000000 143.000000
196.000000 149.000000
204.000000 151.000000
215.000000 153.000000
225.000000 150.000000
129.000000 147.000000
214.000000 146.000000
159.000000 149.000000
156.000000 164.000000
153.000000 178.000000
147.000000 193.000000
143.000000 207.000000
156.000000 214.000000
175.000000 219.000000
188.000000 212.000000
200.000000 207.000000
195.000000 190.000000
190.000000 178.000000
186.000000 163.000000
183.000000 148.000000
210.000000 233.000000
195.000000 232.000000
182.000000 231.000000
173.000000 235.000000
163.000000 232.000000
150.000000 235.000000
135.000000 239.000000
144.000000 248.000000
155.000000 254.000000
166.000000 255.000000
179.000000 255.000000
192.000000 250.000000
200.000000 244.000000
