175.000000 25.000000
136.000000 38.000000
105.000000 62.000000
86.000000 92.000000
80.000000 131.000000
76.000000 162.000000
78.000000 194.000000
83.000000 227.000000
94.000000 259.000000
116.000000 286.000000
144.000000 306.000000
179.000000 315.000000
215.000000 301.000000
240.000000 278.000000
258.000000 253.000000
268.000000 224.000000
273.000000 190.000000
278.000000 158.000000
272.000000 127.000000
267.000000 93.000000
248.000000 58.000000
220.000000 37.000000
151.000000 126.000000
138.000000 122.000000
124.000000 119.000000
110.000000 119.000000
98.000000 126.000000
101.000000 132.000000
112.000000 130.000000
125.000000 130.000000
138.000000 133.000000
149.000000 135.000000
250.000000 122.000000
237.000000 118.000000
224.000000 119.000000
211.000000 122.000000
200.000000 126.000000
203.000000 133.000000
214.000000 131.000000
226.000000 129.000000
237.000000 128.000000
248.000000 129.000000
152.000000 159.000000
144.000000 152.000000
134.000000 148.000000
123.000000 149.000000
114.000000 153.000000
122.000000 159.000000
131.000000 161.000000
141.000000 161.000000
238.000000 151.000000
229.000000 147.000000
219.000000 147.000000
210.000000 151.000000
203.000000 157.000000
212.000000 160.000000
221.000000 160.000000
232.000000 157.000000
130.000000 154.000000
221.000000 154.000000
164.000000 156.000000
162.000000 171.000000
160.000000 186.000000
155.000000 200.000000
149.000000 214.000000
162.000000 222.000000
180.000000 227.000000
198.000000 221.000000
210.000000 211.000000
203.000000 197.000000
197.000000 186.000000
193.000000 170.000000
190.000000 156.000000
215.000000 249.000000
202.000000 247.000000
191.000000 246.000000
181.000000 249.000000
170.000000 246.000000
157.000000 249.000000
144.000000 251.000000
151.000000 261.000000
161.000000 268.000000
174.000000 273.000000
187.000000 273.000000
198.000000 267.000000
207.000000 260.000000
