168.000000 33.000000
135.000000 41.000000
103.000000 58.000000
83.000000 94.000000
72.000000 123.000000
67.000000 155.000000
67.000000 189.000000
73.000000 223.000000
84.000000 255.000000
103.000000 282.000000
129.000000 304.000000
166.000000 319.000000
210.000000 310.000000
236.000000 290.000000
254.000000 261.000000
265.000000 228.000000
270.000000 194.000000
272.000000 159.000000
268.000000 127.000000
260.000000 95.000000
244.000000 67.000000
211.000000 45.000000
144.000000 121.000000
131.000000 116.000000
116.000000 113.000000
102.000000 113.000000
91.000000 119.000000
93.000000 126.000000
104.000000 124.000000
117.000000 124.000000
130.000000 127.000000
142.000000 131.000000
247.000000 122.000000
235.000000 117.000000
222.000000 115.000000
208.000000 118.000000
194.000000 123.000000
197.000000 133.000000
211.000000 129.000000
224.000000 127.000000
235.000000 127.000000
245.000000 129.000000
141.000000 157.000000
134.000000 148.000000
123.000000 144.000000
113.000000 146.000000
105.000000 151.000000
112.000000 157.000000
121.000000 159.000000
131.000000 159.000000
232.000000 153.000000
224.000000 147.000000
215.000000 145.000000
206.000000 149.000000
199.000000 156.000000
207.000000 159.000000
217.000000 160.000000
226.000000 158.000000
122.000000 151.000000
215.000000 153.000000
153.000000 153.000000
151.000000 169.000000
147.000000 184.000000
142.000000 197.000000
138.000000 211.000000
152.000000 221.000000
169.000000 226.000000
185.000000 221.000000
199.000000 211.000000
195.000000 197.000000
189.000000 184.000000
186.000000 169.000000
184.000000 152.000000
211.000000 251.000000
194.000000 246.000000
179.000000 242.000000
168.000000 244.000000
158.000000 241.000000
146.000000 246.000000
131.000000 251.000000
139.000000 262.000000
148.000000 269.000000
161.000000 274.000000
175.000000 274.000000
188.000000 269.000000
199.000000 262.000000
