174.000000 41.000000
138.000000 54.000000
113.000000 72.000000
100.000000 103.000000
92.000000 133.000000
87.000000 160.000000
88.000000 189.000000
93.000000 218.000000
101.000000 248.000000
120.000000 273.000000
143.000000 294.000000
175.000000 298.000000
208.000000 287.000000
230.000000 272.000000
248.000000 249.000000
256.000000 219.000000
261.000000 192.000000
265.000000 165.000000
261.000000 138.000000
259.000000 112.000000
247.000000 76.000000
217.000000 52.000000
156.000000 126.000000
143.000000 121.000000
130.000000 117.000000
116.000000 119.000000
104.000000 126.000000
107.000000 132.000000
118.000000 129.000000
130.000000 128.000000
142.000000 131.000000
153.000000 135.000000
247.000000 130.000000
236.000000 123.000000
224.000000 122.000000
211.000000 124.000000
198.000000 129.000000
200.000000 137.000000
213.000000 134.000000
225.000000 132.000000
235.000000 132.000000
244.000000 135.000000
154.000000 159.000000
147.000000 152.000000
138.000000 148.000000
128.000000 148.000000
120.000000 153.000000
126.000000 159.000000
135.000000 161.000000
145.000000 161.000000
231.000000 155.000000
224.000000 151.000000
216.000000 149.000000
207.000000 152.000000
200.000000 158.000000
208.000000 162.000000
217.000000 163.000000
226.000000 161.000000
137.000000 154.000000
215.000000 156.000000
166.000000 155.000000
165.000000 170.000000
162.000000 182.000000
157.000000 194.000000
153.000000 206.000000
164.000000 213.000000
177.000000 216.000000
189.000000 214.000000
201.000000 208.000000
197.000000 196.000000
193.000000 184.000000
191.000000 171.000000
189.000000 156.000000
205.000000 239.000000
195.000000 234.000000
186.000000 231.000000
177.000000 234.000000
168.000000 231.000000
158.000000 234.000000
147.000000 238.000000
153.000000 246.000000
161.000000 252.000000
172.000000 254.000000
182.000000 254.000000
191.000000 251.000000
198.000000 246.000000
