173.000000 29.000000
136.000000 42.000000
107.000000 56.000000
89.000000 84.000000
80.000000 132.000000
75.000000 163.000000
74.000000 197.000000
77.000000 230.000000
87.000000 262.000000
109.000000 286.000000
136.000000 305.000000
169.000000 314.000000
206.000000 306.000000
236.000000 287.000000
260.000000 260.000000
268.000000 228.000000
273.000000 197.000000
274.000000 163.000000
278.000000 141.000000
272.000000 104.000000
260.000000 69.000000
226.000000 41.000000
151.000000 124.000000
136.000000 119.000000
122.000000 117.000000
109.000000 119.000000
98.000000 126.000000
100.000000 132.000000
111.000000 129.000000
123.000000 128.000000
136.000000 129.000000
148.000000 133.000000
253.000000 125.000000
241.000000 117.000000
227.000000 116.000000
214.000000 118.000000
199.000000 124.000000
201.000000 132.000000
216.000000 128.000000
228.000000 125.000000
240.000000 126.000000
250.000000 131.000000
148.000000 158.000000
140.000000 150.000000
129.000000 147.000000
120.000000 149.000000
107.000000 157.000000
119.000000 158.000000
129.000000 160.000000
139.000000 160.000000
241.000000 154.000000
227.000000 147.000000
217.000000 146.000000
207.000000 149.000000
199.000000 156.000000
209.000000 159.000000
218.000000 159.000000
228.000000 157.000000
129.000000 153.000000
218.000000 152.000000
161.000000 153.000000
158.000000 170.000000
153.000000 186.000000
146.000000 200.000000
142.000000 216.000000
156.000000 223.000000
171.000000 226.000000
187.000000 224.000000
202.000000 215.000000
198.000000 201.000000
192.000000 186.000000
188.000000 171.000000
187.000000 153.000000
209.000000 252.000000
195.000000 249.000000
182.000000 244.000000
171.000000 246.000000
160.000000 244.000000
148.000000 247.000000
133.000000 249.000000
142.000000 259.000000
152.000000 265.000000
164.000000 269.000000
176.000000 269.000000
188.000000 266.000000
198.000000 260.000000
