174.000000 60.000000
138.000000 72.000000
109.000000 89.000000
93.000000 120.000000
89.000000 153.000000
85.000000 181.000000
86.000000 212.000000
91.000000 240.000000
102.000000 267.000000
121.000000 289.000000
144.000000 304.000000
176.000000 311.000000
207.000000 303.000000
232.000000 290.000000
250.000000 265.000000
259.000000 240.000000
264.000000 212.000000
271.000000 187.000000
272.000000 160.000000
268.000000 127.000000
249.000000 99.000000
219.000000 72.000000
155.000000 154.000000
143.000000 150.000000
131.000000 147.000000
119.000000 147.000000
108.000000 151.000000
110.000000 158.000000
120.000000 156.000000
132.000000 157.000000
142.000000 159.000000
152.000000 161.000000
243.000000 154.000000
232.000000 149.000000
221.000000 150.000000
209.000000 152.000000
198.000000 155.000000
200.000000 162.000000
211.000000 160.000000
222.000000 158.000000
232.000000 158.000000
241.000000 160.000000
154.000000 183.000000
147.000000 176.000000
138.000000 173.000000
129.000000 174.000000
121.000000 178.000000
129.000000 183.000000
137.000000 186.000000
144.000000 185.000000
231.000000 178.000000
223.000000 173.000000
214.000000 173.000000
206.000000 176.000000
200.000000 182.000000
208.000000 185.000000
217.000000 186.000000
225.000000 184.000000
137.000000 179.000000
215.000000 179.000000
165.000000 179.000000
163.000000 193.000000
160.000000 206.000000
156.000000 218.000000
152.000000 230.000000
163.000000 237.000000
177.000000 241.000000
190.000000 237.000000
200.000000 229.000000
196.000000 217.000000
192.000000 206.000000
189.000000 193.000000
187.000000 179.000000
208.000000 258.000000
196.000000 257.000000
186.000000 256.000000
178.000000 259.000000
169.000000 256.000000
158.000000 259.000000
147.000000 260.000000
155.000000 268.000000
163.000000 274.000000
173.000000 277.000000
183.000000 277.000000
192.000000 273.000000
200.000000 267.000000
