176.000000 33.000000
146.000000 33.000000
118.000000 47.000000
96.000000 72.000000
86.000000 116.000000
81.000000 145.000000
82.000000 177.000000
86.000000 207.000000
94.000000 238.000000
111.000000 264.000000
136.000000 286.000000
174.000000 298.000000
211.000000 284.000000
239.000000 261.000000
258.000000 233.000000
263.000000 205.000000
269.000000 176.000000
271.000000 147.000000
267.000000 117.000000
263.000000 84.000000
244.000000 57.000000
214.000000 42.000000
149.000000 113.000000
136.000000 110.000000
125.000000 108.000000
113.000000 108.000000
101.000000 112.000000
102.000000 119.000000
113.000000 117.000000
125.000000 117.000000
136.000000 120.000000
147.000000 122.000000
248.000000 112.000000
238.000000 107.000000
226.000000 107.000000
214.000000 108.000000
203.000000 112.000000
205.000000 120.000000
216.000000 117.000000
227.000000 114.000000
237.000000 115.000000
246.000000 118.000000
149.000000 143.000000
142.000000 136.000000
132.000000 133.000000
123.000000 134.000000
115.000000 139.000000
122.000000 144.000000
132.000000 146.000000
141.000000 145.000000
234.000000 138.000000
226.000000 133.000000
217.000000 133.000000
208.000000 136.000000
202.000000 142.000000
210.000000 145.000000
219.000000 145.000000
228.000000 143.000000
134.000000 139.000000
219.000000 139.000000
162.000000 138.000000
159.000000 154.000000
155.000000 168.000000
150.000000 182.000000
144.000000 197.000000
157.000000 204.000000
173.000000 208.000000
189.000000 205.000000
202.000000 197.000000
198.000000 184.000000
194.000000 170.000000
191.000000 155.000000
189.000000 139.000000
205.000000 236.000000
192.000000 232.000000
182.000000 228.000000
173.000000 231.000000
164.000000 228.000000
153.000000 232.000000
141.000000 234.000000
147.000000 243.000000
157.000000 249.000000
167.000000 252.000000
178.000000 252.000000
188.000000 249.000000
197.000000 244.000000
