180.000000 73.000000
142.000000 76.000000
106.000000 92.000000
94.000000 118.000000
85.000000 146.000000
81.000000 176.000000
86.000000 208.000000
97.000000 236.000000
109.000000 261.000000
125.000000 283.000000
147.000000 307.000000
178.000000 316.000000
206.000000 306.000000
229.000000 286.000000
252.000000 263.000000
262.000000 236.000000
272.000000 207.000000
276.000000 173.000000
273.000000 143.000000
260.000000 116.000000
253.000000 84.000000
216.000000 76.000000
153.000000 147.000000
142.000000 142.000000
128.000000 140.000000
115.000000 138.000000
103.000000 141.000000
103.000000 150.000000
116.000000 149.000000
128.000000 150.000000
140.000000 152.000000
151.000000 156.000000
251.000000 142.000000
241.000000 139.000000
228.000000 139.000000
215.000000 142.000000
202.000000 148.000000
204.000000 156.000000
217.000000 152.000000
229.000000 149.000000
240.000000 148.000000
249.000000 149.000000
152.000000 174.000000
144.000000 164.000000
133.000000 160.000000
122.000000 162.000000
114.000000 169.000000
122.000000 174.000000
132.000000 177.000000
142.000000 177.000000
239.000000 168.000000
231.000000 161.000000
220.000000 160.000000
210.000000 164.000000
203.000000 172.000000
212.000000 176.000000
223.000000 177.000000
232.000000 174.000000
132.000000 168.000000
219.000000 168.000000
163.000000 169.000000
161.000000 185.000000
157.000000 200.000000
152.000000 214.000000
148.000000 229.000000
161.000000 238.000000
177.000000 242.000000
194.000000 237.000000
206.000000 227.000000
202.000000 213.000000
196.000000 200.000000
191.000000 185.000000
189.000000 169.000000
214.000000 259.000000
199.000000 258.000000
186.000000 256.000000
177.000000 259.000000
170.000000 257.000000
156.000000 260.000000
140.000000 261.000000
151.000000 271.000000
160.000000 277.000000
172.000000 280.000000
184.000000 279.000000
195.000000 275.000000
204.000000 268.000000
