179.000000 8.000000
142.000000 10.000000
106.000000 30.000000
81.000000 61.000000
71.000000 107.000000
72.000000 144.000000
72.000000 180.000000
77.000000 212.000000
87.000000 243.000000
107.000000 269.000000
132.000000 290.000000
167.000000 302.000000
203.000000 294.000000
230.000000 275.000000
250.000000 251.000000
262.000000 220.000000
270.000000 188.000000
273.000000 152.000000
275.000000 115.000000
271.000000 83.000000
253.000000 38.000000
221.000000 14.000000
152.000000 116.000000
138.000000 111.000000
124.000000 109.000000
109.000000 110.000000
98.000000 117.000000
101.000000 125.000000
112.000000 122.000000
124.000000 122.000000
136.000000 122.000000
148.000000 125.000000
252.000000 123.000000
239.000000 115.000000
225.000000 112.000000
211.000000 113.000000
198.000000 116.000000
201.000000 126.000000
213.000000 124.000000
225.000000 123.000000
238.000000 126.000000
249.000000 131.000000
148.000000 150.000000
141.000000 142.000000
130.000000 139.000000
120.000000 140.000000
113.000000 144.000000
120.000000 150.000000
130.000000 151.000000
140.000000 151.000000
235.000000 149.000000
226.000000 143.000000
216.000000 143.000000
207.000000 145.000000
200.000000 151.000000
208.000000 154.000000
218.000000 154.000000
227.000000 153.000000
129.000000 144.000000
217.000000 148.000000
162.000000 146.000000
159.000000 163.000000
156.000000 178.000000
149.000000 190.000000
143.000000 205.000000
156.000000 212.000000
173.000000 218.000000
190.000000 214.000000
203.000000 206.000000
197.000000 192.000000
192.000000 178.000000
188.000000 164.000000
187.000000 147.000000
206.000000 240.000000
193.000000 235.000000
182.000000 232.000000
172.000000 235.000000
161.000000 232.000000
149.000000 235.000000
137.000000 242.000000
144.000000 246.000000
153.000000 251.000000
165.000000 255.000000
177.000000 256.000000
189.000000 252.000000
198.000000 247.000000
