180.000000 78.000000
153.000000 83.000000
127.000000 89.000000
109.000000 103.000000
92.000000 124.000000
84.000000 152.000000
80.000000 190.000000
84.000000 223.000000
92.000000 256.000000
112.000000 282.000000
139.000000 304.000000
178.000000 315.000000
214.000000 303.000000
240.000000 281.000000
260.000000 252.000000
267.000000 220.000000
271.000000 188.000000
272.000000 157.000000
268.000000 127.000000
254.000000 99.000000
234.000000 86.000000
205.000000 80.000000
153.000000 131.000000
138.000000 127.000000
124.000000 126.000000
111.000000 128.000000
98.000000 135.000000
102.000000 143.000000
113.000000 139.000000
126.000000 137.000000
138.000000 137.000000
150.000000 139.000000
248.000000 131.000000
238.000000 127.000000
227.000000 127.000000
214.000000 129.000000
203.000000 134.000000
204.000000 142.000000
216.000000 139.000000
228.000000 137.000000
237.000000 136.000000
246.000000 138.000000
152.000000 161.000000
146.000000 153.000000
136.000000 150.000000
126.000000 151.000000
117.000000 156.000000
124.000000 163.000000
133.000000 165.000000
142.000000 165.000000
238.000000 157.000000
230.000000 152.000000
220.000000 150.000000
209.000000 153.000000
203.000000 161.000000
212.000000 165.000000
223.000000 165.000000
232.000000 163.000000
133.000000 157.000000
219.000000 157.000000
165.000000 157.000000
162.000000 173.000000
158.000000 188.000000
153.000000 203.000000
147.000000 218.000000
161.000000 225.000000
177.000000 229.000000
194.000000 226.000000
207.000000 218.000000
203.000000 205.000000
198.000000 190.000000
194.000000 175.000000
191.000000 157.000000
214.000000 250.000000
201.000000 249.000000
189.000000 246.000000
178.000000 249.000000
168.000000 246.000000
156.000000 250.000000
141.000000 253.000000
151.000000 263.000000
160.000000 270.000000
172.000000 273.000000
184.000000 273.000000
195.000000 268.000000
205.000000 261.000000
