180.000000 45.000000
147.000000 50.000000
116.000000 57.000000
92.000000 86.000000
87.000000 123.000000
83.000000 153.000000
83.000000 185.000000
87.000000 214.000000
98.000000 244.000000
120.000000 267.000000
150.000000 284.000000
185.000000 292.000000
219.000000 282.000000
245.000000 264.000000
265.000000 241.000000
274.000000 211.000000
278.000000 180.000000
278.000000 148.000000
272.000000 118.000000
269.000000 89.000000
248.000000 55.000000
214.000000 46.000000
159.000000 115.000000
144.000000 111.000000
129.000000 110.000000
115.000000 111.000000
103.000000 118.000000
106.000000 125.000000
117.000000 122.000000
130.000000 121.000000
144.000000 122.000000
157.000000 125.000000
255.000000 115.000000
244.000000 109.000000
230.000000 107.000000
217.000000 109.000000
204.000000 113.000000
207.000000 123.000000
220.000000 119.000000
231.000000 118.000000
243.000000 118.000000
253.000000 122.000000
156.000000 148.000000
149.000000 141.000000
139.000000 138.000000
129.000000 140.000000
121.000000 145.000000
129.000000 150.000000
139.000000 152.000000
149.000000 151.000000
241.000000 142.000000
232.000000 138.000000
223.000000 137.000000
214.000000 139.000000
207.000000 146.000000
216.000000 149.000000
225.000000 150.000000
235.000000 147.000000
138.000000 144.000000
223.000000 143.000000
170.000000 144.000000
168.000000 159.000000
165.000000 173.000000
159.000000 185.000000
155.000000 199.000000
169.000000 205.000000
185.000000 209.000000
200.000000 205.000000
213.000000 196.000000
207.000000 184.000000
201.000000 173.000000
196.000000 158.000000
194.000000 143.000000
218.000000 232.000000
206.000000 227.000000
195.000000 224.000000
184.000000 227.000000
173.000000 224.000000
161.000000 227.000000
147.000000 231.000000
156.000000 240.000000
166.000000 247.000000
178.000000 251.000000
191.000000 251.000000
203.000000 246.000000
212.000000 239.000000
