177.000000 53.000000
148.000000 57.000000
121.000000 70.000000
100.000000 91.000000
86.000000 118.000000
81.000000 147.000000
83.000000 179.000000
88.000000 210.000000
97.000000 242.000000
114.000000 269.000000
137.000000 292.000000
171.000000 305.000000
208.000000 294.000000
235.000000 270.000000
255.000000 243.000000
265.000000 212.000000
267.000000 180.000000
266.000000 150.000000
262.000000 120.000000
254.000000 92.000000
233.000000 71.000000
207.000000 57.000000
148.000000 112.000000
135.000000 106.000000
122.000000 104.000000
108.000000 105.000000
97.000000 112.000000
100.000000 117.000000
110.000000 115.000000
123.000000 114.000000
135.000000 117.000000
145.000000 120.000000
247.000000 111.000000
235.000000 105.000000
221.000000 105.000000
207.000000 108.000000
194.000000 114.000000
198.000000 121.000000
210.000000 117.000000
223.000000 114.000000
234.000000 114.000000
244.000000 117.000000
147.000000 145.000000
140.000000 137.000000
131.000000 132.000000
121.000000 133.000000
113.000000 137.000000
120.000000 143.000000
129.000000 146.000000
137.000000 146.000000
232.000000 141.000000
224.000000 136.000000
214.000000 134.000000
205.000000 138.000000
197.000000 144.000000
206.000000 146.000000
215.000000 147.000000
225.000000 146.000000
131.000000 138.000000
213.000000 140.000000
159.000000 141.000000
156.000000 159.000000
153.000000 174.000000
148.000000 187.000000
142.000000 202.000000
155.000000 210.000000
171.000000 215.000000
186.000000 210.000000
200.000000 201.000000
195.000000 189.000000
190.000000 175.000000
186.000000 160.000000
185.000000 141.000000
209.000000 238.000000
195.000000 235.000000
182.000000 232.000000
172.000000 236.000000
161.000000 232.000000
149.000000 235.000000
137.000000 240.000000
144.000000 251.000000
153.000000 258.000000
165.000000 263.000000
178.000000 263.000000
190.000000 258.000000
200.000000 249.000000
