183.000000 56.000000
150.000000 60.000000
119.000000 71.000000
99.000000 98.000000
95.000000 131.000000
91.000000 158.000000
91.000000 192.000000
95.000000 219.000000
102.000000 248.000000
122.000000 275.000000
142.000000 297.000000
175.000000 308.000000
208.000000 298.000000
231.000000 277.000000
247.000000 253.000000
253.000000 226.000000
261.000000 195.000000
261.000000 167.000000
260.000000 139.000000
258.000000 112.000000
243.000000 73.000000
213.000000 58.000000
153.000000 127.000000
141.000000 122.000000
129.000000 119.000000
116.000000 118.000000
106.000000 123.000000
107.000000 132.000000
118.000000 130.000000
129.000000 131.000000
140.000000 133.000000
151.000000 136.000000
254.000000 130.000000
242.000000 124.000000
230.000000 124.000000
217.000000 126.000000
205.000000 130.000000
208.000000 138.000000
220.000000 136.000000
231.000000 135.000000
242.000000 136.000000
253.000000 138.000000
152.000000 154.000000
145.000000 147.000000
135.000000 143.000000
126.000000 144.000000
118.000000 148.000000
125.000000 154.000000
134.000000 155.000000
143.000000 155.000000
238.000000 153.000000
230.000000 148.000000
221.000000 147.000000
213.000000 149.000000
206.000000 155.000000
213.000000 157.000000
222.000000 159.000000
232.000000 158.000000
135.000000 149.000000
222.000000 153.000000
164.000000 150.000000
162.000000 166.000000
159.000000 181.000000
154.000000 196.000000
147.000000 209.000000
161.000000 218.000000
178.000000 222.000000
195.000000 218.000000
208.000000 210.000000
203.000000 196.000000
198.000000 182.000000
194.000000 167.000000
193.000000 151.000000
210.000000 246.000000
198.000000 240.000000
187.000000 237.000000
178.000000 240.000000
166.000000 237.000000
155.000000 240.000000
142.000000 245.000000
150.000000 254.000000
160.000000 260.000000
171.000000 263.000000
182.000000 264.000000
193.000000 260.000000
202.000000 253.000000
