167.000000 31.000000
133.000000 41.000000
103.000000 60.000000
85.000000 87.000000
84.000000 117.000000
82.000000 147.000000
83.000000 177.000000
89.000000 206.000000
100.000000 236.000000
121.000000 261.000000
149.000000 277.000000
186.000000 284.000000
220.000000 272.000000
246.000000 251.000000
265.000000 224.000000
272.000000 193.000000
274.000000 162.000000
273.000000 132.000000
271.000000 102.000000
257.000000 72.000000
233.000000 45.000000
202.000000 30.000000
149.000000 102.000000
134.000000 98.000000
121.000000 97.000000
107.000000 99.000000
96.000000 108.000000
99.000000 114.000000
110.000000 110.000000
121.000000 108.000000
134.000000 109.000000
147.000000 111.000000
248.000000 99.000000
239.000000 92.000000
226.000000 89.000000
214.000000 90.000000
201.000000 94.000000
204.000000 103.000000
217.000000 100.000000
228.000000 99.000000
237.000000 100.000000
246.000000 105.000000
149.000000 135.000000
142.000000 128.000000
131.000000 125.000000
122.000000 127.000000
115.000000 133.000000
123.000000 138.000000
132.000000 140.000000
141.000000 139.000000
234.000000 124.000000
225.000000 119.000000
215.000000 118.000000
207.000000 122.000000
201.000000 130.000000
209.000000 134.000000
219.000000 133.000000
229.000000 130.000000
132.000000 132.000000
217.000000 126.000000
162.000000 132.000000
161.000000 148.000000
158.000000 163.000000
153.000000 176.000000
150.000000 190.000000
163.000000 195.000000
178.000000 197.000000
193.000000 194.000000
205.000000 185.000000
201.000000 173.000000
194.000000 161.000000
189.000000 145.000000
187.000000 130.000000
209.000000 222.000000
199.000000 217.000000
188.000000 214.000000
178.000000 217.000000
168.000000 215.000000
158.000000 219.000000
148.000000 225.000000
155.000000 232.000000
164.000000 236.000000
174.000000 239.000000
186.000000 238.000000
195.000000 234.000000
203.000000 228.000000
