171.000000 49.000000
145.000000 53.000000
113.000000 67.000000
90.000000 96.000000
74.000000 130.000000
72.000000 165.000000
74.000000 198.000000
80.000000 230.000000
89.000000 262.000000
109.000000 289.000000
132.000000 314.000000
173.000000 332.000000
213.000000 316.000000
241.000000 292.000000
261.000000 264.000000
269.000000 230.000000
274.000000 197.000000
275.000000 163.000000
273.000000 131.000000
260.000000 97.000000
237.000000 72.000000
207.000000 51.000000
144.000000 129.000000
128.000000 124.000000
113.000000 123.000000
99.000000 125.000000
87.000000 132.000000
90.000000 140.000000
101.000000 138.000000
115.000000 136.000000
128.000000 136.000000
140.000000 139.000000
249.000000 130.000000
237.000000 124.000000
224.000000 124.000000
211.000000 126.000000
197.000000 131.000000
200.000000 140.000000
213.000000 137.000000
225.000000 135.000000
236.000000 135.000000
247.000000 138.000000
145.000000 166.000000
137.000000 157.000000
126.000000 152.000000
116.000000 153.000000
107.000000 159.000000
113.000000 166.000000
125.000000 169.000000
136.000000 169.000000
235.000000 161.000000
226.000000 155.000000
216.000000 153.000000
206.000000 157.000000
197.000000 165.000000
208.000000 169.000000
218.000000 168.000000
228.000000 167.000000
124.000000 160.000000
216.000000 160.000000
157.000000 162.000000
154.000000 182.000000
150.000000 199.000000
145.000000 214.000000
143.000000 230.000000
157.000000 237.000000
170.000000 236.000000
183.000000 237.000000
200.000000 230.000000
197.000000 215.000000
192.000000 201.000000
187.000000 182.000000
186.000000 162.000000
209.000000 272.000000
194.000000 265.000000
182.000000 261.000000
172.000000 266.000000
159.000000 262.000000
150.000000 265.000000
134.000000 272.000000
142.000000 286.000000
154.000000 294.000000
165.000000 296.000000
179.000000 296.000000
190.000000 292.000000
202.000000 283.000000
