177.000000 24.000000
136.000000 30.000000
103.000000 43.000000
83.000000 86.000000
77.000000 122.000000
78.000000 154.000000
81.000000 187.000000
89.000000 219.000000
100.000000 251.000000
119.000000 281.000000
144.000000 304.000000
183.000000 324.000000
225.000000 304.000000
247.000000 277.000000
263.000000 248.000000
274.000000 216.000000
280.000000 182.000000
281.000000 148.000000
280.000000 112.000000
267.000000 79.000000
249.000000 48.000000
215.000000 31.000000
151.000000 112.000000
138.000000 109.000000
125.000000 107.000000
111.000000 109.000000
100.000000 116.000000
104.000000 122.000000
115.000000 119.000000
127.000000 119.000000
138.000000 120.000000
150.000000 122.000000
255.000000 109.000000
244.000000 104.000000
231.000000 103.000000
217.000000 105.000000
205.000000 109.000000
208.000000 119.000000
220.000000 115.000000
232.000000 113.000000
244.000000 114.000000
253.000000 116.000000
152.000000 146.000000
144.000000 139.000000
134.000000 135.000000
124.000000 137.000000
116.000000 142.000000
125.000000 147.000000
134.000000 149.000000
142.000000 148.000000
243.000000 138.000000
235.000000 133.000000
224.000000 131.000000
214.000000 135.000000
206.000000 143.000000
216.000000 145.000000
226.000000 145.000000
236.000000 143.000000
133.000000 140.000000
224.000000 138.000000
164.000000 141.000000
162.000000 159.000000
160.000000 174.000000
156.000000 188.000000
150.000000 204.000000
164.000000 211.000000
181.000000 215.000000
197.000000 210.000000
211.000000 201.000000
205.000000 187.000000
199.000000 173.000000
195.000000 158.000000
193.000000 140.000000
219.000000 243.000000
206.000000 237.000000
193.000000 234.000000
183.000000 238.000000
171.000000 234.000000
159.000000 240.000000
145.000000 246.000000
154.000000 256.000000
164.000000 262.000000
177.000000 265.000000
190.000000 265.000000
202.000000 260.000000
211.000000 253.000000
