179.000000 50.000000
147.000000 52.000000
116.000000 62.000000
97.000000 94.000000
85.000000 122.000000
80.000000 152.000000
79.000000 184.000000
83.000000 217.000000
93.000000 248.000000
113.000000 274.000000
137.000000 298.000000
174.000000 311.000000
211.000000 298.000000
233.000000 276.000000
256.000000 253.000000
269.000000 221.000000
273.000000 190.000000
274.000000 156.000000
269.000000 126.000000
256.000000 98.000000
241.000000 69.000000
216.000000 52.000000
158.000000 116.000000
143.000000 112.000000
130.000000 109.000000
116.000000 110.000000
104.000000 116.000000
107.000000 122.000000
118.000000 121.000000
131.000000 121.000000
143.000000 122.000000
155.000000 125.000000
255.000000 119.000000
242.000000 114.000000
230.000000 114.000000
217.000000 116.000000
204.000000 119.000000
206.000000 128.000000
219.000000 125.000000
232.000000 124.000000
243.000000 124.000000
252.000000 126.000000
154.000000 151.000000
147.000000 142.000000
136.000000 137.000000
126.000000 139.000000
117.000000 144.000000
125.000000 150.000000
134.000000 153.000000
143.000000 152.000000
241.000000 149.000000
232.000000 142.000000
221.000000 141.000000
212.000000 144.000000
204.000000 152.000000
213.000000 155.000000
224.000000 156.000000
234.000000 154.000000
134.000000 144.000000
221.000000 148.000000
166.000000 149.000000
162.000000 165.000000
157.000000 179.000000
151.000000 193.000000
148.000000 208.000000
161.000000 216.000000
177.000000 222.000000
192.000000 218.000000
206.000000 209.000000
204.000000 196.000000
199.000000 183.000000
195.000000 167.000000
194.000000 150.000000
211.000000 247.000000
200.000000 243.000000
188.000000 239.000000
177.000000 242.000000
165.000000 238.000000
154.000000 242.000000
141.000000 247.000000
147.000000 258.000000
156.000000 267.000000
169.000000 272.000000
183.000000 273.000000
195.000000 267.000000
205.000000 258.000000
