171.000000 87.000000
146.000000 92.000000
121.000000 100.000000
104.000000 122.000000
94.000000 144.000000
90.000000 169.000000
92.000000 196.000000
97.000000 221.000000
107.000000 245.000000
122.000000 265.000000
143.000000 282.000000
174.000000 289.000000
202.000000 280.000000
224.000000 262.000000
239.000000 242.000000
246.000000 219.000000
252.000000 195.000000
253.000000 168.000000
248.000000 143.000000
241.000000 116.000000
221.000000 96.000000
196.000000 91.000000
153.000000 144.000000
141.000000 141.000000
131.000000 140.000000
120.000000 139.000000
109.000000 142.000000
111.000000 150.000000
121.000000 149.000000
131.000000 149.000000
140.000000 150.000000
151.000000 152.000000
237.000000 146.000000
227.000000 142.000000
215.000000 140.000000
203.000000 141.000000
192.000000 144.000000
194.000000 153.000000
205.000000 150.000000
216.000000 150.000000
226.000000 151.000000
236.000000 153.000000
151.000000 167.000000
144.000000 160.000000
136.000000 158.000000
128.000000 159.000000
121.000000 163.000000
127.000000 168.000000
136.000000 170.000000
144.000000 169.000000
224.000000 164.000000
216.000000 160.000000
208.000000 159.000000
200.000000 162.000000
194.000000 167.000000
202.000000 169.000000
211.000000 170.000000
219.000000 169.000000
135.000000 163.000000
209.000000 164.000000
160.000000 163.000000
158.000000 176.000000
156.000000 188.000000
151.000000 200.000000
148.000000 213.000000
159.000000 219.000000
173.000000 223.000000
187.000000 219.000000
197.000000 212.000000
194.000000 201.000000
189.000000 189.000000
186.000000 177.000000
184.000000 163.000000
200.000000 242.000000
189.000000 237.000000
180.000000 234.000000
173.000000 237.000000
164.000000 234.000000
154.000000 238.000000
142.000000 241.000000
150.000000 249.000000
158.000000 255.000000
168.000000 259.000000
178.000000 259.000000
188.000000 255.000000
195.000000 249.000000
