179.000000 55.000000
145.000000 59.000000
111.000000 72.000000
91.000000 106.000000
84.000000 136.000000
82.000000 167.000000
82.000000 199.000000
88.000000 230.000000
98.000000 259.000000
117.000000 284.000000
141.000000 301.000000
177.000000 309.000000
212.000000 302.000000
239.000000 286.000000
260.000000 263.000000
269.000000 238.000000
277.000000 204.000000
277.000000 173.000000
277.000000 142.000000
263.000000 109.000000
247.000000 74.000000
215.000000 61.000000
154.000000 137.000000
141.000000 133.000000
128.000000 130.000000
115.000000 130.000000
104.000000 137.000000
107.000000 144.000000
117.000000 141.000000
129.000000 141.000000
140.000000 142.000000
151.000000 146.000000
250.000000 139.000000
238.000000 134.000000
226.000000 133.000000
213.000000 135.000000
202.000000 139.000000
204.000000 147.000000
216.000000 144.000000
228.000000 143.000000
238.000000 144.000000
249.000000 146.000000
151.000000 168.000000
145.000000 162.000000
135.000000 159.000000
125.000000 160.000000
117.000000 165.000000
124.000000 169.000000
134.000000 171.000000
143.000000 171.000000
237.000000 166.000000
230.000000 161.000000
220.000000 160.000000
211.000000 162.000000
204.000000 168.000000
213.000000 171.000000
222.000000 172.000000
231.000000 171.000000
136.000000 165.000000
220.000000 166.000000
164.000000 164.000000
162.000000 179.000000
159.000000 192.000000
155.000000 204.000000
151.000000 218.000000
164.000000 223.000000
178.000000 226.000000
191.000000 223.000000
204.000000 218.000000
200.000000 205.000000
196.000000 192.000000
193.000000 180.000000
191.000000 165.000000
211.000000 253.000000
198.000000 247.000000
188.000000 243.000000
179.000000 246.000000
168.000000 243.000000
157.000000 248.000000
145.000000 253.000000
155.000000 260.000000
164.000000 263.000000
173.000000 264.000000
184.000000 264.000000
193.000000 262.000000
201.000000 258.000000
