180.000000 48.000000
145.000000 49.000000
107.000000 74.000000
98.000000 106.000000
84.000000 132.000000
78.000000 162.000000
78.000000 193.000000
82.000000 222.000000
92.000000 251.000000
111.000000 274.000000
137.000000 292.000000
175.000000 300.000000
210.000000 291.000000
234.000000 273.000000
248.000000 250.000000
258.000000 225.000000
265.000000 197.000000
270.000000 167.000000
266.000000 138.000000
257.000000 110.000000
243.000000 77.000000
215.000000 58.000000
154.000000 128.000000
141.000000 123.000000
128.000000 119.000000
115.000000 120.000000
102.000000 126.000000
105.000000 132.000000
117.000000 129.000000
129.000000 129.000000
140.000000 132.000000
151.000000 135.000000
247.000000 132.000000
235.000000 127.000000
223.000000 126.000000
212.000000 128.000000
201.000000 132.000000
203.000000 138.000000
214.000000 137.000000
225.000000 135.000000
235.000000 136.000000
245.000000 138.000000
151.000000 160.000000
145.000000 151.000000
135.000000 146.000000
124.000000 147.000000
116.000000 152.000000
123.000000 158.000000
132.000000 160.000000
142.000000 160.000000
235.000000 158.000000
227.000000 152.000000
217.000000 150.000000
208.000000 153.000000
201.000000 160.000000
209.000000 164.000000
219.000000 165.000000
229.000000 163.000000
134.000000 153.000000
217.000000 158.000000
164.000000 157.000000
160.000000 170.000000
157.000000 182.000000
152.000000 195.000000
147.000000 208.000000
158.000000 216.000000
174.000000 221.000000
188.000000 218.000000
198.000000 209.000000
195.000000 196.000000
191.000000 184.000000
188.000000 171.000000
187.000000 158.000000
202.000000 243.000000
191.000000 237.000000
183.000000 234.000000
174.000000 237.000000
163.000000 234.000000
153.000000 237.000000
143.000000 242.000000
151.000000 249.000000
159.000000 254.000000
169.000000 257.000000
179.000000 258.000000
188.000000 254.000000
196.000000 249.000000
