170.000000 53.000000
139.000000 57.000000
107.000000 72.000000
91.000000 99.000000
83.000000 129.000000
79.000000 158.000000
81.000000 190.000000
86.000000 221.000000
98.000000 252.000000
117.000000 276.000000
141.000000 294.000000
176.000000 300.000000
206.000000 291.000000
231.000000 269.000000
251.000000 243.000000
260.000000 214.000000
264.000000 182.000000
265.000000 150.000000
259.000000 122.000000
245.000000 96.000000
227.000000 74.000000
198.000000 60.000000
150.000000 125.000000
137.000000 120.000000
125.000000 117.000000
112.000000 117.000000
99.000000 124.000000
101.000000 131.000000
114.000000 128.000000
126.000000 129.000000
137.000000 131.000000
147.000000 134.000000
241.000000 125.000000
231.000000 121.000000
218.000000 120.000000
206.000000 122.000000
195.000000 126.000000
197.000000 134.000000
209.000000 131.000000
220.000000 130.000000
230.000000 130.000000
239.000000 131.000000
148.000000 155.000000
141.000000 147.000000
132.000000 144.000000
123.000000 144.000000
115.000000 149.000000
121.000000 154.000000
130.000000 157.000000
139.000000 156.000000
230.000000 150.000000
221.000000 146.000000
212.000000 145.000000
203.000000 148.000000
196.000000 154.000000
204.000000 157.000000
214.000000 158.000000
224.000000 156.000000
130.000000 149.000000
212.000000 151.000000
159.000000 152.000000
157.000000 168.000000
153.000000 182.000000
149.000000 195.000000
145.000000 210.000000
158.000000 217.000000
172.000000 221.000000
186.000000 217.000000
198.000000 208.000000
194.000000 195.000000
190.000000 183.000000
185.000000 168.000000
184.000000 152.000000
204.000000 243.000000
193.000000 239.000000
183.000000 236.000000
173.000000 240.000000
163.000000 237.000000
151.000000 240.000000
139.000000 244.000000
146.000000 253.000000
156.000000 260.000000
168.000000 264.000000
181.000000 264.000000
191.000000 259.000000
199.000000 251.000000
