174.000000 60.000000
134.000000 61.000000
102.000000 73.000000
88.000000 103.000000
84.000000 139.000000
84.000000 170.000000
84.000000 199.000000
85.000000 228.000000
94.000000 259.000000
113.000000 282.000000
144.000000 299.000000
183.000000 306.000000
219.000000 297.000000
242.000000 279.000000
261.000000 250.000000
265.000000 222.000000
269.000000 191.000000
267.000000 160.000000
269.000000 129.000000
262.000000 103.000000
244.000000 70.000000
212.000000 58.000000
150.000000 134.000000
138.000000 130.000000
126.000000 129.000000
115.000000 130.000000
104.000000 133.000000
106.000000 140.000000
117.000000 139.000000
127.000000 139.000000
137.000000 140.000000
148.000000 142.000000
244.000000 129.000000
233.000000 125.000000
222.000000 126.000000
211.000000 128.000000
199.000000 130.000000
200.000000 139.000000
213.000000 137.000000
224.000000 135.000000
234.000000 134.000000
244.000000 135.000000
148.000000 163.000000
142.000000 156.000000
132.000000 153.000000
122.000000 155.000000
115.000000 160.000000
121.000000 164.000000
131.000000 166.000000
140.000000 165.000000
234.000000 156.000000
226.000000 151.000000
217.000000 151.000000
208.000000 154.000000
201.000000 161.000000
210.000000 163.000000
219.000000 164.000000
229.000000 162.000000
132.000000 159.000000
218.000000 157.000000
161.000000 158.000000
158.000000 172.000000
155.000000 186.000000
150.000000 200.000000
146.000000 214.000000
159.000000 220.000000
176.000000 223.000000
192.000000 219.000000
204.000000 211.000000
199.000000 198.000000
194.000000 185.000000
190.000000 172.000000
187.000000 157.000000
210.000000 246.000000
197.000000 240.000000
186.000000 236.000000
177.000000 238.000000
167.000000 236.000000
156.000000 241.000000
143.000000 246.000000
152.000000 253.000000
162.000000 259.000000
172.000000 262.000000
183.000000 262.000000
192.000000 258.000000
201.000000 252.000000
