177.000000 70.000000
143.000000 67.000000
101.000000 88.000000
82.000000 121.000000
76.000000 150.000000
78.000000 180.000000
80.000000 210.000000
85.000000 239.000000
94.000000 269.000000
113.000000 292.000000
137.000000 309.000000
171.000000 318.000000
207.000000 311.000000
231.000000 295.000000
250.000000 276.000000
263.000000 246.000000
267.000000 214.000000
269.000000 183.000000
268.000000 155.000000
270.000000 120.000000
244.000000 86.000000
210.000000 71.000000
151.000000 145.000000
138.000000 141.000000
125.000000 138.000000
113.000000 138.000000
100.000000 143.000000
102.000000 151.000000
114.000000 150.000000
125.000000 150.000000
136.000000 151.000000
148.000000 154.000000
246.000000 150.000000
236.000000 145.000000
224.000000 143.000000
211.000000 145.000000
198.000000 147.000000
199.000000 156.000000
213.000000 155.000000
225.000000 154.000000
235.000000 155.000000
244.000000 156.000000
147.000000 174.000000
140.000000 166.000000
130.000000 162.000000
119.000000 163.000000
112.000000 168.000000
119.000000 174.000000
128.000000 177.000000
137.000000 177.000000
234.000000 173.000000
226.000000 168.000000
216.000000 166.000000
207.000000 168.000000
199.000000 176.000000
208.000000 180.000000
219.000000 181.000000
228.000000 179.000000
129.000000 169.000000
216.000000 173.000000
160.000000 171.000000
157.000000 187.000000
153.000000 201.000000
147.000000 215.000000
143.000000 229.000000
155.000000 236.000000
170.000000 241.000000
185.000000 237.000000
199.000000 229.000000
195.000000 216.000000
190.000000 203.000000
186.000000 187.000000
185.000000 172.000000
203.000000 264.000000
190.000000 260.000000
180.000000 256.000000
170.000000 259.000000
160.000000 256.000000
151.000000 259.000000
140.000000 263.000000
148.000000 271.000000
155.000000 276.000000
165.000000 279.000000
176.000000 280.000000
185.000000 276.000000
193.000000 271.000000
