174.000000 67.000000
143.000000 72.000000
110.000000 82.000000
92.000000 112.000000
87.000000 142.000000
85.000000 167.000000
86.000000 196.000000
91.000000 223.000000
101.000000 250.000000
119.000000 271.000000
141.000000 288.000000
172.000000 297.000000
203.000000 290.000000
228.000000 273.000000
246.000000 251.000000
254.000000 224.000000
259.000000 197.000000
262.000000 166.000000
259.000000 138.000000
253.000000 110.000000
243.000000 87.000000
209.000000 68.000000
156.000000 140.000000
144.000000 136.000000
132.000000 134.000000
121.000000 133.000000
110.000000 137.000000
111.000000 146.000000
122.000000 144.000000
133.000000 145.000000
143.000000 145.000000
153.000000 148.000000
240.000000 140.000000
230.000000 135.000000
219.000000 135.000000
208.000000 136.000000
198.000000 139.000000
199.000000 147.000000
210.000000 145.000000
220.000000 144.000000
230.000000 145.000000
239.000000 147.000000
152.000000 164.000000
146.000000 158.000000
137.000000 156.000000
129.000000 158.000000
123.000000 163.000000
129.000000 166.000000
137.000000 168.000000
146.000000 167.000000
226.000000 164.000000
219.000000 159.000000
211.000000 158.000000
204.000000 160.000000
198.000000 165.000000
205.000000 167.000000
213.000000 168.000000
220.000000 168.000000
137.000000 162.000000
211.000000 163.000000
163.000000 161.000000
161.000000 176.000000
157.000000 189.000000
152.000000 201.000000
150.000000 213.000000
162.000000 219.000000
175.000000 221.000000
187.000000 219.000000
201.000000 212.000000
199.000000 200.000000
194.000000 188.000000
190.000000 175.000000
187.000000 162.000000
205.000000 241.000000
192.000000 237.000000
183.000000 234.000000
175.000000 238.000000
167.000000 235.000000
156.000000 239.000000
143.000000 243.000000
153.000000 249.000000
161.000000 253.000000
170.000000 256.000000
180.000000 256.000000
189.000000 251.000000
196.000000 247.000000
