168.000000 32.000000
135.000000 41.000000
90.000000 65.000000
66.000000 107.000000
66.000000 145.000000
63.000000 180.000000
68.000000 217.000000
78.000000 250.000000
91.000000 285.000000
114.000000 311.000000
143.000000 334.000000
185.000000 344.000000
225.000000 329.000000
254.000000 302.000000
270.000000 270.000000
282.000000 239.000000
287.000000 203.000000
287.000000 167.000000
285.000000 129.000000
279.000000 94.000000
263.000000 60.000000
224.000000 34.000000
146.000000 134.000000
130.000000 129.000000
114.000000 127.000000
98.000000 127.000000
84.000000 136.000000
87.000000 146.000000
102.000000 141.000000
116.000000 141.000000
130.000000 142.000000
144.000000 145.000000
266.000000 127.000000
252.000000 119.000000
237.000000 119.000000
221.000000 122.000000
206.000000 128.000000
209.000000 139.000000
224.000000 134.000000
239.000000 131.000000
253.000000 131.000000
265.000000 136.000000
145.000000 171.000000
136.000000 162.000000
124.000000 158.000000
112.000000 161.000000
102.000000 168.000000
112.000000 174.000000
123.000000 175.000000
134.000000 174.000000
252.000000 160.000000
242.000000 154.000000
229.000000 153.000000
217.000000 157.000000
207.000000 166.000000
219.000000 168.000000
231.000000 169.000000
243.000000 166.000000
123.000000 166.000000
230.000000 160.000000
160.000000 165.000000
156.000000 184.000000
152.000000 200.000000
146.000000 216.000000
142.000000 235.000000
158.000000 243.000000
179.000000 247.000000
199.000000 240.000000
214.000000 229.000000
209.000000 213.000000
202.000000 198.000000
196.000000 182.000000
192.000000 165.000000
225.000000 267.000000
208.000000 265.000000
192.000000 263.000000
180.000000 268.000000
168.000000 265.000000
152.000000 270.000000
133.000000 271.000000
144.000000 283.000000
158.000000 292.000000
174.000000 297.000000
190.000000 296.000000
205.000000 290.000000
217.000000 281.000000
