167.000000 37.000000
129.000000 43.000000
107.000000 63.000000
89.000000 98.000000
86.000000 124.000000
85.000000 153.000000
88.000000 182.000000
92.000000 210.000000
101.000000 237.000000
118.000000 258.000000
142.000000 277.000000
176.000000 288.000000
210.000000 279.000000
233.000000 260.000000
250.000000 238.000000
257.000000 211.000000
262.000000 184.000000
265.000000 155.000000
261.000000 128.000000
259.000000 98.000000
246.000000 69.000000
211.000000 44.000000
158.000000 127.000000
145.000000 123.000000
133.000000 121.000000
121.000000 120.000000
109.000000 125.000000
111.000000 133.000000
122.000000 131.000000
133.000000 132.000000
145.000000 133.000000
156.000000 136.000000
241.000000 124.000000
231.000000 120.000000
220.000000 119.000000
209.000000 121.000000
197.000000 125.000000
198.000000 134.000000
211.000000 132.000000
221.000000 130.000000
231.000000 129.000000
240.000000 132.000000
152.000000 151.000000
146.000000 145.000000
136.000000 142.000000
127.000000 143.000000
120.000000 148.000000
125.000000 152.000000
135.000000 153.000000
145.000000 153.000000
233.000000 150.000000
225.000000 145.000000
215.000000 143.000000
206.000000 145.000000
198.000000 153.000000
207.000000 155.000000
217.000000 155.000000
226.000000 153.000000
136.000000 147.000000
216.000000 148.000000
165.000000 150.000000
161.000000 163.000000
157.000000 175.000000
151.000000 187.000000
147.000000 201.000000
158.000000 208.000000
174.000000 212.000000
189.000000 208.000000
201.000000 200.000000
199.000000 189.000000
194.000000 176.000000
190.000000 164.000000
187.000000 151.000000
203.000000 236.000000
193.000000 229.000000
183.000000 224.000000
174.000000 226.000000
167.000000 224.000000
156.000000 228.000000
143.000000 233.000000
151.000000 240.000000
159.000000 246.000000
169.000000 250.000000
180.000000 250.000000
190.000000 247.000000
198.000000 243.000000
