176.000000 87.000000
144.000000 91.000000
118.000000 95.000000
107.000000 119.000000
99.000000 146.000000
96.000000 171.000000
99.000000 199.000000
109.000000 223.000000
118.000000 247.000000
131.000000 268.000000
149.000000 288.000000
177.000000 297.000000
205.000000 288.000000
224.000000 267.000000
240.000000 245.000000
249.000000 221.000000
256.000000 198.000000
263.000000 168.000000
258.000000 142.000000
249.000000 117.000000
234.000000 94.000000
204.000000 85.000000
157.000000 150.000000
146.000000 146.000000
133.000000 144.000000
121.000000 143.000000
111.000000 148.000000
112.000000 155.000000
123.000000 152.000000
133.000000 153.000000
145.000000 155.000000
155.000000 157.000000
241.000000 146.000000
231.000000 142.000000
220.000000 143.000000
208.000000 146.000000
197.000000 150.000000
198.000000 158.000000
209.000000 155.000000
220.000000 153.000000
231.000000 151.000000
240.000000 152.000000
157.000000 176.000000
151.000000 167.000000
141.000000 162.000000
131.000000 163.000000
123.000000 169.000000
130.000000 175.000000
139.000000 177.000000
147.000000 176.000000
230.000000 168.000000
222.000000 163.000000
212.000000 161.000000
203.000000 165.000000
196.000000 173.000000
205.000000 176.000000
215.000000 176.000000
224.000000 173.000000
139.000000 169.000000
212.000000 168.000000
167.000000 172.000000
164.000000 186.000000
161.000000 198.000000
156.000000 211.000000
151.000000 225.000000
161.000000 234.000000
175.000000 239.000000
190.000000 234.000000
199.000000 225.000000
196.000000 213.000000
192.000000 200.000000
188.000000 186.000000
187.000000 172.000000
207.000000 251.000000
195.000000 251.000000
184.000000 250.000000
175.000000 252.000000
167.000000 251.000000
156.000000 252.000000
144.000000 252.000000
153.000000 259.000000
162.000000 264.000000
172.000000 266.000000
181.000000 266.000000
191.000000 263.000000
199.000000 259.000000
