167.000000 48.000000
126.000000 54.000000
98.000000 70.000000
84.000000 98.000000
79.000000 126.000000
74.000000 156.000000
73.000000 188.000000
77.000000 219.000000
89.000000 249.000000
112.000000 272.000000
138.000000 289.000000
170.000000 297.000000
203.000000 289.000000
230.000000 274.000000
253.000000 250.000000
261.000000 219.000000
269.000000 190.000000
268.000000 158.000000
267.000000 126.000000
262.000000 84.000000
241.000000 63.000000
206.000000 49.000000
150.000000 126.000000
138.000000 121.000000
125.000000 118.000000
112.000000 116.000000
99.000000 121.000000
100.000000 129.000000
112.000000 127.000000
126.000000 129.000000
138.000000 131.000000
149.000000 135.000000
247.000000 122.000000
235.000000 117.000000
223.000000 117.000000
210.000000 120.000000
198.000000 126.000000
201.000000 134.000000
213.000000 130.000000
225.000000 127.000000
235.000000 127.000000
246.000000 129.000000
146.000000 153.000000
140.000000 145.000000
130.000000 142.000000
120.000000 143.000000
112.000000 148.000000
119.000000 153.000000
128.000000 156.000000
136.000000 155.000000
235.000000 149.000000
227.000000 142.000000
217.000000 141.000000
208.000000 144.000000
201.000000 152.000000
210.000000 155.000000
219.000000 156.000000
229.000000 154.000000
129.000000 148.000000
217.000000 148.000000
160.000000 148.000000
158.000000 163.000000
154.000000 177.000000
149.000000 191.000000
144.000000 204.000000
158.000000 210.000000
173.000000 213.000000
189.000000 210.000000
204.000000 203.000000
199.000000 190.000000
194.000000 178.000000
190.000000 165.000000
188.000000 148.000000
210.000000 238.000000
196.000000 234.000000
184.000000 231.000000
173.000000 234.000000
161.000000 231.000000
148.000000 234.000000
133.000000 237.000000
144.000000 246.000000
154.000000 252.000000
166.000000 255.000000
178.000000 255.000000
190.000000 252.000000
200.000000 246.000000
