179.000000 49.000000
148.000000 53.000000
110.000000 58.000000
91.000000 94.000000
87.000000 125.000000
85.000000 159.000000
85.000000 192.000000
89.000000 224.000000
99.000000 257.000000
121.000000 283.000000
148.000000 301.000000
183.000000 309.000000
216.000000 300.000000
243.000000 281.000000
263.000000 256.000000
272.000000 225.000000
277.000000 193.000000
276.000000 162.000000
279.000000 130.000000
275.000000 94.000000
255.000000 64.000000
214.000000 50.000000
166.000000 123.000000
151.000000 118.000000
136.000000 115.000000
121.000000 117.000000
108.000000 126.000000
110.000000 134.000000
123.000000 131.000000
137.000000 129.000000
150.000000 130.000000
164.000000 133.000000
261.000000 124.000000
250.000000 117.000000
237.000000 115.000000
224.000000 117.000000
210.000000 122.000000
213.000000 132.000000
227.000000 129.000000
239.000000 127.000000
249.000000 128.000000
259.000000 133.000000
161.000000 157.000000
153.000000 150.000000
143.000000 146.000000
133.000000 147.000000
124.000000 152.000000
131.000000 158.000000
142.000000 160.000000
152.000000 159.000000
247.000000 152.000000
239.000000 147.000000
229.000000 147.000000
220.000000 150.000000
213.000000 156.000000
222.000000 159.000000
232.000000 160.000000
241.000000 158.000000
141.000000 151.000000
230.000000 153.000000
175.000000 151.000000
172.000000 167.000000
168.000000 182.000000
162.000000 195.000000
155.000000 210.000000
169.000000 219.000000
186.000000 224.000000
202.000000 220.000000
216.000000 211.000000
212.000000 197.000000
206.000000 183.000000
202.000000 168.000000
200.000000 151.000000
219.000000 247.000000
207.000000 243.000000
195.000000 240.000000
186.000000 243.000000
175.000000 240.000000
163.000000 243.000000
147.000000 246.000000
157.000000 255.000000
167.000000 262.000000
178.000000 266.000000
191.000000 267.000000
203.000000 262.000000
212.000000 255.000000
