182.000000 52.000000
144.000000 58.000000
115.000000 65.000000
93.000000 96.000000
83.000000 122.000000
80.000000 156.000000
82.000000 190.000000
90.000000 222.000000
101.000000 252.000000
118.000000 280.000000
142.000000 303.000000
183.000000 318.000000
219.000000 305.000000
245.000000 280.000000
260.000000 253.000000
268.000000 217.000000
278.000000 190.000000
279.000000 155.000000
274.000000 127.000000
263.000000 99.000000
254.000000 71.000000
219.000000 57.000000
157.000000 118.000000
142.000000 115.000000
127.000000 113.000000
113.000000 114.000000
100.000000 122.000000
103.000000 131.000000
116.000000 127.000000
128.000000 126.000000
141.000000 127.000000
154.000000 129.000000
259.000000 120.000000
248.000000 113.000000
233.000000 111.000000
220.000000 113.000000
205.000000 117.000000
207.000000 128.000000
221.000000 125.000000
235.000000 124.000000
247.000000 125.000000
257.000000 128.000000
153.000000 154.000000
146.000000 147.000000
136.000000 144.000000
126.000000 146.000000
117.000000 152.000000
125.000000 157.000000
135.000000 158.000000
144.000000 157.000000
244.000000 150.000000
237.000000 145.000000
227.000000 143.000000
216.000000 145.000000
209.000000 153.000000
218.000000 156.000000
228.000000 156.000000
237.000000 154.000000
135.000000 150.000000
226.000000 150.000000
167.000000 150.000000
164.000000 168.000000
161.000000 183.000000
156.000000 196.000000
151.000000 213.000000
164.000000 223.000000
182.000000 228.000000
198.000000 223.000000
211.000000 213.000000
207.000000 198.000000
202.000000 184.000000
198.000000 167.000000
195.000000 150.000000
214.000000 255.000000
203.000000 248.000000
191.000000 243.000000
181.000000 246.000000
173.000000 244.000000
162.000000 249.000000
147.000000 254.000000
155.000000 262.000000
165.000000 267.000000
176.000000 270.000000
188.000000 270.000000
198.000000 267.000000
207.000000 262.000000
