180.000000 47.000000
138.000000 48.000000
107.000000 61.000000
84.000000 93.000000
75.000000 129.000000
72.000000 161.000000
71.000000 196.000000
75.000000 231.000000
86.000000 265.000000
106.000000 293.000000
132.000000 316.000000
167.000000 329.000000
204.000000 321.000000
233.000000 301.000000
258.000000 276.000000
271.000000 243.000000
280.000000 210.000000
285.000000 176.000000
283.000000 140.000000
277.000000 103.000000
250.000000 60.000000
218.000000 52.000000
154.000000 132.000000
139.000000 126.000000
124.000000 122.000000
109.000000 121.000000
97.000000 128.000000
99.000000 134.000000
110.000000 132.000000
124.000000 133.000000
137.000000 136.000000
150.000000 140.000000
261.000000 138.000000
248.000000 131.000000
234.000000 131.000000
220.000000 132.000000
207.000000 137.000000
209.000000 145.000000
222.000000 142.000000
235.000000 140.000000
248.000000 141.000000
258.000000 145.000000
149.000000 165.000000
141.000000 157.000000
130.000000 152.000000
120.000000 153.000000
111.000000 158.000000
117.000000 163.000000
128.000000 166.000000
140.000000 166.000000
244.000000 168.000000
236.000000 161.000000
226.000000 159.000000
216.000000 162.000000
207.000000 167.000000
216.000000 170.000000
225.000000 172.000000
236.000000 171.000000
129.000000 158.000000
226.000000 166.000000
164.000000 162.000000
160.000000 178.000000
155.000000 191.000000
148.000000 205.000000
144.000000 219.000000
159.000000 228.000000
175.000000 233.000000
189.000000 229.000000
205.000000 222.000000
202.000000 208.000000
197.000000 194.000000
194.000000 180.000000
193.000000 164.000000
209.000000 262.000000
196.000000 254.000000
185.000000 249.000000
174.000000 252.000000
161.000000 247.000000
148.000000 251.000000
135.000000 256.000000
142.000000 268.000000
151.000000 277.000000
164.000000 282.000000
178.000000 283.000000
191.000000 278.000000
201.000000 271.000000
