181.000000 67.000000
147.000000 71.000000
116.000000 85.000000
100.000000 109.000000
93.000000 137.000000
89.000000 164.000000
91.000000 194.000000
96.000000 223.000000
105.000000 251.000000
122.000000 276.000000
143.000000 296.000000
178.000000 306.000000
214.000000 297.000000
238.000000 276.000000
253.000000 248.000000
259.000000 220.000000
263.000000 192.000000
264.000000 164.000000
264.000000 133.000000
256.000000 101.000000
240.000000 79.000000
215.000000 69.000000
155.000000 131.000000
142.000000 127.000000
129.000000 125.000000
116.000000 128.000000
105.000000 137.000000
108.000000 142.000000
119.000000 136.000000
131.000000 135.000000
141.000000 136.000000
152.000000 139.000000
248.000000 135.000000
236.000000 128.000000
223.000000 126.000000
210.000000 128.000000
198.000000 133.000000
201.000000 139.000000
212.000000 136.000000
224.000000 134.000000
236.000000 135.000000
245.000000 140.000000
153.000000 162.000000
147.000000 154.000000
137.000000 151.000000
127.000000 153.000000
120.000000 158.000000
128.000000 163.000000
137.000000 164.000000
146.000000 163.000000
233.000000 158.000000
226.000000 153.000000
217.000000 151.000000
208.000000 154.000000
201.000000 160.000000
209.000000 163.000000
218.000000 163.000000
227.000000 162.000000
137.000000 157.000000
217.000000 157.000000
164.000000 158.000000
162.000000 173.000000
160.000000 187.000000
156.000000 200.000000
151.000000 214.000000
162.000000 221.000000
176.000000 225.000000
189.000000 221.000000
201.000000 213.000000
197.000000 200.000000
193.000000 187.000000
190.000000 173.000000
189.000000 158.000000
207.000000 244.000000
195.000000 243.000000
185.000000 240.000000
177.000000 244.000000
166.000000 241.000000
157.000000 244.000000
145.000000 245.000000
154.000000 254.000000
163.000000 258.000000
172.000000 261.000000
183.000000 261.000000
191.000000 257.000000
199.000000 252.000000
