172.000000 48.000000
140.000000 51.000000
111.000000 63.000000
87.000000 89.000000
79.000000 119.000000
74.000000 149.000000
77.000000 182.000000
82.000000 216.000000
93.000000 247.000000
110.000000 277.000000
138.000000 295.000000
178.000000 305.000000
216.000000 296.000000
249.000000 275.000000
266.000000 248.000000
269.000000 212.000000
272.000000 179.000000
273.000000 146.000000
268.000000 115.000000
257.000000 85.000000
242.000000 63.000000
207.000000 50.000000
147.000000 111.000000
133.000000 106.000000
119.000000 103.000000
104.000000 106.000000
93.000000 116.000000
96.000000 122.000000
108.000000 116.000000
120.000000 115.000000
133.000000 117.000000
145.000000 121.000000
251.000000 114.000000
240.000000 106.000000
226.000000 103.000000
212.000000 106.000000
199.000000 111.000000
202.000000 120.000000
214.000000 116.000000
228.000000 114.000000
239.000000 115.000000
249.000000 119.000000
145.000000 150.000000
139.000000 141.000000
128.000000 137.000000
117.000000 139.000000
108.000000 145.000000
116.000000 150.000000
126.000000 152.000000
135.000000 151.000000
237.000000 142.000000
228.000000 137.000000
218.000000 135.000000
208.000000 138.000000
200.000000 146.000000
209.000000 149.000000
220.000000 149.000000
231.000000 147.000000
126.000000 144.000000
217.000000 142.000000
157.000000 145.000000
155.000000 160.000000
153.000000 174.000000
148.000000 188.000000
144.000000 202.000000
158.000000 208.000000
176.000000 212.000000
192.000000 206.000000
206.000000 198.000000
200.000000 184.000000
194.000000 172.000000
189.000000 158.000000
186.000000 144.000000
217.000000 233.000000
202.000000 229.000000
188.000000 227.000000
177.000000 229.000000
164.000000 228.000000
151.000000 232.000000
137.000000 236.000000
147.000000 246.000000
158.000000 251.000000
171.000000 254.000000
184.000000 254.000000
196.000000 250.000000
207.000000 243.000000
