178.000000 61.000000
145.000000 66.000000
108.000000 82.000000
100.000000 112.000000
92.000000 138.000000
89.000000 165.000000
92.000000 193.000000
98.000000 221.000000
107.000000 247.000000
125.000000 270.000000
148.000000 286.000000
180.000000 293.000000
210.000000 283.000000
232.000000 265.000000
248.000000 242.000000
256.000000 214.000000
262.000000 185.000000
264.000000 157.000000
258.000000 131.000000
252.000000 105.000000
234.000000 80.000000
204.000000 65.000000
158.000000 129.000000
145.000000 124.000000
132.000000 121.000000
119.000000 121.000000
107.000000 129.000000
109.000000 136.000000
121.000000 133.000000
133.000000 133.000000
145.000000 135.000000
156.000000 138.000000
246.000000 126.000000
234.000000 120.000000
222.000000 121.000000
209.000000 125.000000
197.000000 130.000000
200.000000 138.000000
212.000000 135.000000
223.000000 132.000000
234.000000 131.000000
244.000000 133.000000
155.000000 156.000000
148.000000 149.000000
138.000000 146.000000
128.000000 147.000000
121.000000 153.000000
128.000000 158.000000
138.000000 160.000000
147.000000 159.000000
234.000000 151.000000
227.000000 147.000000
217.000000 145.000000
209.000000 149.000000
202.000000 155.000000
210.000000 158.000000
219.000000 158.000000
229.000000 157.000000
137.000000 152.000000
218.000000 151.000000
165.000000 151.000000
165.000000 165.000000
163.000000 178.000000
159.000000 191.000000
154.000000 204.000000
165.000000 210.000000
179.000000 214.000000
194.000000 210.000000
205.000000 204.000000
200.000000 191.000000
195.000000 178.000000
192.000000 165.000000
191.000000 150.000000
206.000000 240.000000
195.000000 236.000000
188.000000 232.000000
180.000000 236.000000
170.000000 232.000000
161.000000 236.000000
150.000000 241.000000
158.000000 248.000000
166.000000 253.000000
175.000000 256.000000
184.000000 256.000000
192.000000 252.000000
198.000000 247.000000
