171.000000 43.000000
119.000000 48.000000
92.000000 64.000000
76.000000 90.000000
72.000000 129.000000
73.000000 158.000000
76.000000 194.000000
85.000000 231.000000
96.000000 264.000000
116.000000 291.000000
141.000000 314.000000
174.000000 326.000000
216.000000 312.000000
243.000000 287.000000
266.000000 257.000000
272.000000 223.000000
276.000000 189.000000
278.000000 156.000000
276.000000 119.000000
268.000000 91.000000
256.000000 65.000000
222.000000 46.000000
151.000000 131.000000
137.000000 126.000000
123.000000 123.000000
109.000000 123.000000
95.000000 129.000000
97.000000 137.000000
111.000000 136.000000
125.000000 136.000000
137.000000 138.000000
148.000000 142.000000
253.000000 122.000000
240.000000 117.000000
226.000000 118.000000
213.000000 123.000000
199.000000 129.000000
201.000000 138.000000
216.000000 134.000000
229.000000 130.000000
241.000000 128.000000
251.000000 129.000000
148.000000 165.000000
141.000000 157.000000
131.000000 152.000000
120.000000 154.000000
111.000000 159.000000
118.000000 166.000000
129.000000 169.000000
138.000000 168.000000
240.000000 155.000000
231.000000 150.000000
220.000000 149.000000
210.000000 154.000000
203.000000 162.000000
212.000000 165.000000
223.000000 165.000000
233.000000 162.000000
129.000000 160.000000
221.000000 157.000000
163.000000 162.000000
159.000000 178.000000
155.000000 195.000000
152.000000 211.000000
147.000000 228.000000
159.000000 236.000000
177.000000 242.000000
195.000000 235.000000
208.000000 225.000000
202.000000 210.000000
196.000000 194.000000
189.000000 178.000000
185.000000 161.000000
216.000000 264.000000
203.000000 259.000000
190.000000 258.000000
179.000000 261.000000
169.000000 259.000000
157.000000 261.000000
142.000000 265.000000
151.000000 274.000000
161.000000 282.000000
173.000000 287.000000
186.000000 287.000000
198.000000 281.000000
207.000000 272.000000
