162.000000 27.000000
115.000000 38.000000
84.000000 62.000000
66.000000 89.000000
62.000000 114.000000
61.000000 144.000000
66.000000 179.000000
75.000000 219.000000
86.000000 251.000000
103.000000 280.000000
128.000000 305.000000
167.000000 326.000000
212.000000 308.000000
242.000000 275.000000
261.000000 245.000000
269.000000 209.000000
277.000000 168.000000
276.000000 134.000000
270.000000 106.000000
262.000000 77.000000
244.000000 48.000000
210.000000 33.000000
130.000000 119.000000
116.000000 114.000000
102.000000 111.000000
88.000000 111.000000
76.000000 116.000000
77.000000 125.000000
91.000000 124.000000
102.000000 124.000000
115.000000 125.000000
126.000000 128.000000
236.000000 110.000000
224.000000 105.000000
210.000000 106.000000
198.000000 109.000000
183.000000 114.000000
185.000000 124.000000
200.000000 121.000000
213.000000 118.000000
224.000000 117.000000
234.000000 117.000000
130.000000 152.000000
122.000000 143.000000
110.000000 139.000000
99.000000 140.000000
91.000000 147.000000
98.000000 153.000000
110.000000 155.000000
120.000000 154.000000
224.000000 146.000000
216.000000 137.000000
202.000000 137.000000
192.000000 141.000000
185.000000 149.000000
195.000000 152.000000
206.000000 152.000000
216.000000 148.000000
110.000000 147.000000
205.000000 144.000000
141.000000 150.000000
139.000000 169.000000
135.000000 185.000000
130.000000 201.000000
127.000000 219.000000
140.000000 228.000000
154.000000 234.000000
172.000000 226.000000
190.000000 214.000000
183.000000 198.000000
175.000000 185.000000
172.000000 167.000000
170.000000 149.000000
200.000000 250.000000
184.000000 249.000000
170.000000 248.000000
160.000000 251.000000
151.000000 249.000000
139.000000 251.000000
126.000000 252.000000
134.000000 262.000000
143.000000 271.000000
156.000000 276.000000
168.000000 276.000000
182.000000 269.000000
191.000000 261.000000
