171.000000 53.000000
138.000000 60.000000
109.000000 77.000000
91.000000 97.000000
83.000000 125.000000
81.000000 154.000000
81.000000 184.000000
86.000000 214.000000
96.000000 244.000000
114.000000 268.000000
135.000000 292.000000
172.000000 306.000000
207.000000 294.000000
229.000000 272.000000
249.000000 246.000000
256.000000 214.000000
263.000000 184.000000
265.000000 152.000000
261.000000 123.000000
247.000000 98.000000
229.000000 76.000000
202.000000 59.000000
141.000000 127.000000
129.000000 124.000000
117.000000 122.000000
105.000000 121.000000
94.000000 124.000000
95.000000 131.000000
106.000000 131.000000
118.000000 133.000000
129.000000 135.000000
139.000000 136.000000
242.000000 123.000000
231.000000 119.000000
217.000000 119.000000
204.000000 121.000000
191.000000 126.000000
192.000000 135.000000
206.000000 132.000000
219.000000 129.000000
231.000000 128.000000
241.000000 129.000000
142.000000 158.000000
136.000000 151.000000
127.000000 147.000000
118.000000 148.000000
110.000000 152.000000
116.000000 158.000000
126.000000 160.000000
135.000000 159.000000
226.000000 151.000000
218.000000 146.000000
209.000000 146.000000
201.000000 148.000000
194.000000 155.000000
202.000000 157.000000
211.000000 158.000000
220.000000 156.000000
125.000000 152.000000
209.000000 151.000000
153.000000 153.000000
152.000000 170.000000
149.000000 185.000000
145.000000 200.000000
141.000000 215.000000
152.000000 223.000000
168.000000 228.000000
183.000000 223.000000
196.000000 215.000000
192.000000 201.000000
187.000000 187.000000
183.000000 170.000000
181.000000 152.000000
201.000000 251.000000
189.000000 244.000000
178.000000 243.000000
167.000000 247.000000
158.000000 243.000000
146.000000 246.000000
135.000000 256.000000
142.000000 266.000000
152.000000 277.000000
164.000000 280.000000
177.000000 279.000000
187.000000 272.000000
194.000000 264.000000
