169.000000 56.000000
132.000000 63.000000
109.000000 79.000000
95.000000 95.000000
88.000000 124.000000
89.000000 152.000000
90.000000 180.000000
93.000000 208.000000
101.000000 236.000000
117.000000 259.000000
140.000000 280.000000
174.000000 289.000000
209.000000 277.000000
232.000000 256.000000
247.000000 232.000000
255.000000 205.000000
258.000000 177.000000
260.000000 148.000000
255.000000 122.000000
246.000000 97.000000
229.000000 76.000000
203.000000 58.000000
155.000000 116.000000
141.000000 111.000000
127.000000 108.000000
115.000000 109.000000
105.000000 116.000000
107.000000 123.000000
117.000000 120.000000
128.000000 119.000000
141.000000 121.000000
153.000000 125.000000
240.000000 116.000000
229.000000 110.000000
217.000000 108.000000
205.000000 111.000000
192.000000 116.000000
195.000000 125.000000
207.000000 120.000000
219.000000 118.000000
229.000000 118.000000
238.000000 122.000000
152.000000 145.000000
143.000000 138.000000
134.000000 135.000000
125.000000 136.000000
117.000000 141.000000
124.000000 146.000000
133.000000 146.000000
143.000000 146.000000
228.000000 140.000000
220.000000 136.000000
211.000000 135.000000
202.000000 137.000000
195.000000 143.000000
204.000000 145.000000
213.000000 146.000000
222.000000 144.000000
132.000000 140.000000
212.000000 140.000000
161.000000 141.000000
158.000000 156.000000
154.000000 169.000000
149.000000 182.000000
144.000000 196.000000
158.000000 203.000000
175.000000 207.000000
191.000000 202.000000
202.000000 193.000000
197.000000 181.000000
192.000000 168.000000
187.000000 155.000000
184.000000 141.000000
211.000000 227.000000
198.000000 223.000000
185.000000 219.000000
175.000000 221.000000
164.000000 220.000000
152.000000 224.000000
137.000000 228.000000
146.000000 237.000000
157.000000 243.000000
169.000000 247.000000
180.000000 247.000000
191.000000 243.000000
202.000000 236.000000
