159.000000 12.000000
103.000000 26.000000
76.000000 55.000000
64.000000 86.000000
64.000000 122.000000
63.000000 177.000000
66.000000 216.000000
73.000000 248.000000
79.000000 266.000000
97.000000 300.000000
128.000000 320.000000
175.000000 331.000000
223.000000 317.000000
252.000000 289.000000
277.000000 265.000000
283.000000 237.000000
285.000000 195.000000
284.000000 153.000000
280.000000 107.000000
271.000000 74.000000
255.000000 39.000000
217.000000 15.000000
141.000000 113.000000
124.000000 108.000000
110.000000 106.000000
95.000000 108.000000
81.000000 119.000000
84.000000 130.000000
98.000000 125.000000
112.000000 123.000000
124.000000 122.000000
137.000000 125.000000
257.000000 109.000000
244.000000 100.000000
228.000000 98.000000
212.000000 101.000000
196.000000 107.000000
198.000000 120.000000
215.000000 114.000000
230.000000 113.000000
243.000000 114.000000
255.000000 119.000000
139.000000 149.000000
130.000000 142.000000
118.000000 139.000000
105.000000 142.000000
94.000000 153.000000
107.000000 153.000000
118.000000 153.000000
129.000000 152.000000
243.000000 138.000000
229.000000 132.000000
216.000000 131.000000
206.000000 137.000000
197.000000 145.000000
208.000000 147.000000
219.000000 147.000000
231.000000 144.000000
117.000000 145.000000
220.000000 139.000000
152.000000 140.000000
149.000000 159.000000
145.000000 177.000000
139.000000 194.000000
135.000000 213.000000
153.000000 219.000000
171.000000 222.000000
190.000000 217.000000
207.000000 207.000000
202.000000 191.000000
193.000000 175.000000
186.000000 157.000000
183.000000 139.000000
214.000000 250.000000
199.000000 246.000000
184.000000 243.000000
173.000000 247.000000
160.000000 244.000000
147.000000 249.000000
131.000000 252.000000
142.000000 261.000000
153.000000 268.000000
166.000000 272.000000
181.000000 272.000000
193.000000 267.000000
204.000000 260.000000
