176.000000 74.000000
139.000000 78.000000
113.000000 94.000000
91.000000 120.000000
85.000000 146.000000
85.000000 171.000000
88.000000 198.000000
95.000000 228.000000
102.000000 253.000000
119.000000 275.000000
141.000000 290.000000
173.000000 296.000000
203.000000 288.000000
227.000000 275.000000
246.000000 261.000000
256.000000 238.000000
262.000000 199.000000
263.000000 171.000000
258.000000 141.000000
253.000000 115.000000
241.000000 92.000000
213.000000 78.000000
148.000000 147.000000
135.000000 142.000000
123.000000 139.000000
111.000000 138.000000
99.000000 143.000000
101.000000 150.000000
112.000000 148.000000
124.000000 149.000000
135.000000 152.000000
145.000000 155.000000
237.000000 139.000000
225.000000 135.000000
214.000000 135.000000
201.000000 138.000000
189.000000 143.000000
192.000000 151.000000
205.000000 147.000000
216.000000 144.000000
226.000000 143.000000
236.000000 145.000000
143.000000 173.000000
138.000000 167.000000
129.000000 163.000000
121.000000 165.000000
114.000000 169.000000
119.000000 174.000000
127.000000 177.000000
136.000000 176.000000
227.000000 170.000000
220.000000 163.000000
209.000000 160.000000
199.000000 165.000000
192.000000 171.000000
200.000000 174.000000
211.000000 175.000000
220.000000 172.000000
129.000000 169.000000
208.000000 168.000000
155.000000 167.000000
154.000000 182.000000
151.000000 194.000000
147.000000 206.000000
142.000000 219.000000
154.000000 225.000000
168.000000 228.000000
182.000000 224.000000
195.000000 217.000000
189.000000 205.000000
185.000000 193.000000
182.000000 182.000000
179.000000 167.000000
200.000000 247.000000
188.000000 244.000000
178.000000 242.000000
169.000000 245.000000
159.000000 242.000000
149.000000 246.000000
138.000000 250.000000
146.000000 257.000000
154.000000 262.000000
164.000000 265.000000
176.000000 265.000000
186.000000 261.000000
194.000000 255.000000
