224.000000 66.000000
182.000000 63.000000
148.000000 69.000000
119.000000 87.000000
103.000000 114.000000
90.000000 135.000000
80.000000 168.000000
73.000000 200.000000
75.000000 234.000000
87.000000 270.000000
107.000000 302.000000
140.000000 325.000000
186.000000 321.000000
214.000000 304.000000
239.000000 282.000000
257.000000 256.000000
269.000000 229.000000
280.000000 201.000000
287.000000 169.000000
290.000000 139.000000
281.000000 107.000000
259.000000 82.000000
181.000000 130.000000
167.000000 121.000000
153.000000 115.000000
138.000000 113.000000
124.000000 118.000000
125.000000 126.000000
137.000000 125.000000
150.000000 128.000000
163.000000 133.000000
176.000000 140.000000
275.000000 159.000000
265.000000 150.000000
252.000000 146.000000
239.000000 145.000000
225.000000 146.000000
225.000000 156.000000
238.000000 156.000000
250.000000 157.000000
261.000000 160.000000
270.000000 166.000000
170.000000 165.000000
167.000000 152.000000
157.000000 147.000000
145.000000 145.000000
133.000000 149.000000
141.000000 157.000000
149.000000 162.000000
158.000000 164.000000
259.000000 188.000000
252.000000 176.000000
240.000000 169.000000
226.000000 172.000000
217.000000 178.000000
225.000000 184.000000
237.000000 188.000000
248.000000 188.000000
151.000000 153.000000
236.000000 179.000000
184.000000 166.000000
176.000000 181.000000
168.000000 194.000000
158.000000 206.000000
147.000000 219.000000
162.000000 234.000000
173.000000 246.000000
192.000000 244.000000
207.000000 236.000000
206.000000 222.000000
204.000000 206.000000
204.000000 191.000000
207.000000 173.000000
204.000000 277.000000
188.000000 268.000000
178.000000 262.000000
168.000000 263.000000
158.000000 257.000000
146.000000 257.000000
129.000000 256.000000
136.000000 267.000000
144.000000 276.000000
155.000000 283.000000
167.000000 286.000000
178.000000 285.000000
189.000000 281.000000
