166.000000 25.000000
129.000000 39.000000
98.000000 65.000000
84.000000 94.000000
73.000000 126.000000
73.000000 166.000000
76.000000 195.000000
85.000000 226.000000
93.000000 246.000000
115.000000 272.000000
141.000000 291.000000
179.000000 301.000000
215.000000 289.000000
242.000000 264.000000
265.000000 236.000000
275.000000 205.000000
276.000000 183.000000
279.000000 149.000000
274.000000 107.000000
260.000000 76.000000
237.000000 55.000000
214.000000 36.000000
146.000000 104.000000
133.000000 100.000000
119.000000 98.000000
106.000000 100.000000
94.000000 109.000000
97.000000 116.000000
109.000000 110.000000
121.000000 109.000000
132.000000 111.000000
144.000000 113.000000
252.000000 104.000000
240.000000 97.000000
226.000000 95.000000
212.000000 97.000000
199.000000 102.000000
202.000000 110.000000
214.000000 106.000000
227.000000 104.000000
239.000000 105.000000
249.000000 111.000000
144.000000 142.000000
136.000000 134.000000
126.000000 131.000000
116.000000 133.000000
105.000000 140.000000
117.000000 144.000000
126.000000 146.000000
135.000000 144.000000
240.000000 135.000000
231.000000 129.000000
221.000000 128.000000
210.000000 131.000000
202.000000 138.000000
211.000000 141.000000
221.000000 141.000000
232.000000 139.000000
127.000000 137.000000
220.000000 135.000000
158.000000 137.000000
156.000000 154.000000
153.000000 168.000000
147.000000 181.000000
142.000000 196.000000
157.000000 203.000000
175.000000 206.000000
193.000000 201.000000
206.000000 192.000000
201.000000 179.000000
195.000000 167.000000
190.000000 152.000000
188.000000 136.000000
212.000000 232.000000
200.000000 226.000000
187.000000 222.000000
176.000000 226.000000
164.000000 223.000000
152.000000 228.000000
139.000000 234.000000
146.000000 244.000000
157.000000 251.000000
170.000000 255.000000
184.000000 254.000000
197.000000 250.000000
206.000000 241.000000
