172.000000 33.000000
118.000000 41.000000
86.000000 58.000000
73.000000 91.000000
66.000000 120.000000
62.000000 161.000000
65.000000 197.000000
71.000000 229.000000
82.000000 266.000000
104.000000 297.000000
131.000000 322.000000
172.000000 336.000000
213.000000 323.000000
244.000000 296.000000
266.000000 267.000000
277.000000 231.000000
283.000000 202.000000
287.000000 162.000000
284.000000 123.000000
270.000000 93.000000
253.000000 57.000000
218.000000 43.000000
144.000000 118.000000
129.000000 113.000000
114.000000 110.000000
99.000000 111.000000
86.000000 119.000000
89.000000 126.000000
101.000000 123.000000
115.000000 123.000000
128.000000 125.000000
140.000000 128.000000
259.000000 123.000000
246.000000 116.000000
230.000000 113.000000
213.000000 115.000000
198.000000 121.000000
202.000000 130.000000
216.000000 127.000000
230.000000 125.000000
244.000000 127.000000
256.000000 131.000000
143.000000 154.000000
135.000000 145.000000
124.000000 140.000000
111.000000 145.000000
101.000000 153.000000
112.000000 154.000000
123.000000 156.000000
133.000000 156.000000
245.000000 153.000000
231.000000 145.000000
220.000000 143.000000
210.000000 146.000000
202.000000 153.000000
212.000000 156.000000
222.000000 158.000000
232.000000 157.000000
122.000000 148.000000
221.000000 150.000000
158.000000 150.000000
153.000000 169.000000
149.000000 186.000000
142.000000 202.000000
137.000000 219.000000
152.000000 227.000000
171.000000 231.000000
188.000000 227.000000
204.000000 219.000000
200.000000 204.000000
194.000000 188.000000
189.000000 169.000000
184.000000 150.000000
208.000000 261.000000
194.000000 253.000000
182.000000 249.000000
171.000000 254.000000
158.000000 249.000000
146.000000 254.000000
134.000000 261.000000
142.000000 272.000000
151.000000 278.000000
164.000000 282.000000
178.000000 282.000000
190.000000 277.000000
199.000000 269.000000
