177.000000 77.000000
147.000000 78.000000
107.000000 84.000000
87.000000 110.000000
83.000000 141.000000
81.000000 171.000000
83.000000 202.000000
89.000000 233.000000
99.000000 264.000000
118.000000 291.000000
141.000000 313.000000
176.000000 325.000000
213.000000 313.000000
239.000000 291.000000
258.000000 262.000000
266.000000 232.000000
270.000000 202.000000
271.000000 173.000000
273.000000 141.000000
264.000000 109.000000
247.000000 81.000000
207.000000 81.000000
154.000000 149.000000
141.000000 144.000000
128.000000 140.000000
115.000000 139.000000
102.000000 143.000000
103.000000 152.000000
115.000000 150.000000
127.000000 152.000000
140.000000 155.000000
152.000000 159.000000
251.000000 142.000000
239.000000 138.000000
227.000000 139.000000
213.000000 142.000000
201.000000 148.000000
203.000000 157.000000
216.000000 152.000000
228.000000 150.000000
240.000000 149.000000
250.000000 150.000000
153.000000 178.000000
147.000000 169.000000
136.000000 165.000000
125.000000 166.000000
116.000000 173.000000
124.000000 179.000000
134.000000 181.000000
144.000000 181.000000
237.000000 170.000000
228.000000 165.000000
218.000000 164.000000
208.000000 168.000000
202.000000 177.000000
211.000000 180.000000
223.000000 181.000000
232.000000 177.000000
135.000000 172.000000
219.000000 172.000000
165.000000 175.000000
162.000000 191.000000
158.000000 206.000000
152.000000 219.000000
149.000000 233.000000
161.000000 240.000000
177.000000 245.000000
194.000000 240.000000
207.000000 231.000000
203.000000 219.000000
198.000000 206.000000
193.000000 190.000000
190.000000 175.000000
215.000000 259.000000
199.000000 258.000000
186.000000 257.000000
176.000000 260.000000
168.000000 257.000000
154.000000 259.000000
139.000000 258.000000
150.000000 268.000000
159.000000 274.000000
171.000000 279.000000
183.000000 279.000000
194.000000 275.000000
204.000000 268.000000
