190.000000 45.000000
142.000000 54.000000
111.000000 67.000000
95.000000 101.000000
84.000000 136.000000
76.000000 168.000000
74.000000 204.000000
77.000000 231.000000
90.000000 262.000000
110.000000 291.000000
136.000000 312.000000
176.000000 320.000000
213.000000 317.000000
243.000000 303.000000
261.000000 275.000000
270.000000 250.000000
276.000000 215.000000
279.000000 182.000000
286.000000 151.000000
273.000000 121.000000
261.000000 83.000000
230.000000 60.000000
164.000000 138.000000
149.000000 130.000000
135.000000 126.000000
119.000000 125.000000
106.000000 133.000000
110.000000 142.000000
122.000000 139.000000
135.000000 139.000000
148.000000 142.000000
159.000000 147.000000
265.000000 146.000000
253.000000 138.000000
240.000000 135.000000
227.000000 138.000000
214.000000 142.000000
217.000000 151.000000
230.000000 149.000000
241.000000 147.000000
252.000000 149.000000
262.000000 153.000000
159.000000 171.000000
152.000000 162.000000
140.000000 158.000000
130.000000 159.000000
120.000000 166.000000
130.000000 168.000000
139.000000 171.000000
148.000000 171.000000
247.000000 175.000000
238.000000 168.000000
229.000000 166.000000
219.000000 169.000000
212.000000 177.000000
220.000000 177.000000
229.000000 179.000000
239.000000 179.000000
139.000000 165.000000
227.000000 172.000000
171.000000 167.000000
168.000000 184.000000
165.000000 198.000000
159.000000 211.000000
152.000000 224.000000
164.000000 231.000000
181.000000 237.000000
197.000000 233.000000
211.000000 227.000000
206.000000 213.000000
201.000000 200.000000
199.000000 186.000000
199.000000 169.000000
214.000000 264.000000
203.000000 255.000000
189.000000 253.000000
180.000000 256.000000
170.000000 252.000000
157.000000 255.000000
144.000000 260.000000
151.000000 269.000000
160.000000 276.000000
171.000000 281.000000
184.000000 282.000000
195.000000 278.000000
204.000000 271.000000
