176.000000 88.000000
152.000000 94.000000
130.000000 106.000000
114.000000 126.000000
102.000000 148.000000
98.000000 173.000000
98.000000 199.000000
101.000000 227.000000
107.000000 255.000000
124.000000 279.000000
146.000000 299.000000
178.000000 309.000000
210.000000 297.000000
231.000000 278.000000
247.000000 260.000000
256.000000 230.000000
257.000000 203.000000
261.000000 177.000000
258.000000 152.000000
246.000000 129.000000
228.000000 107.000000
207.000000 95.000000
165.000000 144.000000
151.000000 139.000000
139.000000 136.000000
126.000000 138.000000
116.000000 144.000000
118.000000 149.000000
129.000000 147.000000
140.000000 146.000000
151.000000 148.000000
162.000000 151.000000
246.000000 143.000000
236.000000 139.000000
224.000000 140.000000
214.000000 142.000000
204.000000 146.000000
206.000000 152.000000
216.000000 150.000000
226.000000 147.000000
236.000000 147.000000
244.000000 149.000000
162.000000 170.000000
155.000000 164.000000
146.000000 160.000000
137.000000 161.000000
131.000000 166.000000
136.000000 170.000000
145.000000 171.000000
155.000000 170.000000
232.000000 168.000000
225.000000 163.000000
217.000000 162.000000
210.000000 165.000000
204.000000 170.000000
211.000000 172.000000
219.000000 172.000000
227.000000 171.000000
144.000000 166.000000
218.000000 167.000000
173.000000 168.000000
169.000000 181.000000
165.000000 193.000000
160.000000 205.000000
157.000000 218.000000
168.000000 226.000000
183.000000 230.000000
195.000000 227.000000
206.000000 219.000000
205.000000 207.000000
200.000000 194.000000
198.000000 183.000000
195.000000 169.000000
208.000000 250.000000
199.000000 246.000000
190.000000 242.000000
182.000000 244.000000
173.000000 241.000000
162.000000 245.000000
150.000000 249.000000
157.000000 257.000000
165.000000 263.000000
175.000000 267.000000
186.000000 267.000000
195.000000 263.000000
202.000000 257.000000
