184.000000 35.000000
150.000000 38.000000
110.000000 48.000000
93.000000 75.000000
76.000000 105.000000
73.000000 139.000000
70.000000 174.000000
68.000000 213.000000
79.000000 247.000000
99.000000 278.000000
126.000000 304.000000
168.000000 319.000000
212.000000 305.000000
241.000000 280.000000
266.000000 251.000000
273.000000 218.000000
273.000000 190.000000
280.000000 143.000000
278.000000 116.000000
270.000000 84.000000
253.000000 54.000000
217.000000 42.000000
151.000000 102.000000
133.000000 96.000000
116.000000 94.000000
101.000000 97.000000
90.000000 110.000000
98.000000 120.000000
107.000000 113.000000
117.000000 107.000000
132.000000 109.000000
148.000000 113.000000
264.000000 117.000000
252.000000 107.000000
237.000000 103.000000
221.000000 103.000000
204.000000 107.000000
206.000000 117.000000
222.000000 113.000000
237.000000 113.000000
250.000000 117.000000
260.000000 124.000000
147.000000 140.000000
138.000000 132.000000
127.000000 128.000000
117.000000 130.000000
107.000000 135.000000
115.000000 140.000000
126.000000 143.000000
136.000000 143.000000
245.000000 143.000000
236.000000 136.000000
225.000000 133.000000
214.000000 135.000000
205.000000 141.000000
215.000000 146.000000
225.000000 147.000000
236.000000 146.000000
128.000000 135.000000
225.000000 140.000000
162.000000 136.000000
157.000000 153.000000
153.000000 168.000000
145.000000 182.000000
147.000000 194.000000
164.000000 194.000000
176.000000 199.000000
190.000000 196.000000
202.000000 198.000000
202.000000 186.000000
195.000000 172.000000
192.000000 155.000000
191.000000 137.000000
210.000000 245.000000
199.000000 234.000000
186.000000 228.000000
174.000000 231.000000
160.000000 227.000000
147.000000 232.000000
133.000000 241.000000
140.000000 253.000000
152.000000 260.000000
165.000000 264.000000
178.000000 265.000000
191.000000 261.000000
203.000000 254.000000
