172.000000 49.000000
138.000000 61.000000
111.000000 80.000000
96.000000 104.000000
87.000000 132.000000
83.000000 160.000000
86.000000 190.000000
93.000000 220.000000
104.000000 248.000000
122.000000 274.000000
144.000000 294.000000
179.000000 305.000000
214.000000 292.000000
234.000000 271.000000
249.000000 246.000000
259.000000 218.000000
264.000000 187.000000
265.000000 157.000000
260.000000 129.000000
249.000000 100.000000
233.000000 77.000000
213.000000 55.000000
153.000000 120.000000
138.000000 117.000000
125.000000 114.000000
111.000000 116.000000
101.000000 124.000000
104.000000 129.000000
114.000000 126.000000
126.000000 125.000000
138.000000 127.000000
151.000000 129.000000
245.000000 121.000000
234.000000 113.000000
221.000000 111.000000
208.000000 114.000000
195.000000 118.000000
198.000000 126.000000
211.000000 123.000000
223.000000 121.000000
234.000000 122.000000
243.000000 126.000000
151.000000 153.000000
144.000000 146.000000
134.000000 142.000000
125.000000 144.000000
118.000000 149.000000
126.000000 155.000000
134.000000 156.000000
142.000000 155.000000
231.000000 147.000000
223.000000 141.000000
213.000000 140.000000
205.000000 144.000000
198.000000 150.000000
206.000000 153.000000
216.000000 153.000000
225.000000 152.000000
133.000000 148.000000
214.000000 147.000000
163.000000 149.000000
161.000000 165.000000
158.000000 179.000000
153.000000 193.000000
149.000000 207.000000
161.000000 213.000000
176.000000 217.000000
190.000000 213.000000
202.000000 206.000000
198.000000 193.000000
193.000000 180.000000
189.000000 164.000000
187.000000 149.000000
208.000000 237.000000
197.000000 235.000000
187.000000 233.000000
178.000000 236.000000
166.000000 234.000000
157.000000 237.000000
146.000000 240.000000
153.000000 250.000000
162.000000 256.000000
172.000000 260.000000
184.000000 260.000000
194.000000 254.000000
202.000000 247.000000
