186.000000 39.000000
151.000000 42.000000
115.000000 55.000000
92.000000 77.000000
77.000000 109.000000
69.000000 142.000000
71.000000 181.000000
74.000000 218.000000
83.000000 256.000000
105.000000 286.000000
134.000000 310.000000
175.000000 324.000000
211.000000 315.000000
235.000000 291.000000
257.000000 265.000000
274.000000 231.000000
279.000000 197.000000
283.000000 156.000000
281.000000 120.000000
272.000000 89.000000
251.000000 59.000000
219.000000 46.000000
158.000000 119.000000
142.000000 113.000000
126.000000 108.000000
111.000000 107.000000
97.000000 112.000000
99.000000 121.000000
113.000000 120.000000
125.000000 121.000000
140.000000 124.000000
153.000000 128.000000
269.000000 120.000000
257.000000 113.000000
242.000000 113.000000
228.000000 115.000000
211.000000 120.000000
213.000000 129.000000
229.000000 127.000000
242.000000 124.000000
255.000000 124.000000
266.000000 127.000000
153.000000 152.000000
147.000000 141.000000
134.000000 136.000000
122.000000 137.000000
113.000000 143.000000
122.000000 150.000000
133.000000 153.000000
143.000000 153.000000
253.000000 151.000000
243.000000 144.000000
231.000000 142.000000
219.000000 145.000000
211.000000 154.000000
222.000000 158.000000
233.000000 158.000000
244.000000 157.000000
132.000000 144.000000
233.000000 149.000000
169.000000 150.000000
166.000000 169.000000
161.000000 186.000000
153.000000 203.000000
148.000000 220.000000
161.000000 228.000000
178.000000 234.000000
194.000000 230.000000
209.000000 222.000000
205.000000 206.000000
200.000000 188.000000
197.000000 171.000000
195.000000 150.000000
210.000000 265.000000
199.000000 256.000000
187.000000 252.000000
176.000000 254.000000
165.000000 250.000000
154.000000 254.000000
141.000000 258.000000
151.000000 268.000000
160.000000 274.000000
170.000000 278.000000
182.000000 279.000000
191.000000 276.000000
200.000000 272.000000
