164.000000 64.000000
136.000000 70.000000
111.000000 85.000000
92.000000 106.000000
80.000000 133.000000
77.000000 161.000000
80.000000 192.000000
88.000000 221.000000
104.000000 251.000000
119.000000 271.000000
144.000000 287.000000
178.000000 291.000000
212.000000 280.000000
241.000000 265.000000
260.000000 237.000000
265.000000 205.000000
266.000000 178.000000
262.000000 151.000000
255.000000 123.000000
241.000000 98.000000
219.000000 79.000000
193.000000 67.000000
143.000000 131.000000
131.000000 127.000000
119.000000 125.000000
107.000000 122.000000
96.000000 125.000000
97.000000 133.000000
108.000000 132.000000
119.000000 133.000000
131.000000 135.000000
142.000000 138.000000
236.000000 118.000000
224.000000 117.000000
212.000000 119.000000
201.000000 123.000000
190.000000 128.000000
192.000000 135.000000
204.000000 131.000000
215.000000 128.000000
226.000000 126.000000
236.000000 126.000000
143.000000 154.000000
136.000000 146.000000
125.000000 144.000000
115.000000 146.000000
108.000000 151.000000
114.000000 156.000000
125.000000 157.000000
135.000000 156.000000
227.000000 143.000000
218.000000 138.000000
208.000000 138.000000
199.000000 142.000000
192.000000 149.000000
201.000000 151.000000
211.000000 151.000000
220.000000 149.000000
126.000000 149.000000
209.000000 144.000000
155.000000 150.000000
153.000000 163.000000
150.000000 177.000000
145.000000 191.000000
144.000000 203.000000
157.000000 209.000000
171.000000 210.000000
186.000000 206.000000
198.000000 198.000000
195.000000 186.000000
189.000000 175.000000
184.000000 160.000000
181.000000 148.000000
207.000000 230.000000
194.000000 223.000000
183.000000 221.000000
172.000000 224.000000
160.000000 222.000000
148.000000 227.000000
137.000000 233.000000
147.000000 242.000000
157.000000 248.000000
168.000000 251.000000
180.000000 251.000000
191.000000 246.000000
200.000000 238.000000
