177.000000 80.000000
138.000000 81.000000
111.000000 101.000000
104.000000 127.000000
101.000000 147.000000
98.000000 170.000000
100.000000 196.000000
104.000000 222.000000
113.000000 247.000000
129.000000 266.000000
149.000000 281.000000
179.000000 286.000000
206.000000 277.000000
225.000000 260.000000
241.000000 239.000000
246.000000 215.000000
250.000000 191.000000
255.000000 167.000000
259.000000 143.000000
254.000000 120.000000
238.000000 96.000000
212.000000 83.000000
155.000000 142.000000
144.000000 139.000000
134.000000 136.000000
124.000000 136.000000
116.000000 142.000000
117.000000 148.000000
126.000000 146.000000
134.000000 147.000000
143.000000 148.000000
154.000000 151.000000
234.000000 144.000000
226.000000 138.000000
216.000000 138.000000
205.000000 140.000000
194.000000 144.000000
195.000000 152.000000
207.000000 149.000000
218.000000 147.000000
226.000000 147.000000
233.000000 149.000000
155.000000 168.000000
148.000000 163.000000
140.000000 161.000000
133.000000 161.000000
126.000000 165.000000
132.000000 168.000000
140.000000 169.000000
147.000000 169.000000
221.000000 163.000000
215.000000 160.000000
208.000000 160.000000
201.000000 162.000000
195.000000 165.000000
202.000000 167.000000
209.000000 168.000000
217.000000 167.000000
139.000000 164.000000
209.000000 164.000000
164.000000 164.000000
162.000000 175.000000
159.000000 186.000000
155.000000 197.000000
153.000000 209.000000
163.000000 214.000000
176.000000 217.000000
188.000000 213.000000
196.000000 207.000000
194.000000 197.000000
190.000000 186.000000
186.000000 176.000000
184.000000 163.000000
205.000000 233.000000
194.000000 230.000000
185.000000 227.000000
177.000000 230.000000
169.000000 228.000000
159.000000 231.000000
147.000000 234.000000
154.000000 243.000000
162.000000 249.000000
172.000000 252.000000
182.000000 252.000000
192.000000 248.000000
199.000000 241.000000
