176.000000 95.000000
140.000000 103.000000
119.000000 116.000000
110.000000 135.000000
99.000000 157.000000
96.000000 182.000000
99.000000 209.000000
104.000000 234.000000
114.000000 259.000000
133.000000 279.000000
155.000000 297.000000
181.000000 304.000000
207.000000 294.000000
225.000000 275.000000
239.000000 248.000000
247.000000 228.000000
253.000000 204.000000
255.000000 179.000000
254.000000 152.000000
248.000000 128.000000
235.000000 111.000000
207.000000 100.000000
159.000000 163.000000
148.000000 160.000000
138.000000 158.000000
129.000000 157.000000
120.000000 160.000000
121.000000 165.000000
129.000000 164.000000
137.000000 165.000000
147.000000 166.000000
156.000000 169.000000
243.000000 159.000000
233.000000 156.000000
223.000000 157.000000
213.000000 159.000000
203.000000 164.000000
204.000000 170.000000
214.000000 167.000000
223.000000 164.000000
232.000000 163.000000
241.000000 164.000000
163.000000 186.000000
157.000000 178.000000
147.000000 173.000000
137.000000 174.000000
130.000000 179.000000
137.000000 184.000000
146.000000 186.000000
155.000000 186.000000
230.000000 179.000000
223.000000 174.000000
214.000000 174.000000
206.000000 178.000000
202.000000 186.000000
210.000000 187.000000
218.000000 187.000000
226.000000 185.000000
144.000000 178.000000
216.000000 180.000000
173.000000 182.000000
172.000000 195.000000
169.000000 208.000000
164.000000 220.000000
159.000000 232.000000
169.000000 240.000000
182.000000 245.000000
195.000000 241.000000
204.000000 233.000000
201.000000 222.000000
196.000000 209.000000
193.000000 196.000000
192.000000 182.000000
207.000000 261.000000
197.000000 257.000000
188.000000 255.000000
181.000000 258.000000
173.000000 255.000000
163.000000 257.000000
150.000000 258.000000
159.000000 266.000000
167.000000 272.000000
176.000000 276.000000
186.000000 275.000000
195.000000 272.000000
201.000000 267.000000
