182.000000 25.000000
149.000000 30.000000
115.000000 46.000000
93.000000 81.000000
81.000000 125.000000
81.000000 157.000000
79.000000 189.000000
82.000000 222.000000
91.000000 254.000000
113.000000 281.000000
141.000000 303.000000
179.000000 315.000000
214.000000 300.000000
234.000000 275.000000
254.000000 248.000000
264.000000 219.000000
270.000000 188.000000
270.000000 160.000000
269.000000 129.000000
261.000000 80.000000
244.000000 49.000000
216.000000 31.000000
156.000000 126.000000
142.000000 121.000000
128.000000 118.000000
114.000000 118.000000
101.000000 124.000000
103.000000 133.000000
115.000000 130.000000
129.000000 131.000000
142.000000 133.000000
155.000000 137.000000
254.000000 123.000000
243.000000 117.000000
230.000000 119.000000
218.000000 122.000000
206.000000 127.000000
208.000000 136.000000
220.000000 132.000000
232.000000 129.000000
243.000000 128.000000
252.000000 130.000000
155.000000 156.000000
145.000000 147.000000
135.000000 142.000000
124.000000 143.000000
115.000000 149.000000
122.000000 156.000000
133.000000 157.000000
144.000000 156.000000
242.000000 148.000000
233.000000 142.000000
222.000000 141.000000
212.000000 144.000000
204.000000 153.000000
214.000000 155.000000
224.000000 155.000000
235.000000 153.000000
131.000000 149.000000
223.000000 148.000000
167.000000 153.000000
164.000000 167.000000
159.000000 181.000000
153.000000 195.000000
149.000000 209.000000
163.000000 217.000000
181.000000 222.000000
199.000000 217.000000
211.000000 207.000000
207.000000 195.000000
202.000000 183.000000
197.000000 167.000000
193.000000 153.000000
216.000000 243.000000
205.000000 237.000000
192.000000 234.000000
180.000000 237.000000
167.000000 235.000000
151.000000 237.000000
137.000000 242.000000
146.000000 255.000000
158.000000 265.000000
173.000000 270.000000
187.000000 270.000000
200.000000 264.000000
210.000000 254.000000
