173.000000 72.000000
135.000000 76.000000
105.000000 90.000000
89.000000 115.000000
84.000000 149.000000
82.000000 177.000000
82.000000 207.000000
87.000000 231.000000
92.000000 261.000000
107.000000 285.000000
129.000000 307.000000
165.000000 320.000000
201.000000 310.000000
232.000000 291.000000
251.000000 272.000000
260.000000 244.000000
259.000000 217.000000
260.000000 176.000000
256.000000 144.000000
248.000000 111.000000
232.000000 85.000000
209.000000 76.000000
137.000000 154.000000
126.000000 149.000000
116.000000 146.000000
104.000000 145.000000
95.000000 150.000000
97.000000 159.000000
106.000000 158.000000
116.000000 158.000000
125.000000 160.000000
136.000000 163.000000
231.000000 151.000000
220.000000 145.000000
209.000000 145.000000
197.000000 147.000000
184.000000 151.000000
186.000000 160.000000
198.000000 157.000000
210.000000 156.000000
220.000000 156.000000
229.000000 158.000000
140.000000 181.000000
132.000000 174.000000
123.000000 169.000000
113.000000 170.000000
106.000000 176.000000
113.000000 181.000000
121.000000 183.000000
129.000000 183.000000
218.000000 175.000000
211.000000 169.000000
201.000000 169.000000
192.000000 172.000000
184.000000 179.000000
193.000000 181.000000
203.000000 182.000000
212.000000 180.000000
121.000000 175.000000
203.000000 175.000000
149.000000 177.000000
145.000000 190.000000
142.000000 202.000000
137.000000 214.000000
133.000000 228.000000
145.000000 235.000000
161.000000 239.000000
176.000000 234.000000
188.000000 225.000000
185.000000 214.000000
180.000000 202.000000
176.000000 191.000000
173.000000 177.000000
193.000000 259.000000
182.000000 255.000000
170.000000 253.000000
162.000000 257.000000
153.000000 254.000000
142.000000 257.000000
130.000000 260.000000
137.000000 269.000000
146.000000 275.000000
158.000000 279.000000
169.000000 278.000000
179.000000 274.000000
188.000000 268.000000
