169.000000 84.000000
139.000000 89.000000
112.000000 102.000000
96.000000 127.000000
88.000000 153.000000
90.000000 181.000000
95.000000 208.000000
106.000000 234.000000
116.000000 256.000000
130.000000 279.000000
149.000000 299.000000
178.000000 310.000000
208.000000 298.000000
233.000000 279.000000
253.000000 258.000000
263.000000 229.000000
267.000000 202.000000
265.000000 170.000000
254.000000 144.000000
240.000000 120.000000
220.000000 102.000000
197.000000 88.000000
146.000000 158.000000
135.000000 155.000000
125.000000 151.000000
115.000000 147.000000
105.000000 149.000000
105.000000 155.000000
115.000000 156.000000
123.000000 158.000000
134.000000 161.000000
145.000000 164.000000
235.000000 146.000000
223.000000 144.000000
211.000000 146.000000
200.000000 150.000000
188.000000 154.000000
189.000000 161.000000
202.000000 156.000000
213.000000 153.000000
223.000000 150.000000
233.000000 151.000000
146.000000 182.000000
141.000000 173.000000
132.000000 169.000000
122.000000 169.000000
116.000000 175.000000
120.000000 181.000000
129.000000 183.000000
138.000000 183.000000
225.000000 171.000000
218.000000 166.000000
207.000000 166.000000
198.000000 171.000000
191.000000 179.000000
200.000000 181.000000
212.000000 181.000000
221.000000 178.000000
131.000000 175.000000
209.000000 172.000000
157.000000 178.000000
156.000000 192.000000
153.000000 206.000000
149.000000 221.000000
147.000000 236.000000
157.000000 242.000000
171.000000 246.000000
185.000000 240.000000
196.000000 232.000000
192.000000 219.000000
187.000000 205.000000
182.000000 190.000000
180.000000 177.000000
202.000000 262.000000
190.000000 259.000000
180.000000 257.000000
173.000000 260.000000
163.000000 258.000000
155.000000 261.000000
146.000000 263.000000
151.000000 272.000000
159.000000 279.000000
169.000000 283.000000
180.000000 283.000000
190.000000 278.000000
198.000000 271.000000
