170.000000 33.000000
136.000000 33.000000
105.000000 49.000000
90.000000 81.000000
83.000000 113.000000
78.000000 140.000000
76.000000 168.000000
79.000000 197.000000
84.000000 227.000000
100.000000 252.000000
122.000000 273.000000
158.000000 286.000000
194.000000 273.000000
221.000000 254.000000
242.000000 230.000000
250.000000 201.000000
254.000000 170.000000
255.000000 142.000000
251.000000 115.000000
246.000000 83.000000
227.000000 58.000000
207.000000 36.000000
139.000000 109.000000
125.000000 104.000000
113.000000 102.000000
100.000000 103.000000
90.000000 109.000000
92.000000 116.000000
102.000000 114.000000
113.000000 114.000000
125.000000 116.000000
137.000000 119.000000
230.000000 110.000000
219.000000 103.000000
206.000000 103.000000
194.000000 104.000000
181.000000 107.000000
182.000000 117.000000
196.000000 114.000000
209.000000 113.000000
218.000000 113.000000
227.000000 116.000000
136.000000 136.000000
126.000000 130.000000
118.000000 128.000000
110.000000 129.000000
103.000000 134.000000
108.000000 138.000000
117.000000 140.000000
127.000000 139.000000
216.000000 134.000000
208.000000 129.000000
200.000000 128.000000
191.000000 131.000000
182.000000 136.000000
191.000000 139.000000
200.000000 140.000000
210.000000 139.000000
118.000000 133.000000
201.000000 134.000000
147.000000 134.000000
143.000000 149.000000
139.000000 161.000000
134.000000 173.000000
130.000000 186.000000
143.000000 193.000000
157.000000 196.000000
172.000000 193.000000
185.000000 186.000000
181.000000 175.000000
177.000000 164.000000
173.000000 149.000000
171.000000 135.000000
193.000000 221.000000
181.000000 216.000000
168.000000 212.000000
157.000000 214.000000
147.000000 211.000000
135.000000 215.000000
122.000000 220.000000
128.000000 231.000000
137.000000 239.000000
150.000000 244.000000
163.000000 244.000000
175.000000 239.000000
185.000000 231.000000
