174.000000 54.000000
135.000000 62.000000
110.000000 76.000000
94.000000 97.000000
92.000000 126.000000
88.000000 153.000000
87.000000 181.000000
90.000000 209.000000
100.000000 236.000000
119.000000 257.000000
143.000000 275.000000
175.000000 283.000000
205.000000 273.000000
225.000000 256.000000
244.000000 233.000000
254.000000 207.000000
260.000000 180.000000
261.000000 152.000000
256.000000 125.000000
252.000000 96.000000
238.000000 73.000000
210.000000 58.000000
156.000000 126.000000
144.000000 122.000000
133.000000 119.000000
122.000000 120.000000
112.000000 127.000000
114.000000 134.000000
124.000000 131.000000
133.000000 130.000000
143.000000 132.000000
154.000000 134.000000
240.000000 127.000000
231.000000 121.000000
221.000000 120.000000
210.000000 123.000000
199.000000 127.000000
201.000000 135.000000
212.000000 131.000000
222.000000 129.000000
231.000000 130.000000
238.000000 133.000000
154.000000 156.000000
147.000000 149.000000
138.000000 146.000000
129.000000 147.000000
123.000000 152.000000
129.000000 156.000000
138.000000 158.000000
146.000000 158.000000
229.000000 152.000000
221.000000 147.000000
212.000000 146.000000
204.000000 149.000000
198.000000 156.000000
207.000000 159.000000
216.000000 159.000000
225.000000 157.000000
137.000000 151.000000
212.000000 152.000000
166.000000 153.000000
163.000000 166.000000
159.000000 178.000000
153.000000 190.000000
148.000000 203.000000
160.000000 209.000000
176.000000 213.000000
191.000000 209.000000
202.000000 201.000000
199.000000 190.000000
193.000000 178.000000
189.000000 167.000000
187.000000 153.000000
205.000000 230.000000
195.000000 228.000000
185.000000 226.000000
176.000000 228.000000
166.000000 226.000000
156.000000 228.000000
143.000000 230.000000
151.000000 237.000000
160.000000 243.000000
170.000000 247.000000
181.000000 247.000000
191.000000 243.000000
199.000000 237.000000
