177.000000 50.000000
123.000000 53.000000
105.000000 68.000000
91.000000 88.000000
84.000000 112.000000
88.000000 145.000000
89.000000 176.000000
95.000000 204.000000
104.000000 231.000000
122.000000 254.000000
144.000000 273.000000
177.000000 286.000000
208.000000 276.000000
231.000000 258.000000
250.000000 236.000000
259.000000 208.000000
264.000000 180.000000
268.000000 149.000000
265.000000 122.000000
262.000000 92.000000
247.000000 64.000000
221.000000 52.000000
160.000000 121.000000
147.000000 117.000000
134.000000 115.000000
120.000000 115.000000
108.000000 122.000000
110.000000 129.000000
121.000000 126.000000
134.000000 126.000000
146.000000 127.000000
158.000000 129.000000
248.000000 123.000000
237.000000 118.000000
224.000000 116.000000
211.000000 118.000000
200.000000 122.000000
202.000000 130.000000
213.000000 128.000000
225.000000 126.000000
236.000000 127.000000
246.000000 130.000000
157.000000 152.000000
150.000000 144.000000
140.000000 140.000000
131.000000 141.000000
123.000000 146.000000
129.000000 152.000000
139.000000 154.000000
148.000000 154.000000
236.000000 148.000000
228.000000 142.000000
218.000000 141.000000
209.000000 144.000000
202.000000 152.000000
211.000000 155.000000
220.000000 155.000000
230.000000 152.000000
138.000000 146.000000
218.000000 148.000000
169.000000 150.000000
166.000000 164.000000
162.000000 177.000000
157.000000 189.000000
153.000000 201.000000
165.000000 209.000000
179.000000 214.000000
194.000000 209.000000
206.000000 202.000000
202.000000 190.000000
198.000000 179.000000
193.000000 165.000000
191.000000 150.000000
208.000000 233.000000
198.000000 230.000000
187.000000 228.000000
178.000000 230.000000
169.000000 227.000000
158.000000 230.000000
146.000000 233.000000
153.000000 242.000000
161.000000 249.000000
172.000000 253.000000
184.000000 253.000000
195.000000 249.000000
203.000000 242.000000
