178.000000 103.000000
150.000000 98.000000
110.000000 104.000000
93.000000 135.000000
92.000000 165.000000
87.000000 193.000000
89.000000 222.000000
94.000000 249.000000
104.000000 276.000000
122.000000 297.000000
146.000000 315.000000
176.000000 326.000000
206.000000 315.000000
232.000000 297.000000
250.000000 276.000000
259.000000 251.000000
265.000000 224.000000
268.000000 194.000000
264.000000 166.000000
261.000000 141.000000
240.000000 112.000000
206.000000 108.000000
157.000000 167.000000
144.000000 163.000000
131.000000 160.000000
118.000000 160.000000
106.000000 164.000000
108.000000 172.000000
120.000000 171.000000
131.000000 171.000000
143.000000 173.000000
154.000000 175.000000
252.000000 164.000000
240.000000 160.000000
228.000000 160.000000
215.000000 162.000000
202.000000 167.000000
204.000000 175.000000
217.000000 172.000000
229.000000 170.000000
240.000000 170.000000
251.000000 171.000000
155.000000 191.000000
148.000000 183.000000
139.000000 180.000000
129.000000 181.000000
121.000000 186.000000
127.000000 191.000000
136.000000 193.000000
146.000000 193.000000
235.000000 186.000000
228.000000 181.000000
219.000000 180.000000
210.000000 184.000000
203.000000 190.000000
212.000000 192.000000
221.000000 193.000000
229.000000 191.000000
137.000000 186.000000
220.000000 186.000000
166.000000 187.000000
164.000000 202.000000
161.000000 215.000000
156.000000 227.000000
151.000000 240.000000
162.000000 249.000000
177.000000 253.000000
194.000000 248.000000
204.000000 239.000000
199.000000 227.000000
194.000000 215.000000
191.000000 202.000000
189.000000 187.000000
210.000000 269.000000
196.000000 269.000000
185.000000 267.000000
177.000000 270.000000
168.000000 268.000000
157.000000 270.000000
143.000000 270.000000
152.000000 279.000000
161.000000 285.000000
171.000000 289.000000
182.000000 289.000000
192.000000 285.000000
201.000000 279.000000
