184.000000 48.000000
152.000000 52.000000
117.000000 65.000000
92.000000 86.000000
79.000000 113.000000
75.000000 148.000000
75.000000 184.000000
82.000000 220.000000
97.000000 252.000000
121.000000 277.000000
147.000000 300.000000
187.000000 307.000000
219.000000 292.000000
238.000000 268.000000
255.000000 243.000000
266.000000 214.000000
272.000000 183.000000
276.000000 150.000000
277.000000 124.000000
267.000000 92.000000
244.000000 69.000000
216.000000 53.000000
162.000000 127.000000
147.000000 123.000000
132.000000 121.000000
118.000000 120.000000
104.000000 125.000000
107.000000 134.000000
119.000000 132.000000
132.000000 133.000000
146.000000 135.000000
160.000000 137.000000
263.000000 118.000000
250.000000 116.000000
238.000000 119.000000
226.000000 122.000000
213.000000 127.000000
215.000000 136.000000
228.000000 133.000000
240.000000 130.000000
251.000000 128.000000
262.000000 127.000000
162.000000 155.000000
154.000000 146.000000
142.000000 142.000000
131.000000 143.000000
116.000000 150.000000
129.000000 155.000000
140.000000 157.000000
151.000000 157.000000
252.000000 145.000000
240.000000 139.000000
229.000000 139.000000
219.000000 144.000000
213.000000 152.000000
222.000000 155.000000
233.000000 154.000000
243.000000 151.000000
138.000000 148.000000
230.000000 146.000000
175.000000 150.000000
171.000000 166.000000
167.000000 182.000000
161.000000 197.000000
157.000000 210.000000
172.000000 220.000000
191.000000 224.000000
205.000000 219.000000
216.000000 212.000000
213.000000 198.000000
207.000000 183.000000
202.000000 167.000000
199.000000 150.000000
224.000000 245.000000
208.000000 243.000000
196.000000 241.000000
186.000000 244.000000
177.000000 242.000000
163.000000 245.000000
147.000000 251.000000
159.000000 255.000000
170.000000 261.000000
182.000000 263.000000
193.000000 263.000000
205.000000 259.000000
213.000000 252.000000
