171.000000 73.000000
142.000000 79.000000
119.000000 93.000000
101.000000 114.000000
98.000000 146.000000
98.000000 170.000000
100.000000 194.000000
105.000000 217.000000
113.000000 241.000000
128.000000 261.000000
147.000000 275.000000
174.000000 283.000000
200.000000 275.000000
221.000000 260.000000
234.000000 242.000000
241.000000 219.000000
245.000000 195.000000
246.000000 170.000000
246.000000 145.000000
243.000000 117.000000
225.000000 91.000000
201.000000 78.000000
153.000000 140.000000
142.000000 136.000000
131.000000 134.000000
121.000000 135.000000
110.000000 139.000000
112.000000 145.000000
122.000000 144.000000
132.000000 143.000000
142.000000 145.000000
150.000000 147.000000
231.000000 135.000000
221.000000 131.000000
211.000000 132.000000
200.000000 134.000000
189.000000 139.000000
191.000000 145.000000
202.000000 143.000000
212.000000 140.000000
222.000000 140.000000
230.000000 141.000000
150.000000 165.000000
145.000000 158.000000
137.000000 155.000000
129.000000 157.000000
122.000000 161.000000
128.000000 166.000000
136.000000 168.000000
143.000000 166.000000
222.000000 160.000000
216.000000 156.000000
207.000000 154.000000
200.000000 157.000000
193.000000 163.000000
201.000000 165.000000
209.000000 166.000000
217.000000 164.000000
136.000000 161.000000
207.000000 160.000000
160.000000 161.000000
159.000000 174.000000
156.000000 186.000000
153.000000 197.000000
149.000000 208.000000
159.000000 214.000000
172.000000 217.000000
185.000000 213.000000
196.000000 206.000000
191.000000 196.000000
187.000000 186.000000
184.000000 174.000000
182.000000 161.000000
201.000000 234.000000
190.000000 230.000000
180.000000 227.000000
173.000000 230.000000
165.000000 227.000000
156.000000 231.000000
146.000000 235.000000
152.000000 243.000000
159.000000 249.000000
168.000000 253.000000
178.000000 253.000000
187.000000 248.000000
194.000000 243.000000
