181.000000 54.000000
151.000000 54.000000
124.000000 67.000000
102.000000 89.000000
93.000000 119.000000
84.000000 146.000000
82.000000 177.000000
87.000000 208.000000
98.000000 237.000000
121.000000 260.000000
148.000000 276.000000
182.000000 282.000000
215.000000 274.000000
241.000000 257.000000
261.000000 234.000000
271.000000 206.000000
277.000000 176.000000
273.000000 146.000000
269.000000 120.000000
256.000000 91.000000
238.000000 67.000000
211.000000 54.000000
160.000000 114.000000
147.000000 111.000000
133.000000 108.000000
120.000000 107.000000
108.000000 113.000000
110.000000 120.000000
122.000000 117.000000
134.000000 118.000000
146.000000 120.000000
158.000000 124.000000
255.000000 113.000000
243.000000 107.000000
231.000000 107.000000
218.000000 109.000000
206.000000 114.000000
208.000000 123.000000
221.000000 118.000000
232.000000 116.000000
243.000000 116.000000
254.000000 119.000000
157.000000 146.000000
149.000000 139.000000
139.000000 135.000000
129.000000 137.000000
121.000000 142.000000
129.000000 146.000000
138.000000 149.000000
148.000000 148.000000
241.000000 140.000000
232.000000 135.000000
222.000000 134.000000
214.000000 138.000000
207.000000 144.000000
216.000000 147.000000
225.000000 148.000000
235.000000 146.000000
139.000000 141.000000
224.000000 141.000000
170.000000 141.000000
168.000000 155.000000
164.000000 167.000000
159.000000 179.000000
155.000000 193.000000
169.000000 200.000000
183.000000 203.000000
196.000000 200.000000
209.000000 193.000000
206.000000 181.000000
201.000000 168.000000
198.000000 157.000000
196.000000 141.000000
215.000000 229.000000
203.000000 226.000000
193.000000 222.000000
184.000000 226.000000
172.000000 222.000000
160.000000 226.000000
147.000000 229.000000
156.000000 236.000000
166.000000 242.000000
177.000000 244.000000
189.000000 244.000000
200.000000 241.000000
209.000000 235.000000
