178.000000 0.000000
138.000000 0.000000
103.000000 14.000000
71.000000 41.000000
57.000000 82.000000
55.000000 122.000000
61.000000 167.000000
71.000000 209.000000
86.000000 251.000000
115.000000 284.000000
149.000000 308.000000
197.000000 318.000000
239.000000 302.000000
272.000000 272.000000
298.000000 237.000000
307.000000 194.000000
313.000000 152.000000
315.000000 107.000000
307.000000 67.000000
289.000000 30.000000
262.000000 5.000000
219.000000 0.000000
146.000000 78.000000
127.000000 72.000000
107.000000 69.000000
88.000000 69.000000
71.000000 78.000000
75.000000 88.000000
91.000000 85.000000
108.000000 84.000000
125.000000 86.000000
142.000000 89.000000
287.000000 65.000000
270.000000 59.000000
251.000000 61.000000
233.000000 66.000000
214.000000 73.000000
218.000000 84.000000
236.000000 79.000000
253.000000 75.000000
270.000000 74.000000
284.000000 75.000000
151.000000 113.000000
139.000000 103.000000
124.000000 99.000000
110.000000 101.000000
92.000000 109.000000
111.000000 114.000000
124.000000 117.000000
137.000000 116.000000
268.000000 101.000000
252.000000 92.000000
238.000000 92.000000
226.000000 97.000000
214.000000 108.000000
229.000000 109.000000
242.000000 109.000000
255.000000 106.000000
121.000000 107.000000
242.000000 100.000000
166.000000 108.000000
164.000000 129.000000
162.000000 149.000000
152.000000 169.000000
149.000000 188.000000
166.000000 197.000000
185.000000 201.000000
204.000000 195.000000
219.000000 181.000000
216.000000 167.000000
203.000000 149.000000
200.000000 130.000000
198.000000 106.000000
233.000000 230.000000
217.000000 226.000000
202.000000 225.000000
188.000000 231.000000
171.000000 227.000000
157.000000 231.000000
143.000000 236.000000
155.000000 248.000000
167.000000 256.000000
182.000000 259.000000
198.000000 258.000000
212.000000 251.000000
222.000000 242.000000
