171.000000 58.000000
135.000000 66.000000
112.000000 82.000000
97.000000 102.000000
88.000000 126.000000
84.000000 151.000000
85.000000 180.000000
89.000000 207.000000
98.000000 233.000000
113.000000 256.000000
134.000000 276.000000
166.000000 284.000000
198.000000 277.000000
221.000000 258.000000
235.000000 233.000000
246.000000 208.000000
253.000000 183.000000
254.000000 154.000000
250.000000 128.000000
242.000000 101.000000
222.000000 80.000000
198.000000 66.000000
150.000000 127.000000
138.000000 124.000000
127.000000 121.000000
116.000000 120.000000
105.000000 124.000000
106.000000 132.000000
117.000000 131.000000
127.000000 132.000000
138.000000 134.000000
148.000000 137.000000
237.000000 129.000000
227.000000 125.000000
215.000000 124.000000
203.000000 125.000000
191.000000 128.000000
192.000000 137.000000
205.000000 135.000000
216.000000 135.000000
226.000000 135.000000
236.000000 137.000000
146.000000 152.000000
141.000000 144.000000
132.000000 141.000000
123.000000 142.000000
115.000000 146.000000
121.000000 152.000000
130.000000 153.000000
138.000000 153.000000
222.000000 149.000000
215.000000 145.000000
206.000000 144.000000
198.000000 146.000000
192.000000 152.000000
199.000000 155.000000
208.000000 156.000000
217.000000 154.000000
131.000000 146.000000
206.000000 149.000000
158.000000 148.000000
156.000000 162.000000
154.000000 174.000000
150.000000 186.000000
145.000000 199.000000
155.000000 207.000000
168.000000 211.000000
181.000000 208.000000
191.000000 200.000000
188.000000 188.000000
184.000000 175.000000
181.000000 163.000000
180.000000 149.000000
195.000000 232.000000
184.000000 227.000000
176.000000 224.000000
167.000000 226.000000
158.000000 223.000000
148.000000 226.000000
134.000000 229.000000
144.000000 236.000000
153.000000 240.000000
162.000000 242.000000
172.000000 242.000000
181.000000 240.000000
189.000000 237.000000
