182.000000 75.000000
145.000000 81.000000
117.000000 96.000000
98.000000 116.000000
89.000000 140.000000
87.000000 170.000000
92.000000 201.000000
98.000000 229.000000
107.000000 258.000000
126.000000 282.000000
150.000000 301.000000
186.000000 311.000000
220.000000 299.000000
246.000000 277.000000
261.000000 256.000000
268.000000 223.000000
272.000000 195.000000
270.000000 166.000000
266.000000 142.000000
259.000000 111.000000
241.000000 91.000000
212.000000 79.000000
159.000000 145.000000
146.000000 142.000000
133.000000 140.000000
120.000000 141.000000
108.000000 146.000000
110.000000 154.000000
122.000000 152.000000
134.000000 151.000000
146.000000 152.000000
157.000000 154.000000
250.000000 143.000000
241.000000 138.000000
230.000000 137.000000
217.000000 139.000000
205.000000 142.000000
207.000000 151.000000
219.000000 149.000000
230.000000 148.000000
240.000000 149.000000
249.000000 151.000000
159.000000 173.000000
153.000000 166.000000
143.000000 162.000000
133.000000 163.000000
125.000000 168.000000
132.000000 174.000000
141.000000 177.000000
150.000000 176.000000
237.000000 166.000000
229.000000 161.000000
220.000000 160.000000
210.000000 163.000000
204.000000 171.000000
213.000000 174.000000
223.000000 175.000000
232.000000 172.000000
141.000000 169.000000
220.000000 167.000000
170.000000 168.000000
168.000000 183.000000
165.000000 197.000000
160.000000 210.000000
155.000000 224.000000
169.000000 231.000000
183.000000 234.000000
199.000000 230.000000
212.000000 222.000000
207.000000 209.000000
201.000000 197.000000
197.000000 182.000000
194.000000 167.000000
216.000000 255.000000
204.000000 251.000000
194.000000 249.000000
184.000000 252.000000
173.000000 250.000000
162.000000 254.000000
151.000000 257.000000
161.000000 264.000000
170.000000 268.000000
179.000000 269.000000
190.000000 269.000000
199.000000 266.000000
207.000000 261.000000
