172.000000 88.000000
139.000000 94.000000
115.000000 105.000000
97.000000 125.000000
88.000000 152.000000
92.000000 182.000000
95.000000 208.000000
103.000000 236.000000
116.000000 257.000000
130.000000 276.000000
147.000000 293.000000
176.000000 301.000000
201.000000 289.000000
221.000000 270.000000
237.000000 248.000000
244.000000 224.000000
250.000000 201.000000
254.000000 170.000000
250.000000 147.000000
243.000000 122.000000
226.000000 107.000000
202.000000 92.000000
146.000000 151.000000
135.000000 147.000000
125.000000 145.000000
114.000000 146.000000
105.000000 150.000000
107.000000 158.000000
116.000000 155.000000
125.000000 154.000000
135.000000 155.000000
144.000000 157.000000
234.000000 146.000000
224.000000 144.000000
214.000000 145.000000
203.000000 147.000000
194.000000 151.000000
196.000000 157.000000
204.000000 154.000000
215.000000 153.000000
224.000000 153.000000
233.000000 153.000000
150.000000 176.000000
143.000000 169.000000
133.000000 166.000000
124.000000 168.000000
118.000000 174.000000
124.000000 179.000000
133.000000 181.000000
141.000000 180.000000
224.000000 169.000000
217.000000 163.000000
208.000000 162.000000
199.000000 166.000000
193.000000 173.000000
201.000000 176.000000
210.000000 177.000000
219.000000 174.000000
134.000000 173.000000
208.000000 170.000000
160.000000 174.000000
158.000000 187.000000
156.000000 199.000000
152.000000 209.000000
151.000000 221.000000
157.000000 229.000000
174.000000 232.000000
186.000000 231.000000
196.000000 222.000000
193.000000 210.000000
189.000000 198.000000
185.000000 185.000000
183.000000 173.000000
201.000000 250.000000
191.000000 249.000000
181.000000 247.000000
174.000000 251.000000
165.000000 249.000000
155.000000 252.000000
146.000000 255.000000
152.000000 260.000000
160.000000 266.000000
170.000000 267.000000
180.000000 266.000000
187.000000 262.000000
194.000000 257.000000
