168.000000 0.000000
132.000000 0.000000
99.000000 11.000000
74.000000 35.000000
56.000000 69.000000
55.000000 106.000000
62.000000 143.000000
71.000000 181.000000
86.000000 217.000000
108.000000 247.000000
134.000000 275.000000
175.000000 291.000000
216.000000 275.000000
244.000000 246.000000
269.000000 212.000000
287.000000 171.000000
291.000000 135.000000
293.000000 95.000000
290.000000 59.000000
272.000000 25.000000
239.000000 1.000000
205.000000 0.000000
138.000000 75.000000
121.000000 70.000000
105.000000 67.000000
89.000000 65.000000
75.000000 71.000000
78.000000 81.000000
92.000000 79.000000
106.000000 81.000000
121.000000 83.000000
135.000000 86.000000
260.000000 58.000000
245.000000 54.000000
229.000000 58.000000
213.000000 63.000000
196.000000 70.000000
197.000000 79.000000
215.000000 74.000000
232.000000 69.000000
247.000000 66.000000
259.000000 66.000000
139.000000 104.000000
129.000000 95.000000
117.000000 91.000000
104.000000 94.000000
92.000000 100.000000
104.000000 107.000000
115.000000 108.000000
127.000000 107.000000
245.000000 93.000000
234.000000 85.000000
221.000000 84.000000
208.000000 89.000000
199.000000 100.000000
211.000000 102.000000
224.000000 101.000000
236.000000 99.000000
115.000000 99.000000
222.000000 93.000000
152.000000 101.000000
148.000000 119.000000
144.000000 138.000000
138.000000 155.000000
135.000000 172.000000
149.000000 181.000000
169.000000 186.000000
190.000000 179.000000
205.000000 167.000000
201.000000 152.000000
191.000000 138.000000
187.000000 122.000000
183.000000 99.000000
220.000000 202.000000
203.000000 201.000000
186.000000 200.000000
171.000000 204.000000
159.000000 200.000000
143.000000 204.000000
127.000000 206.000000
136.000000 220.000000
148.000000 231.000000
166.000000 238.000000
182.000000 237.000000
197.000000 230.000000
210.000000 219.000000
