165.000000 69.000000
132.000000 76.000000
99.000000 88.000000
78.000000 114.000000
66.000000 148.000000
63.000000 180.000000
67.000000 215.000000
76.000000 247.000000
91.000000 274.000000
110.000000 301.000000
126.000000 329.000000
160.000000 342.000000
197.000000 330.000000
220.000000 307.000000
244.000000 280.000000
259.000000 253.000000
268.000000 219.000000
272.000000 183.000000
271.000000 149.000000
260.000000 116.000000
237.000000 92.000000
206.000000 75.000000
133.000000 155.000000
119.000000 149.000000
105.000000 145.000000
91.000000 143.000000
79.000000 147.000000
81.000000 154.000000
92.000000 153.000000
105.000000 156.000000
118.000000 159.000000
130.000000 164.000000
244.000000 152.000000
230.000000 146.000000
216.000000 146.000000
201.000000 150.000000
186.000000 154.000000
189.000000 163.000000
203.000000 160.000000
218.000000 157.000000
231.000000 157.000000
243.000000 158.000000
131.000000 188.000000
125.000000 177.000000
113.000000 171.000000
101.000000 172.000000
92.000000 178.000000
100.000000 185.000000
110.000000 189.000000
119.000000 189.000000
230.000000 182.000000
221.000000 174.000000
208.000000 173.000000
197.000000 178.000000
189.000000 187.000000
200.000000 190.000000
212.000000 191.000000
223.000000 188.000000
113.000000 179.000000
209.000000 182.000000
143.000000 184.000000
140.000000 202.000000
136.000000 219.000000
130.000000 234.000000
124.000000 248.000000
139.000000 257.000000
156.000000 263.000000
174.000000 256.000000
189.000000 247.000000
181.000000 228.000000
175.000000 216.000000
173.000000 201.000000
172.000000 184.000000
201.000000 278.000000
187.000000 277.000000
169.000000 275.000000
158.000000 278.000000
148.000000 276.000000
133.000000 279.000000
117.000000 277.000000
132.000000 290.000000
141.000000 297.000000
154.000000 301.000000
166.000000 301.000000
179.000000 296.000000
189.000000 289.000000
