173.000000 42.000000
140.000000 48.000000
114.000000 64.000000
93.000000 86.000000
79.000000 118.000000
76.000000 148.000000
75.000000 183.000000
81.000000 216.000000
92.000000 244.000000
110.000000 272.000000
135.000000 293.000000
177.000000 300.000000
214.000000 290.000000
247.000000 270.000000
263.000000 241.000000
273.000000 209.000000
277.000000 177.000000
274.000000 143.000000
271.000000 114.000000
256.000000 82.000000
236.000000 61.000000
211.000000 47.000000
151.000000 118.000000
137.000000 114.000000
123.000000 113.000000
109.000000 112.000000
97.000000 118.000000
98.000000 126.000000
110.000000 123.000000
124.000000 124.000000
137.000000 125.000000
150.000000 128.000000
246.000000 116.000000
235.000000 111.000000
221.000000 110.000000
207.000000 112.000000
194.000000 117.000000
196.000000 127.000000
210.000000 123.000000
223.000000 121.000000
234.000000 121.000000
245.000000 123.000000
147.000000 149.000000
139.000000 141.000000
128.000000 138.000000
118.000000 141.000000
108.000000 148.000000
119.000000 152.000000
129.000000 154.000000
138.000000 153.000000
237.000000 146.000000
226.000000 139.000000
216.000000 137.000000
206.000000 141.000000
199.000000 148.000000
208.000000 151.000000
218.000000 152.000000
229.000000 150.000000
129.000000 146.000000
216.000000 144.000000
159.000000 145.000000
158.000000 162.000000
154.000000 175.000000
147.000000 187.000000
145.000000 199.000000
161.000000 205.000000
175.000000 206.000000
187.000000 205.000000
205.000000 196.000000
205.000000 185.000000
194.000000 172.000000
190.000000 161.000000
187.000000 145.000000
212.000000 232.000000
198.000000 227.000000
185.000000 223.000000
175.000000 226.000000
164.000000 223.000000
151.000000 228.000000
138.000000 234.000000
148.000000 245.000000
158.000000 252.000000
170.000000 256.000000
182.000000 256.000000
194.000000 251.000000
204.000000 243.000000
