177.000000 2.000000
98.000000 9.000000
44.000000 32.000000
28.000000 75.000000
37.000000 120.000000
42.000000 160.000000
51.000000 193.000000
64.000000 220.000000
82.000000 250.000000
104.000000 276.000000
130.000000 297.000000
167.000000 310.000000
214.000000 300.000000
237.000000 287.000000
258.000000 267.000000
280.000000 240.000000
296.000000 211.000000
309.000000 175.000000
314.000000 141.000000
318.000000 105.000000
312.000000 52.000000
258.000000 9.000000
136.000000 42.000000
114.000000 36.000000
98.000000 32.000000
75.000000 28.000000
60.000000 31.000000
60.000000 49.000000
79.000000 51.000000
98.000000 51.000000
113.000000 54.000000
136.000000 57.000000
287.000000 36.000000
261.000000 35.000000
241.000000 41.000000
223.000000 47.000000
206.000000 51.000000
207.000000 66.000000
225.000000 61.000000
243.000000 60.000000
264.000000 56.000000
287.000000 55.000000
138.000000 85.000000
122.000000 69.000000
105.000000 67.000000
89.000000 68.000000
72.000000 74.000000
84.000000 84.000000
97.000000 90.000000
116.000000 90.000000
271.000000 84.000000
250.000000 74.000000
232.000000 73.000000
218.000000 76.000000
209.000000 90.000000
224.000000 93.000000
243.000000 95.000000
258.000000 91.000000
102.000000 76.000000
234.000000 81.000000
155.000000 87.000000
149.000000 110.000000
145.000000 126.000000
139.000000 142.000000
128.000000 167.000000
144.000000 180.000000
167.000000 183.000000
193.000000 182.000000
212.000000 164.000000
199.000000 140.000000
194.000000 125.000000
192.000000 108.000000
190.000000 88.000000
218.000000 227.000000
196.000000 216.000000
184.000000 210.000000
170.000000 214.000000
157.000000 210.000000
142.000000 214.000000
126.000000 225.000000
137.000000 240.000000
153.000000 252.000000
167.000000 257.000000
184.000000 256.000000
195.000000 250.000000
207.000000 241.000000
