170.000000 46.000000
134.000000 54.000000
106.000000 70.000000
86.000000 91.000000
77.000000 119.000000
75.000000 148.000000
80.000000 181.000000
85.000000 213.000000
95.000000 243.000000
113.000000 269.000000
134.000000 291.000000
168.000000 303.000000
200.000000 295.000000
224.000000 273.000000
243.000000 246.000000
258.000000 219.000000
263.000000 188.000000
265.000000 150.000000
266.000000 123.000000
256.000000 91.000000
241.000000 68.000000
208.000000 52.000000
146.000000 126.000000
132.000000 121.000000
119.000000 117.000000
106.000000 114.000000
94.000000 117.000000
94.000000 126.000000
106.000000 125.000000
118.000000 128.000000
131.000000 131.000000
144.000000 135.000000
249.000000 124.000000
238.000000 119.000000
224.000000 118.000000
210.000000 121.000000
196.000000 126.000000
197.000000 135.000000
212.000000 132.000000
225.000000 129.000000
237.000000 128.000000
247.000000 131.000000
143.000000 152.000000
138.000000 143.000000
127.000000 139.000000
116.000000 139.000000
107.000000 145.000000
114.000000 151.000000
125.000000 154.000000
135.000000 153.000000
233.000000 148.000000
225.000000 143.000000
215.000000 141.000000
205.000000 144.000000
198.000000 152.000000
207.000000 155.000000
217.000000 155.000000
228.000000 154.000000
124.000000 145.000000
216.000000 148.000000
156.000000 148.000000
153.000000 163.000000
150.000000 178.000000
144.000000 193.000000
139.000000 206.000000
152.000000 215.000000
166.000000 217.000000
185.000000 216.000000
194.000000 206.000000
192.000000 192.000000
185.000000 175.000000
184.000000 161.000000
183.000000 148.000000
199.000000 245.000000
188.000000 239.000000
177.000000 235.000000
168.000000 237.000000
159.000000 235.000000
148.000000 238.000000
135.000000 243.000000
144.000000 250.000000
152.000000 255.000000
163.000000 259.000000
173.000000 259.000000
182.000000 256.000000
191.000000 252.000000
