169.000000 82.000000
135.000000 93.000000
106.000000 108.000000
91.000000 130.000000
86.000000 159.000000
85.000000 185.000000
88.000000 213.000000
95.000000 239.000000
104.000000 265.000000
120.000000 288.000000
138.000000 311.000000
169.000000 322.000000
205.000000 313.000000
229.000000 293.000000
247.000000 269.000000
257.000000 242.000000
265.000000 216.000000
266.000000 183.000000
263.000000 154.000000
252.000000 125.000000
233.000000 106.000000
204.000000 89.000000
143.000000 161.000000
132.000000 156.000000
119.000000 153.000000
108.000000 151.000000
97.000000 154.000000
99.000000 163.000000
109.000000 163.000000
120.000000 165.000000
131.000000 166.000000
141.000000 169.000000
237.000000 156.000000
225.000000 152.000000
213.000000 152.000000
200.000000 155.000000
187.000000 160.000000
189.000000 168.000000
202.000000 165.000000
214.000000 164.000000
226.000000 163.000000
236.000000 164.000000
143.000000 184.000000
137.000000 177.000000
128.000000 173.000000
119.000000 175.000000
107.000000 179.000000
115.000000 182.000000
127.000000 187.000000
135.000000 186.000000
227.000000 181.000000
215.000000 174.000000
206.000000 173.000000
197.000000 176.000000
190.000000 183.000000
199.000000 185.000000
209.000000 186.000000
217.000000 185.000000
127.000000 179.000000
207.000000 179.000000
153.000000 181.000000
151.000000 197.000000
147.000000 211.000000
143.000000 225.000000
139.000000 239.000000
151.000000 245.000000
166.000000 249.000000
180.000000 245.000000
194.000000 236.000000
190.000000 223.000000
184.000000 209.000000
180.000000 197.000000
177.000000 181.000000
203.000000 265.000000
189.000000 262.000000
176.000000 261.000000
167.000000 264.000000
158.000000 262.000000
148.000000 265.000000
138.000000 270.000000
145.000000 276.000000
153.000000 282.000000
163.000000 285.000000
174.000000 285.000000
186.000000 279.000000
194.000000 274.000000
