168.000000 73.000000
135.000000 81.000000
113.000000 96.000000
97.000000 116.000000
89.000000 143.000000
89.000000 167.000000
92.000000 193.000000
99.000000 218.000000
109.000000 241.000000
123.000000 259.000000
142.000000 275.000000
168.000000 284.000000
195.000000 276.000000
215.000000 261.000000
231.000000 243.000000
240.000000 221.000000
246.000000 195.000000
249.000000 169.000000
247.000000 147.000000
238.000000 119.000000
225.000000 96.000000
203.000000 80.000000
146.000000 139.000000
135.000000 136.000000
124.000000 133.000000
113.000000 132.000000
104.000000 137.000000
105.000000 143.000000
114.000000 142.000000
124.000000 142.000000
135.000000 144.000000
145.000000 147.000000
230.000000 136.000000
219.000000 133.000000
208.000000 133.000000
198.000000 136.000000
187.000000 140.000000
189.000000 148.000000
200.000000 145.000000
210.000000 142.000000
219.000000 141.000000
228.000000 142.000000
146.000000 165.000000
139.000000 157.000000
131.000000 153.000000
122.000000 155.000000
115.000000 160.000000
120.000000 165.000000
129.000000 167.000000
138.000000 167.000000
220.000000 158.000000
213.000000 153.000000
204.000000 152.000000
196.000000 156.000000
190.000000 163.000000
198.000000 165.000000
207.000000 166.000000
216.000000 164.000000
130.000000 159.000000
205.000000 158.000000
156.000000 162.000000
155.000000 174.000000
152.000000 185.000000
149.000000 196.000000
145.000000 208.000000
154.000000 216.000000
169.000000 220.000000
180.000000 216.000000
190.000000 207.000000
187.000000 197.000000
183.000000 185.000000
180.000000 175.000000
179.000000 162.000000
197.000000 238.000000
185.000000 237.000000
175.000000 234.000000
168.000000 237.000000
160.000000 234.000000
151.000000 238.000000
140.000000 241.000000
147.000000 250.000000
154.000000 255.000000
164.000000 258.000000
173.000000 258.000000
183.000000 254.000000
190.000000 248.000000
