174.000000 57.000000
139.000000 59.000000
111.000000 82.000000
87.000000 102.000000
83.000000 138.000000
79.000000 168.000000
81.000000 201.000000
88.000000 233.000000
99.000000 264.000000
119.000000 290.000000
144.000000 311.000000
181.000000 322.000000
216.000000 311.000000
240.000000 288.000000
259.000000 261.000000
269.000000 229.000000
275.000000 196.000000
275.000000 164.000000
270.000000 133.000000
262.000000 99.000000
237.000000 80.000000
215.000000 60.000000
156.000000 143.000000
142.000000 139.000000
128.000000 137.000000
114.000000 137.000000
102.000000 143.000000
105.000000 151.000000
116.000000 149.000000
128.000000 149.000000
141.000000 150.000000
153.000000 153.000000
253.000000 143.000000
241.000000 138.000000
228.000000 137.000000
216.000000 139.000000
203.000000 144.000000
205.000000 153.000000
218.000000 151.000000
229.000000 149.000000
241.000000 149.000000
251.000000 150.000000
153.000000 175.000000
146.000000 166.000000
135.000000 162.000000
124.000000 164.000000
117.000000 170.000000
123.000000 176.000000
134.000000 178.000000
145.000000 177.000000
240.000000 171.000000
231.000000 165.000000
221.000000 164.000000
211.000000 167.000000
205.000000 175.000000
214.000000 178.000000
224.000000 179.000000
234.000000 176.000000
134.000000 169.000000
221.000000 171.000000
165.000000 173.000000
163.000000 189.000000
160.000000 203.000000
155.000000 216.000000
152.000000 231.000000
164.000000 239.000000
180.000000 244.000000
195.000000 239.000000
208.000000 230.000000
204.000000 217.000000
199.000000 204.000000
194.000000 188.000000
193.000000 172.000000
211.000000 269.000000
199.000000 263.000000
189.000000 259.000000
180.000000 263.000000
171.000000 259.000000
160.000000 264.000000
147.000000 269.000000
155.000000 278.000000
164.000000 284.000000
175.000000 287.000000
187.000000 287.000000
197.000000 282.000000
205.000000 276.000000
