171.000000 53.000000
133.000000 59.000000
110.000000 73.000000
88.000000 97.000000
81.000000 130.000000
82.000000 164.000000
82.000000 196.000000
88.000000 222.000000
95.000000 256.000000
115.000000 281.000000
141.000000 303.000000
181.000000 315.000000
217.000000 301.000000
239.000000 279.000000
260.000000 253.000000
268.000000 222.000000
272.000000 191.000000
272.000000 162.000000
267.000000 133.000000
258.000000 105.000000
242.000000 75.000000
211.000000 57.000000
151.000000 136.000000
138.000000 133.000000
126.000000 131.000000
113.000000 130.000000
102.000000 134.000000
103.000000 143.000000
114.000000 142.000000
126.000000 143.000000
138.000000 144.000000
150.000000 147.000000
250.000000 134.000000
238.000000 129.000000
226.000000 129.000000
212.000000 131.000000
199.000000 135.000000
200.000000 145.000000
214.000000 142.000000
227.000000 140.000000
238.000000 140.000000
249.000000 142.000000
149.000000 165.000000
142.000000 158.000000
132.000000 154.000000
122.000000 155.000000
114.000000 160.000000
120.000000 165.000000
131.000000 168.000000
141.000000 167.000000
244.000000 161.000000
233.000000 156.000000
223.000000 151.000000
210.000000 155.000000
202.000000 162.000000
211.000000 165.000000
221.000000 166.000000
231.000000 164.000000
131.000000 160.000000
220.000000 159.000000
162.000000 159.000000
158.000000 175.000000
155.000000 190.000000
150.000000 203.000000
146.000000 218.000000
160.000000 225.000000
177.000000 228.000000
192.000000 225.000000
207.000000 217.000000
203.000000 203.000000
197.000000 190.000000
192.000000 175.000000
189.000000 159.000000
211.000000 253.000000
199.000000 250.000000
188.000000 247.000000
178.000000 251.000000
168.000000 248.000000
157.000000 251.000000
143.000000 254.000000
151.000000 262.000000
161.000000 268.000000
173.000000 271.000000
184.000000 271.000000
195.000000 267.000000
203.000000 261.000000
