176.000000 24.000000
132.000000 33.000000
99.000000 45.000000
75.000000 76.000000
67.000000 111.000000
65.000000 151.000000
72.000000 189.000000
90.000000 222.000000
105.000000 258.000000
125.000000 288.000000
148.000000 307.000000
174.000000 320.000000
211.000000 305.000000
238.000000 274.000000
262.000000 259.000000
270.000000 220.000000
282.000000 188.000000
285.000000 152.000000
280.000000 118.000000
271.000000 81.000000
246.000000 54.000000
214.000000 30.000000
149.000000 113.000000
133.000000 108.000000
116.000000 104.000000
99.000000 103.000000
83.000000 109.000000
86.000000 123.000000
102.000000 121.000000
118.000000 122.000000
133.000000 123.000000
147.000000 126.000000
270.000000 110.000000
257.000000 105.000000
242.000000 106.000000
226.000000 108.000000
209.000000 112.000000
211.000000 125.000000
228.000000 122.000000
244.000000 121.000000
257.000000 121.000000
269.000000 121.000000
148.000000 147.000000
140.000000 138.000000
127.000000 133.000000
114.000000 135.000000
103.000000 142.000000
113.000000 150.000000
124.000000 152.000000
135.000000 151.000000
253.000000 142.000000
243.000000 135.000000
230.000000 133.000000
218.000000 137.000000
210.000000 147.000000
221.000000 151.000000
234.000000 153.000000
246.000000 150.000000
125.000000 142.000000
229.000000 142.000000
164.000000 143.000000
160.000000 165.000000
156.000000 183.000000
152.000000 200.000000
147.000000 217.000000
163.000000 228.000000
180.000000 234.000000
198.000000 229.000000
213.000000 217.000000
208.000000 200.000000
203.000000 184.000000
197.000000 165.000000
195.000000 144.000000
220.000000 257.000000
207.000000 252.000000
194.000000 249.000000
180.000000 253.000000
168.000000 249.000000
154.000000 253.000000
136.000000 256.000000
148.000000 267.000000
159.000000 274.000000
173.000000 279.000000
188.000000 279.000000
200.000000 274.000000
211.000000 267.000000
