180.000000 44.000000
142.000000 48.000000
102.000000 62.000000
84.000000 90.000000
75.000000 125.000000
69.000000 159.000000
73.000000 197.000000
79.000000 232.000000
92.000000 265.000000
116.000000 290.000000
145.000000 310.000000
180.000000 320.000000
215.000000 307.000000
240.000000 286.000000
264.000000 260.000000
276.000000 228.000000
284.000000 193.000000
289.000000 159.000000
284.000000 125.000000
278.000000 92.000000
262.000000 62.000000
221.000000 47.000000
155.000000 128.000000
140.000000 123.000000
125.000000 119.000000
110.000000 119.000000
97.000000 125.000000
99.000000 133.000000
111.000000 130.000000
125.000000 131.000000
139.000000 134.000000
152.000000 138.000000
262.000000 127.000000
248.000000 121.000000
234.000000 122.000000
221.000000 125.000000
208.000000 130.000000
211.000000 139.000000
224.000000 135.000000
236.000000 131.000000
248.000000 131.000000
259.000000 134.000000
154.000000 162.000000
145.000000 153.000000
133.000000 148.000000
120.000000 149.000000
112.000000 155.000000
118.000000 161.000000
131.000000 163.000000
144.000000 163.000000
248.000000 156.000000
239.000000 150.000000
228.000000 150.000000
218.000000 154.000000
211.000000 162.000000
221.000000 165.000000
231.000000 165.000000
242.000000 162.000000
131.000000 155.000000
229.000000 157.000000
169.000000 159.000000
166.000000 175.000000
162.000000 190.000000
155.000000 203.000000
151.000000 218.000000
164.000000 227.000000
181.000000 232.000000
197.000000 227.000000
210.000000 218.000000
207.000000 205.000000
201.000000 192.000000
197.000000 175.000000
195.000000 160.000000
211.000000 261.000000
200.000000 255.000000
190.000000 251.000000
181.000000 255.000000
172.000000 251.000000
160.000000 255.000000
146.000000 260.000000
154.000000 269.000000
164.000000 276.000000
175.000000 280.000000
187.000000 281.000000
197.000000 276.000000
205.000000 269.000000
