178.000000 69.000000
144.000000 66.000000
117.000000 71.000000
97.000000 92.000000
93.000000 126.000000
92.000000 162.000000
94.000000 190.000000
100.000000 218.000000
111.000000 244.000000
130.000000 265.000000
153.000000 280.000000
182.000000 285.000000
212.000000 277.000000
235.000000 259.000000
254.000000 238.000000
257.000000 208.000000
261.000000 177.000000
265.000000 152.000000
261.000000 125.000000
252.000000 102.000000
236.000000 74.000000
210.000000 59.000000
155.000000 127.000000
143.000000 123.000000
131.000000 121.000000
119.000000 122.000000
109.000000 128.000000
111.000000 134.000000
121.000000 130.000000
132.000000 131.000000
143.000000 133.000000
153.000000 134.000000
243.000000 124.000000
232.000000 120.000000
220.000000 118.000000
209.000000 121.000000
197.000000 125.000000
200.000000 132.000000
212.000000 130.000000
222.000000 127.000000
232.000000 127.000000
241.000000 130.000000
153.000000 159.000000
146.000000 152.000000
137.000000 148.000000
128.000000 149.000000
122.000000 154.000000
128.000000 159.000000
137.000000 161.000000
146.000000 160.000000
231.000000 151.000000
223.000000 146.000000
215.000000 145.000000
207.000000 149.000000
202.000000 155.000000
210.000000 158.000000
218.000000 158.000000
227.000000 156.000000
137.000000 154.000000
215.000000 152.000000
165.000000 153.000000
164.000000 168.000000
161.000000 180.000000
157.000000 193.000000
152.000000 206.000000
164.000000 211.000000
179.000000 214.000000
192.000000 210.000000
203.000000 203.000000
198.000000 191.000000
193.000000 179.000000
190.000000 167.000000
188.000000 152.000000
207.000000 237.000000
196.000000 233.000000
188.000000 229.000000
180.000000 232.000000
170.000000 230.000000
162.000000 234.000000
153.000000 240.000000
160.000000 246.000000
167.000000 250.000000
176.000000 252.000000
186.000000 252.000000
195.000000 248.000000
202.000000 242.000000
