173.000000 88.000000
150.000000 89.000000
123.000000 97.000000
115.000000 129.000000
104.000000 150.000000
101.000000 173.000000
101.000000 199.000000
105.000000 223.000000
112.000000 247.000000
128.000000 266.000000
148.000000 281.000000
178.000000 291.000000
206.000000 280.000000
227.000000 264.000000
243.000000 245.000000
248.000000 221.000000
251.000000 196.000000
252.000000 173.000000
248.000000 149.000000
241.000000 125.000000
230.000000 102.000000
205.000000 91.000000
159.000000 147.000000
148.000000 144.000000
137.000000 143.000000
127.000000 143.000000
117.000000 149.000000
118.000000 155.000000
128.000000 153.000000
138.000000 152.000000
148.000000 153.000000
158.000000 155.000000
236.000000 147.000000
226.000000 143.000000
214.000000 142.000000
204.000000 144.000000
194.000000 148.000000
196.000000 155.000000
206.000000 152.000000
216.000000 151.000000
225.000000 151.000000
234.000000 153.000000
157.000000 171.000000
150.000000 165.000000
142.000000 162.000000
134.000000 164.000000
128.000000 168.000000
133.000000 173.000000
141.000000 175.000000
149.000000 174.000000
227.000000 167.000000
220.000000 162.000000
213.000000 161.000000
205.000000 164.000000
200.000000 170.000000
207.000000 173.000000
214.000000 173.000000
222.000000 172.000000
141.000000 168.000000
213.000000 167.000000
167.000000 167.000000
165.000000 179.000000
163.000000 190.000000
160.000000 201.000000
156.000000 213.000000
166.000000 220.000000
179.000000 223.000000
191.000000 220.000000
202.000000 212.000000
199.000000 201.000000
195.000000 190.000000
191.000000 179.000000
189.000000 167.000000
205.000000 242.000000
195.000000 241.000000
186.000000 238.000000
179.000000 241.000000
171.000000 239.000000
163.000000 242.000000
151.000000 245.000000
159.000000 252.000000
167.000000 257.000000
174.000000 259.000000
184.000000 259.000000
192.000000 255.000000
198.000000 250.000000
