174.000000 53.000000
132.000000 56.000000
106.000000 65.000000
92.000000 97.000000
91.000000 133.000000
87.000000 159.000000
91.000000 188.000000
97.000000 215.000000
106.000000 243.000000
120.000000 266.000000
140.000000 284.000000
172.000000 293.000000
203.000000 283.000000
227.000000 263.000000
242.000000 238.000000
248.000000 210.000000
253.000000 184.000000
256.000000 155.000000
251.000000 129.000000
248.000000 104.000000
240.000000 79.000000
216.000000 62.000000
148.000000 128.000000
136.000000 124.000000
123.000000 121.000000
112.000000 122.000000
102.000000 128.000000
104.000000 135.000000
114.000000 133.000000
124.000000 133.000000
135.000000 135.000000
146.000000 137.000000
236.000000 125.000000
226.000000 120.000000
215.000000 120.000000
204.000000 122.000000
192.000000 127.000000
193.000000 135.000000
205.000000 132.000000
216.000000 130.000000
226.000000 129.000000
235.000000 131.000000
149.000000 159.000000
142.000000 152.000000
133.000000 148.000000
124.000000 149.000000
117.000000 155.000000
124.000000 160.000000
132.000000 162.000000
140.000000 161.000000
225.000000 153.000000
217.000000 148.000000
208.000000 148.000000
200.000000 151.000000
195.000000 157.000000
203.000000 160.000000
211.000000 160.000000
220.000000 158.000000
131.000000 154.000000
210.000000 154.000000
160.000000 156.000000
158.000000 171.000000
155.000000 184.000000
151.000000 197.000000
147.000000 209.000000
157.000000 217.000000
171.000000 221.000000
184.000000 217.000000
194.000000 209.000000
190.000000 197.000000
186.000000 185.000000
183.000000 171.000000
182.000000 155.000000
200.000000 240.000000
189.000000 236.000000
180.000000 233.000000
172.000000 236.000000
163.000000 234.000000
154.000000 237.000000
143.000000 241.000000
150.000000 248.000000
158.000000 253.000000
167.000000 257.000000
178.000000 257.000000
186.000000 253.000000
193.000000 247.000000
