179.000000 63.000000
143.000000 67.000000
121.000000 79.000000
102.000000 101.000000
94.000000 138.000000
90.000000 165.000000
92.000000 193.000000
96.000000 222.000000
105.000000 251.000000
123.000000 276.000000
150.000000 293.000000
183.000000 301.000000
217.000000 290.000000
238.000000 272.000000
253.000000 248.000000
260.000000 220.000000
265.000000 193.000000
268.000000 166.000000
264.000000 138.000000
257.000000 105.000000
240.000000 85.000000
213.000000 68.000000
162.000000 137.000000
149.000000 133.000000
136.000000 130.000000
124.000000 130.000000
113.000000 136.000000
115.000000 143.000000
125.000000 140.000000
137.000000 140.000000
149.000000 142.000000
160.000000 146.000000
249.000000 137.000000
238.000000 132.000000
226.000000 132.000000
215.000000 134.000000
205.000000 139.000000
207.000000 147.000000
217.000000 144.000000
227.000000 142.000000
237.000000 142.000000
247.000000 144.000000
161.000000 164.000000
153.000000 157.000000
144.000000 153.000000
133.000000 155.000000
126.000000 160.000000
133.000000 165.000000
142.000000 167.000000
151.000000 166.000000
238.000000 160.000000
230.000000 155.000000
221.000000 154.000000
212.000000 158.000000
207.000000 165.000000
215.000000 167.000000
224.000000 168.000000
234.000000 166.000000
143.000000 159.000000
223.000000 160.000000
173.000000 162.000000
171.000000 175.000000
168.000000 187.000000
164.000000 199.000000
158.000000 210.000000
169.000000 219.000000
185.000000 224.000000
201.000000 220.000000
211.000000 211.000000
206.000000 199.000000
201.000000 186.000000
199.000000 175.000000
197.000000 162.000000
214.000000 246.000000
203.000000 241.000000
193.000000 238.000000
185.000000 240.000000
176.000000 237.000000
164.000000 241.000000
150.000000 245.000000
160.000000 253.000000
169.000000 257.000000
179.000000 261.000000
190.000000 261.000000
198.000000 258.000000
206.000000 253.000000
