167.000000 17.000000
121.000000 32.000000
95.000000 52.000000
75.000000 86.000000
71.000000 124.000000
66.000000 156.000000
69.000000 187.000000
75.000000 218.000000
86.000000 251.000000
103.000000 278.000000
127.000000 300.000000
164.000000 316.000000
207.000000 302.000000
238.000000 280.000000
257.000000 252.000000
265.000000 221.000000
271.000000 188.000000
273.000000 153.000000
275.000000 117.000000
265.000000 84.000000
244.000000 54.000000
217.000000 28.000000
141.000000 128.000000
127.000000 123.000000
112.000000 119.000000
98.000000 117.000000
85.000000 123.000000
87.000000 133.000000
100.000000 131.000000
113.000000 133.000000
126.000000 136.000000
138.000000 139.000000
249.000000 124.000000
238.000000 118.000000
223.000000 116.000000
208.000000 119.000000
192.000000 124.000000
193.000000 136.000000
211.000000 133.000000
225.000000 130.000000
237.000000 130.000000
248.000000 132.000000
137.000000 158.000000
131.000000 150.000000
121.000000 145.000000
110.000000 147.000000
101.000000 152.000000
109.000000 158.000000
118.000000 161.000000
127.000000 160.000000
233.000000 153.000000
225.000000 147.000000
213.000000 145.000000
203.000000 148.000000
195.000000 157.000000
205.000000 161.000000
217.000000 162.000000
227.000000 159.000000
119.000000 152.000000
213.000000 152.000000
150.000000 154.000000
148.000000 172.000000
147.000000 187.000000
143.000000 202.000000
138.000000 218.000000
147.000000 226.000000
164.000000 232.000000
181.000000 226.000000
195.000000 217.000000
190.000000 202.000000
185.000000 187.000000
181.000000 173.000000
179.000000 154.000000
205.000000 255.000000
190.000000 250.000000
177.000000 247.000000
165.000000 250.000000
156.000000 247.000000
143.000000 251.000000
129.000000 254.000000
138.000000 262.000000
148.000000 267.000000
160.000000 271.000000
172.000000 271.000000
184.000000 268.000000
194.000000 264.000000
