169.000000 14.000000
134.000000 20.000000
103.000000 37.000000
79.000000 62.000000
64.000000 93.000000
59.000000 128.000000
61.000000 166.000000
69.000000 202.000000
79.000000 237.000000
97.000000 267.000000
121.000000 296.000000
165.000000 316.000000
210.000000 298.000000
244.000000 270.000000
265.000000 237.000000
275.000000 199.000000
281.000000 162.000000
282.000000 124.000000
276.000000 89.000000
260.000000 58.000000
235.000000 34.000000
203.000000 19.000000
136.000000 88.000000
118.000000 83.000000
101.000000 81.000000
85.000000 83.000000
73.000000 91.000000
76.000000 102.000000
89.000000 98.000000
103.000000 97.000000
117.000000 98.000000
133.000000 101.000000
254.000000 94.000000
239.000000 85.000000
222.000000 83.000000
206.000000 83.000000
189.000000 87.000000
191.000000 100.000000
208.000000 97.000000
224.000000 96.000000
239.000000 99.000000
251.000000 103.000000
134.000000 127.000000
125.000000 117.000000
113.000000 112.000000
101.000000 114.000000
92.000000 121.000000
99.000000 129.000000
111.000000 130.000000
123.000000 130.000000
235.000000 124.000000
225.000000 116.000000
213.000000 114.000000
202.000000 117.000000
192.000000 125.000000
203.000000 129.000000
214.000000 130.000000
225.000000 129.000000
113.000000 121.000000
215.000000 122.000000
145.000000 123.000000
142.000000 142.000000
137.000000 160.000000
131.000000 177.000000
129.000000 195.000000
144.000000 204.000000
160.000000 207.000000
177.000000 203.000000
192.000000 194.000000
191.000000 177.000000
185.000000 160.000000
179.000000 141.000000
177.000000 123.000000
201.000000 237.000000
187.000000 231.000000
174.000000 226.000000
162.000000 230.000000
149.000000 227.000000
138.000000 233.000000
126.000000 240.000000
135.000000 250.000000
146.000000 255.000000
157.000000 258.000000
170.000000 258.000000
181.000000 252.000000
192.000000 246.000000
