170.000000 72.000000
134.000000 81.000000
114.000000 96.000000
96.000000 117.000000
89.000000 144.000000
86.000000 172.000000
91.000000 201.000000
98.000000 228.000000
108.000000 256.000000
126.000000 279.000000
151.000000 297.000000
185.000000 305.000000
216.000000 301.000000
238.000000 277.000000
254.000000 248.000000
262.000000 219.000000
265.000000 191.000000
268.000000 162.000000
264.000000 135.000000
250.000000 111.000000
223.000000 89.000000
200.000000 77.000000
150.000000 143.000000
138.000000 141.000000
128.000000 140.000000
116.000000 140.000000
105.000000 144.000000
107.000000 151.000000
118.000000 149.000000
127.000000 149.000000
138.000000 150.000000
149.000000 152.000000
243.000000 136.000000
233.000000 133.000000
223.000000 134.000000
212.000000 136.000000
201.000000 139.000000
202.000000 147.000000
214.000000 144.000000
224.000000 142.000000
233.000000 141.000000
242.000000 143.000000
151.000000 168.000000
145.000000 161.000000
136.000000 158.000000
126.000000 159.000000
118.000000 164.000000
124.000000 170.000000
134.000000 172.000000
144.000000 171.000000
231.000000 158.000000
223.000000 153.000000
213.000000 154.000000
205.000000 158.000000
198.000000 165.000000
207.000000 167.000000
217.000000 167.000000
226.000000 163.000000
134.000000 164.000000
215.000000 159.000000
163.000000 165.000000
161.000000 180.000000
159.000000 193.000000
155.000000 207.000000
152.000000 221.000000
164.000000 227.000000
180.000000 231.000000
195.000000 226.000000
206.000000 217.000000
201.000000 205.000000
196.000000 192.000000
191.000000 179.000000
188.000000 164.000000
209.000000 249.000000
198.000000 248.000000
188.000000 246.000000
180.000000 249.000000
173.000000 247.000000
161.000000 251.000000
148.000000 252.000000
156.000000 260.000000
165.000000 266.000000
176.000000 269.000000
187.000000 269.000000
196.000000 264.000000
203.000000 258.000000
