169.000000 67.000000
137.000000 77.000000
113.000000 94.000000
100.000000 119.000000
95.000000 146.000000
92.000000 172.000000
95.000000 201.000000
101.000000 230.000000
112.000000 257.000000
129.000000 278.000000
150.000000 299.000000
182.000000 311.000000
211.000000 299.000000
229.000000 276.000000
246.000000 251.000000
254.000000 226.000000
259.000000 196.000000
260.000000 167.000000
257.000000 140.000000
247.000000 116.000000
231.000000 92.000000
208.000000 73.000000
153.000000 145.000000
142.000000 141.000000
130.000000 139.000000
118.000000 139.000000
108.000000 144.000000
110.000000 149.000000
119.000000 147.000000
130.000000 148.000000
141.000000 150.000000
152.000000 153.000000
242.000000 141.000000
232.000000 137.000000
221.000000 138.000000
210.000000 140.000000
199.000000 145.000000
202.000000 152.000000
212.000000 148.000000
222.000000 145.000000
232.000000 144.000000
240.000000 147.000000
154.000000 173.000000
148.000000 165.000000
139.000000 161.000000
129.000000 162.000000
122.000000 168.000000
127.000000 173.000000
138.000000 175.000000
147.000000 174.000000
231.000000 165.000000
224.000000 160.000000
215.000000 159.000000
206.000000 163.000000
199.000000 170.000000
207.000000 172.000000
217.000000 172.000000
226.000000 170.000000
137.000000 167.000000
215.000000 165.000000
165.000000 170.000000
163.000000 183.000000
162.000000 194.000000
158.000000 210.000000
155.000000 223.000000
165.000000 230.000000
179.000000 233.000000
191.000000 229.000000
201.000000 222.000000
198.000000 210.000000
193.000000 198.000000
190.000000 184.000000
188.000000 169.000000
206.000000 255.000000
196.000000 251.000000
187.000000 248.000000
179.000000 252.000000
170.000000 249.000000
161.000000 252.000000
150.000000 256.000000
156.000000 267.000000
164.000000 274.000000
175.000000 277.000000
185.000000 277.000000
195.000000 272.000000
202.000000 264.000000
