161.000000 5.000000
120.000000 9.000000
82.000000 27.000000
56.000000 53.000000
42.000000 89.000000
44.000000 142.000000
51.000000 176.000000
65.000000 213.000000
80.000000 245.000000
98.000000 282.000000
125.000000 313.000000
168.000000 328.000000
205.000000 314.000000
234.000000 281.000000
258.000000 248.000000
273.000000 215.000000
290.000000 176.000000
302.000000 129.000000
295.000000 86.000000
275.000000 48.000000
244.000000 18.000000
201.000000 5.000000
129.000000 85.000000
112.000000 78.000000
93.000000 74.000000
74.000000 74.000000
57.000000 79.000000
60.000000 90.000000
76.000000 87.000000
93.000000 87.000000
110.000000 91.000000
124.000000 95.000000
271.000000 82.000000
256.000000 78.000000
241.000000 79.000000
226.000000 82.000000
212.000000 87.000000
215.000000 96.000000
229.000000 94.000000
242.000000 91.000000
256.000000 90.000000
269.000000 91.000000
129.000000 130.000000
120.000000 115.000000
105.000000 110.000000
89.000000 112.000000
78.000000 119.000000
88.000000 128.000000
102.000000 131.000000
116.000000 131.000000
256.000000 121.000000
244.000000 112.000000
230.000000 111.000000
216.000000 116.000000
206.000000 128.000000
220.000000 131.000000
232.000000 132.000000
245.000000 128.000000
104.000000 120.000000
229.000000 121.000000
147.000000 128.000000
144.000000 151.000000
139.000000 171.000000
131.000000 191.000000
127.000000 212.000000
144.000000 223.000000
166.000000 229.000000
188.000000 223.000000
205.000000 209.000000
200.000000 189.000000
193.000000 171.000000
188.000000 150.000000
185.000000 128.000000
213.000000 254.000000
192.000000 252.000000
176.000000 250.000000
165.000000 253.000000
156.000000 251.000000
139.000000 254.000000
119.000000 255.000000
131.000000 270.000000
144.000000 278.000000
159.000000 283.000000
174.000000 283.000000
188.000000 276.000000
200.000000 267.000000
