171.000000 30.000000
123.000000 37.000000
94.000000 64.000000
82.000000 95.000000
88.000000 116.000000
84.000000 144.000000
84.000000 173.000000
89.000000 202.000000
100.000000 229.000000
121.000000 252.000000
140.000000 276.000000
172.000000 288.000000
205.000000 276.000000
224.000000 253.000000
248.000000 231.000000
255.000000 202.000000
260.000000 173.000000
265.000000 144.000000
264.000000 115.000000
267.000000 93.000000
255.000000 62.000000
229.000000 35.000000
150.000000 121.000000
138.000000 119.000000
127.000000 118.000000
116.000000 116.000000
106.000000 119.000000
107.000000 127.000000
117.000000 127.000000
127.000000 128.000000
138.000000 128.000000
148.000000 129.000000
243.000000 119.000000
233.000000 116.000000
222.000000 117.000000
211.000000 118.000000
200.000000 121.000000
200.000000 129.000000
212.000000 128.000000
223.000000 127.000000
233.000000 126.000000
242.000000 127.000000
152.000000 149.000000
146.000000 141.000000
136.000000 138.000000
125.000000 139.000000
112.000000 144.000000
126.000000 149.000000
134.000000 151.000000
141.000000 151.000000
235.000000 144.000000
222.000000 138.000000
213.000000 137.000000
204.000000 140.000000
198.000000 149.000000
206.000000 151.000000
216.000000 151.000000
225.000000 149.000000
134.000000 143.000000
213.000000 143.000000
165.000000 146.000000
161.000000 162.000000
156.000000 176.000000
150.000000 189.000000
147.000000 203.000000
160.000000 209.000000
174.000000 213.000000
188.000000 210.000000
202.000000 203.000000
200.000000 191.000000
195.000000 178.000000
191.000000 163.000000
188.000000 147.000000
204.000000 237.000000
193.000000 232.000000
183.000000 229.000000
173.000000 231.000000
165.000000 228.000000
156.000000 232.000000
144.000000 235.000000
152.000000 243.000000
160.000000 248.000000
169.000000 251.000000
179.000000 251.000000
188.000000 249.000000
197.000000 244.000000
