177.000000 100.000000
152.000000 104.000000
130.000000 115.000000
112.000000 133.000000
101.000000 155.000000
97.000000 180.000000
97.000000 206.000000
104.000000 231.000000
113.000000 254.000000
129.000000 275.000000
151.000000 289.000000
181.000000 297.000000
208.000000 288.000000
228.000000 272.000000
242.000000 254.000000
249.000000 231.000000
254.000000 206.000000
257.000000 180.000000
253.000000 155.000000
242.000000 133.000000
224.000000 115.000000
202.000000 104.000000
160.000000 152.000000
148.000000 148.000000
135.000000 147.000000
122.000000 148.000000
112.000000 155.000000
115.000000 160.000000
124.000000 157.000000
136.000000 156.000000
147.000000 158.000000
158.000000 161.000000
242.000000 151.000000
231.000000 146.000000
219.000000 145.000000
207.000000 147.000000
196.000000 152.000000
199.000000 160.000000
210.000000 156.000000
221.000000 155.000000
231.000000 155.000000
240.000000 157.000000
157.000000 180.000000
150.000000 173.000000
141.000000 170.000000
133.000000 172.000000
125.000000 177.000000
132.000000 182.000000
140.000000 183.000000
149.000000 182.000000
229.000000 174.000000
223.000000 169.000000
214.000000 168.000000
206.000000 172.000000
200.000000 178.000000
208.000000 180.000000
216.000000 181.000000
224.000000 178.000000
140.000000 176.000000
215.000000 175.000000
166.000000 177.000000
165.000000 189.000000
163.000000 200.000000
160.000000 210.000000
157.000000 221.000000
168.000000 227.000000
181.000000 231.000000
193.000000 227.000000
203.000000 219.000000
199.000000 209.000000
195.000000 200.000000
192.000000 188.000000
190.000000 176.000000
207.000000 251.000000
197.000000 246.000000
188.000000 243.000000
181.000000 247.000000
172.000000 244.000000
163.000000 248.000000
152.000000 253.000000
159.000000 260.000000
166.000000 265.000000
176.000000 268.000000
186.000000 268.000000
194.000000 264.000000
201.000000 258.000000
