172.000000 46.000000
142.000000 51.000000
114.000000 65.000000
93.000000 87.000000
79.000000 114.000000
75.000000 144.000000
76.000000 179.000000
82.000000 212.000000
94.000000 245.000000
112.000000 275.000000
136.000000 298.000000
172.000000 308.000000
207.000000 296.000000
233.000000 270.000000
253.000000 241.000000
264.000000 209.000000
270.000000 175.000000
270.000000 142.000000
265.000000 112.000000
251.000000 85.000000
229.000000 64.000000
202.000000 50.000000
145.000000 115.000000
134.000000 110.000000
121.000000 108.000000
108.000000 108.000000
95.000000 113.000000
97.000000 120.000000
110.000000 118.000000
121.000000 119.000000
133.000000 121.000000
142.000000 124.000000
245.000000 112.000000
234.000000 108.000000
221.000000 108.000000
208.000000 110.000000
196.000000 113.000000
199.000000 122.000000
210.000000 119.000000
222.000000 117.000000
234.000000 117.000000
243.000000 118.000000
144.000000 148.000000
136.000000 140.000000
125.000000 137.000000
115.000000 139.000000
107.000000 145.000000
115.000000 150.000000
126.000000 152.000000
136.000000 150.000000
233.000000 142.000000
225.000000 137.000000
215.000000 136.000000
205.000000 139.000000
198.000000 146.000000
207.000000 149.000000
217.000000 151.000000
228.000000 148.000000
125.000000 144.000000
214.000000 143.000000
157.000000 144.000000
154.000000 161.000000
151.000000 177.000000
147.000000 191.000000
140.000000 207.000000
152.000000 215.000000
171.000000 221.000000
189.000000 215.000000
201.000000 205.000000
195.000000 191.000000
190.000000 178.000000
186.000000 160.000000
184.000000 143.000000
207.000000 242.000000
193.000000 239.000000
181.000000 236.000000
172.000000 240.000000
162.000000 237.000000
149.000000 240.000000
134.000000 244.000000
142.000000 253.000000
152.000000 259.000000
165.000000 264.000000
178.000000 263.000000
190.000000 259.000000
199.000000 251.000000
