167.000000 5.000000
121.000000 10.000000
92.000000 19.000000
68.000000 53.000000
60.000000 86.000000
60.000000 120.000000
65.000000 156.000000
72.000000 190.000000
87.000000 222.000000
106.000000 250.000000
130.000000 275.000000
168.000000 286.000000
205.000000 273.000000
233.000000 247.000000
254.000000 217.000000
265.000000 186.000000
272.000000 153.000000
277.000000 117.000000
272.000000 83.000000
262.000000 50.000000
243.000000 22.000000
211.000000 8.000000
141.000000 87.000000
126.000000 81.000000
111.000000 76.000000
95.000000 74.000000
82.000000 80.000000
84.000000 90.000000
97.000000 88.000000
111.000000 90.000000
125.000000 93.000000
139.000000 98.000000
252.000000 87.000000
241.000000 80.000000
226.000000 79.000000
212.000000 81.000000
197.000000 86.000000
199.000000 96.000000
214.000000 93.000000
228.000000 91.000000
241.000000 92.000000
251.000000 95.000000
140.000000 125.000000
131.000000 114.000000
119.000000 108.000000
106.000000 108.000000
96.000000 115.000000
104.000000 122.000000
117.000000 125.000000
128.000000 125.000000
234.000000 116.000000
225.000000 110.000000
213.000000 110.000000
203.000000 114.000000
196.000000 122.000000
206.000000 125.000000
218.000000 126.000000
228.000000 123.000000
116.000000 116.000000
215.000000 118.000000
153.000000 122.000000
149.000000 140.000000
144.000000 155.000000
138.000000 170.000000
133.000000 186.000000
147.000000 195.000000
166.000000 202.000000
185.000000 194.000000
197.000000 183.000000
193.000000 169.000000
188.000000 154.000000
183.000000 139.000000
179.000000 122.000000
208.000000 214.000000
192.000000 213.000000
178.000000 212.000000
166.000000 215.000000
155.000000 214.000000
140.000000 215.000000
125.000000 216.000000
135.000000 226.000000
146.000000 234.000000
161.000000 238.000000
175.000000 237.000000
188.000000 232.000000
199.000000 225.000000
