170.000000 106.000000
136.000000 100.000000
104.000000 103.000000
90.000000 131.000000
82.000000 161.000000
76.000000 188.000000
77.000000 216.000000
80.000000 246.000000
89.000000 272.000000
103.000000 294.000000
122.000000 314.000000
150.000000 327.000000
182.000000 322.000000
209.000000 309.000000
230.000000 294.000000
253.000000 268.000000
263.000000 233.000000
264.000000 199.000000
257.000000 164.000000
247.000000 143.000000
231.000000 113.000000
197.000000 112.000000
139.000000 164.000000
127.000000 157.000000
115.000000 152.000000
103.000000 151.000000
93.000000 157.000000
95.000000 162.000000
104.000000 160.000000
114.000000 161.000000
125.000000 165.000000
135.000000 171.000000
227.000000 170.000000
217.000000 164.000000
204.000000 162.000000
192.000000 165.000000
180.000000 169.000000
182.000000 176.000000
194.000000 173.000000
205.000000 171.000000
215.000000 172.000000
224.000000 175.000000
135.000000 192.000000
129.000000 183.000000
120.000000 178.000000
110.000000 178.000000
104.000000 183.000000
109.000000 188.000000
118.000000 191.000000
127.000000 191.000000
214.000000 195.000000
207.000000 189.000000
198.000000 186.000000
189.000000 188.000000
181.000000 194.000000
189.000000 197.000000
198.000000 199.000000
207.000000 198.000000
120.000000 184.000000
197.000000 192.000000
145.000000 191.000000
141.000000 204.000000
137.000000 215.000000
131.000000 227.000000
128.000000 239.000000
138.000000 247.000000
152.000000 253.000000
172.000000 251.000000
181.000000 245.000000
176.000000 229.000000
172.000000 217.000000
169.000000 205.000000
168.000000 193.000000
188.000000 271.000000
174.000000 268.000000
164.000000 269.000000
153.000000 268.000000
141.000000 265.000000
132.000000 262.000000
121.000000 266.000000
127.000000 277.000000
134.000000 285.000000
146.000000 290.000000
158.000000 291.000000
170.000000 286.000000
180.000000 280.000000
