175.000000 60.000000
133.000000 71.000000
104.000000 96.000000
92.000000 126.000000
86.000000 155.000000
85.000000 183.000000
94.000000 211.000000
101.000000 234.000000
118.000000 261.000000
141.000000 277.000000
166.000000 292.000000
196.000000 299.000000
221.000000 285.000000
234.000000 263.000000
245.000000 240.000000
250.000000 215.000000
256.000000 189.000000
257.000000 167.000000
257.000000 142.000000
252.000000 119.000000
247.000000 96.000000
225.000000 66.000000
168.000000 155.000000
155.000000 151.000000
143.000000 149.000000
131.000000 149.000000
121.000000 154.000000
123.000000 160.000000
133.000000 158.000000
144.000000 159.000000
156.000000 161.000000
167.000000 163.000000
248.000000 142.000000
237.000000 139.000000
227.000000 143.000000
218.000000 147.000000
207.000000 153.000000
211.000000 159.000000
221.000000 155.000000
230.000000 151.000000
239.000000 148.000000
248.000000 148.000000
166.000000 181.000000
159.000000 173.000000
150.000000 170.000000
140.000000 172.000000
134.000000 177.000000
141.000000 182.000000
149.000000 184.000000
158.000000 182.000000
240.000000 167.000000
231.000000 162.000000
222.000000 162.000000
215.000000 167.000000
210.000000 175.000000
218.000000 177.000000
227.000000 176.000000
236.000000 173.000000
149.000000 176.000000
224.000000 169.000000
182.000000 175.000000
180.000000 190.000000
178.000000 201.000000
174.000000 209.000000
170.000000 221.000000
185.000000 229.000000
198.000000 231.000000
207.000000 228.000000
218.000000 217.000000
213.000000 206.000000
208.000000 197.000000
204.000000 185.000000
199.000000 174.000000
220.000000 246.000000
210.000000 244.000000
201.000000 243.000000
193.000000 247.000000
184.000000 245.000000
173.000000 247.000000
162.000000 250.000000
170.000000 258.000000
179.000000 264.000000
189.000000 268.000000
199.000000 267.000000
208.000000 262.000000
215.000000 255.000000
