177.000000 55.000000
142.000000 65.000000
112.000000 85.000000
99.000000 118.000000
94.000000 146.000000
92.000000 176.000000
95.000000 204.000000
103.000000 230.000000
113.000000 258.000000
129.000000 282.000000
148.000000 301.000000
180.000000 313.000000
211.000000 304.000000
236.000000 284.000000
254.000000 259.000000
261.000000 231.000000
265.000000 204.000000
268.000000 174.000000
266.000000 144.000000
262.000000 123.000000
252.000000 94.000000
218.000000 67.000000
155.000000 141.000000
144.000000 137.000000
131.000000 135.000000
119.000000 137.000000
107.000000 143.000000
110.000000 152.000000
121.000000 148.000000
133.000000 147.000000
143.000000 148.000000
152.000000 151.000000
248.000000 143.000000
239.000000 137.000000
227.000000 135.000000
214.000000 137.000000
202.000000 141.000000
204.000000 150.000000
216.000000 147.000000
227.000000 146.000000
238.000000 147.000000
246.000000 150.000000
155.000000 173.000000
150.000000 165.000000
139.000000 161.000000
129.000000 163.000000
122.000000 169.000000
129.000000 173.000000
139.000000 175.000000
148.000000 175.000000
234.000000 168.000000
227.000000 163.000000
218.000000 161.000000
209.000000 164.000000
202.000000 172.000000
211.000000 174.000000
219.000000 175.000000
228.000000 173.000000
139.000000 168.000000
218.000000 168.000000
166.000000 169.000000
164.000000 185.000000
162.000000 199.000000
157.000000 211.000000
154.000000 224.000000
164.000000 231.000000
177.000000 235.000000
191.000000 232.000000
203.000000 223.000000
200.000000 210.000000
196.000000 199.000000
191.000000 183.000000
190.000000 168.000000
210.000000 258.000000
197.000000 254.000000
187.000000 251.000000
178.000000 254.000000
171.000000 252.000000
161.000000 255.000000
150.000000 257.000000
157.000000 264.000000
165.000000 269.000000
174.000000 273.000000
184.000000 273.000000
193.000000 270.000000
201.000000 265.000000
