180.000000 63.000000
144.000000 70.000000
116.000000 83.000000
91.000000 107.000000
79.000000 136.000000
78.000000 171.000000
81.000000 205.000000
86.000000 239.000000
96.000000 271.000000
116.000000 298.000000
138.000000 321.000000
177.000000 335.000000
211.000000 322.000000
236.000000 298.000000
256.000000 272.000000
265.000000 242.000000
271.000000 209.000000
278.000000 175.000000
274.000000 144.000000
265.000000 113.000000
247.000000 91.000000
217.000000 73.000000
152.000000 147.000000
138.000000 140.000000
123.000000 135.000000
108.000000 133.000000
94.000000 139.000000
96.000000 149.000000
109.000000 146.000000
123.000000 149.000000
136.000000 153.000000
149.000000 157.000000
259.000000 148.000000
247.000000 141.000000
232.000000 142.000000
217.000000 144.000000
204.000000 149.000000
206.000000 158.000000
219.000000 155.000000
233.000000 153.000000
246.000000 153.000000
256.000000 155.000000
151.000000 178.000000
144.000000 167.000000
132.000000 162.000000
120.000000 162.000000
111.000000 169.000000
119.000000 175.000000
130.000000 178.000000
140.000000 178.000000
242.000000 172.000000
233.000000 166.000000
222.000000 165.000000
212.000000 168.000000
204.000000 177.000000
214.000000 180.000000
225.000000 181.000000
235.000000 178.000000
130.000000 169.000000
223.000000 172.000000
163.000000 176.000000
159.000000 193.000000
156.000000 208.000000
150.000000 224.000000
147.000000 239.000000
160.000000 248.000000
175.000000 253.000000
191.000000 248.000000
203.000000 240.000000
201.000000 226.000000
197.000000 211.000000
193.000000 194.000000
191.000000 177.000000
207.000000 276.000000
195.000000 274.000000
185.000000 272.000000
175.000000 276.000000
166.000000 273.000000
155.000000 274.000000
142.000000 275.000000
151.000000 285.000000
160.000000 291.000000
171.000000 295.000000
181.000000 295.000000
191.000000 291.000000
199.000000 285.000000
