180.000000 65.000000
146.000000 70.000000
121.000000 84.000000
104.000000 101.000000
92.000000 126.000000
92.000000 155.000000
89.000000 184.000000
92.000000 212.000000
99.000000 238.000000
117.000000 258.000000
141.000000 274.000000
172.000000 282.000000
202.000000 274.000000
225.000000 259.000000
246.000000 239.000000
255.000000 215.000000
261.000000 189.000000
262.000000 162.000000
262.000000 133.000000
254.000000 112.000000
247.000000 86.000000
215.000000 70.000000
155.000000 132.000000
143.000000 129.000000
132.000000 127.000000
122.000000 127.000000
111.000000 132.000000
113.000000 139.000000
123.000000 137.000000
132.000000 137.000000
142.000000 138.000000
153.000000 141.000000
240.000000 133.000000
231.000000 128.000000
220.000000 128.000000
210.000000 129.000000
198.000000 133.000000
200.000000 141.000000
211.000000 138.000000
221.000000 137.000000
230.000000 136.000000
239.000000 139.000000
153.000000 161.000000
147.000000 154.000000
137.000000 151.000000
128.000000 151.000000
121.000000 156.000000
127.000000 161.000000
136.000000 163.000000
146.000000 163.000000
231.000000 157.000000
222.000000 152.000000
214.000000 151.000000
205.000000 154.000000
199.000000 160.000000
207.000000 163.000000
216.000000 164.000000
225.000000 162.000000
137.000000 156.000000
214.000000 157.000000
165.000000 156.000000
161.000000 169.000000
157.000000 181.000000
151.000000 192.000000
147.000000 205.000000
160.000000 210.000000
173.000000 213.000000
187.000000 211.000000
198.000000 205.000000
197.000000 194.000000
192.000000 183.000000
188.000000 170.000000
186.000000 157.000000
199.000000 237.000000
189.000000 232.000000
181.000000 228.000000
173.000000 230.000000
165.000000 227.000000
155.000000 231.000000
144.000000 235.000000
151.000000 241.000000
159.000000 246.000000
168.000000 248.000000
177.000000 249.000000
186.000000 246.000000
194.000000 242.000000
