167.000000 57.000000
128.000000 59.000000
94.000000 72.000000
89.000000 103.000000
86.000000 138.000000
86.000000 169.000000
89.000000 196.000000
99.000000 223.000000
109.000000 252.000000
118.000000 275.000000
137.000000 298.000000
168.000000 310.000000
201.000000 299.000000
228.000000 280.000000
244.000000 251.000000
253.000000 223.000000
257.000000 195.000000
259.000000 166.000000
257.000000 139.000000
250.000000 112.000000
251.000000 73.000000
210.000000 59.000000
143.000000 144.000000
130.000000 139.000000
119.000000 136.000000
108.000000 134.000000
98.000000 137.000000
99.000000 146.000000
109.000000 146.000000
118.000000 147.000000
130.000000 149.000000
140.000000 153.000000
239.000000 140.000000
228.000000 135.000000
216.000000 136.000000
203.000000 138.000000
188.000000 143.000000
189.000000 152.000000
204.000000 149.000000
217.000000 147.000000
227.000000 146.000000
237.000000 147.000000
144.000000 171.000000
138.000000 162.000000
128.000000 158.000000
118.000000 159.000000
110.000000 164.000000
118.000000 171.000000
126.000000 174.000000
135.000000 173.000000
224.000000 165.000000
216.000000 160.000000
205.000000 159.000000
196.000000 162.000000
189.000000 170.000000
198.000000 174.000000
209.000000 175.000000
219.000000 171.000000
128.000000 165.000000
207.000000 166.000000
153.000000 167.000000
151.000000 184.000000
148.000000 199.000000
143.000000 213.000000
140.000000 227.000000
152.000000 235.000000
166.000000 240.000000
181.000000 234.000000
193.000000 225.000000
189.000000 212.000000
183.000000 198.000000
179.000000 183.000000
177.000000 166.000000
198.000000 258.000000
186.000000 254.000000
175.000000 252.000000
166.000000 255.000000
158.000000 252.000000
149.000000 255.000000
137.000000 259.000000
144.000000 265.000000
152.000000 271.000000
162.000000 275.000000
173.000000 275.000000
182.000000 271.000000
190.000000 266.000000
