177.000000 91.000000
147.000000 94.000000
115.000000 105.000000
101.000000 125.000000
96.000000 153.000000
95.000000 181.000000
97.000000 209.000000
101.000000 237.000000
115.000000 261.000000
135.000000 286.000000
154.000000 302.000000
180.000000 305.000000
206.000000 295.000000
224.000000 276.000000
237.000000 256.000000
246.000000 231.000000
251.000000 207.000000
256.000000 180.000000
252.000000 156.000000
243.000000 130.000000
229.000000 105.000000
203.000000 95.000000
162.000000 164.000000
150.000000 160.000000
137.000000 156.000000
125.000000 155.000000
114.000000 159.000000
116.000000 167.000000
126.000000 165.000000
137.000000 166.000000
148.000000 168.000000
159.000000 171.000000
239.000000 159.000000
230.000000 157.000000
219.000000 158.000000
209.000000 160.000000
199.000000 165.000000
202.000000 171.000000
211.000000 169.000000
220.000000 166.000000
230.000000 165.000000
238.000000 166.000000
159.000000 186.000000
153.000000 178.000000
144.000000 175.000000
135.000000 176.000000
130.000000 182.000000
137.000000 187.000000
144.000000 188.000000
150.000000 187.000000
229.000000 180.000000
221.000000 174.000000
213.000000 174.000000
206.000000 177.000000
202.000000 184.000000
208.000000 187.000000
217.000000 187.000000
224.000000 185.000000
143.000000 181.000000
214.000000 180.000000
171.000000 185.000000
169.000000 198.000000
167.000000 209.000000
163.000000 222.000000
159.000000 234.000000
168.000000 242.000000
181.000000 246.000000
194.000000 242.000000
202.000000 233.000000
199.000000 222.000000
196.000000 210.000000
193.000000 197.000000
191.000000 185.000000
202.000000 263.000000
194.000000 257.000000
187.000000 255.000000
179.000000 257.000000
172.000000 255.000000
164.000000 258.000000
155.000000 263.000000
162.000000 269.000000
168.000000 272.000000
176.000000 274.000000
184.000000 274.000000
191.000000 271.000000
196.000000 268.000000
