177.000000 71.000000
142.000000 74.000000
113.000000 86.000000
103.000000 109.000000
102.000000 144.000000
102.000000 174.000000
105.000000 198.000000
113.000000 226.000000
123.000000 249.000000
137.000000 271.000000
154.000000 291.000000
181.000000 301.000000
210.000000 293.000000
230.000000 271.000000
247.000000 248.000000
255.000000 223.000000
260.000000 197.000000
265.000000 168.000000
262.000000 142.000000
260.000000 116.000000
250.000000 93.000000
217.000000 75.000000
154.000000 145.000000
143.000000 141.000000
131.000000 138.000000
119.000000 137.000000
109.000000 142.000000
112.000000 149.000000
121.000000 147.000000
131.000000 148.000000
142.000000 150.000000
152.000000 153.000000
243.000000 143.000000
234.000000 139.000000
223.000000 139.000000
212.000000 141.000000
201.000000 146.000000
203.000000 153.000000
214.000000 151.000000
224.000000 149.000000
233.000000 148.000000
240.000000 149.000000
158.000000 171.000000
152.000000 163.000000
143.000000 159.000000
133.000000 159.000000
126.000000 165.000000
132.000000 170.000000
141.000000 173.000000
149.000000 172.000000
233.000000 166.000000
227.000000 161.000000
217.000000 159.000000
207.000000 162.000000
200.000000 170.000000
210.000000 173.000000
219.000000 173.000000
227.000000 171.000000
140.000000 165.000000
217.000000 166.000000
167.000000 168.000000
166.000000 183.000000
163.000000 196.000000
158.000000 209.000000
153.000000 222.000000
162.000000 230.000000
177.000000 235.000000
192.000000 230.000000
202.000000 221.000000
197.000000 209.000000
194.000000 197.000000
190.000000 183.000000
189.000000 168.000000
211.000000 256.000000
198.000000 249.000000
186.000000 248.000000
178.000000 251.000000
170.000000 249.000000
160.000000 251.000000
148.000000 256.000000
156.000000 261.000000
164.000000 266.000000
174.000000 270.000000
184.000000 270.000000
193.000000 266.000000
201.000000 260.000000
