174.000000 67.000000
146.000000 73.000000
121.000000 87.000000
101.000000 108.000000
89.000000 135.000000
86.000000 164.000000
88.000000 197.000000
95.000000 229.000000
106.000000 260.000000
127.000000 284.000000
153.000000 301.000000
189.000000 309.000000
219.000000 295.000000
243.000000 273.000000
260.000000 248.000000
266.000000 217.000000
271.000000 187.000000
271.000000 155.000000
265.000000 127.000000
251.000000 101.000000
230.000000 82.000000
203.000000 70.000000
159.000000 141.000000
147.000000 137.000000
134.000000 133.000000
121.000000 132.000000
107.000000 137.000000
109.000000 146.000000
122.000000 144.000000
135.000000 145.000000
147.000000 148.000000
157.000000 150.000000
251.000000 133.000000
240.000000 129.000000
227.000000 130.000000
213.000000 133.000000
201.000000 139.000000
204.000000 147.000000
216.000000 143.000000
229.000000 140.000000
240.000000 140.000000
249.000000 140.000000
158.000000 168.000000
152.000000 160.000000
142.000000 156.000000
132.000000 157.000000
124.000000 162.000000
130.000000 168.000000
139.000000 171.000000
148.000000 171.000000
237.000000 158.000000
229.000000 153.000000
219.000000 153.000000
210.000000 157.000000
203.000000 165.000000
213.000000 168.000000
222.000000 168.000000
232.000000 165.000000
140.000000 162.000000
220.000000 160.000000
169.000000 165.000000
167.000000 181.000000
164.000000 195.000000
160.000000 208.000000
157.000000 222.000000
170.000000 229.000000
183.000000 232.000000
197.000000 228.000000
209.000000 219.000000
205.000000 207.000000
200.000000 195.000000
196.000000 181.000000
192.000000 164.000000
215.000000 251.000000
204.000000 248.000000
193.000000 247.000000
184.000000 251.000000
176.000000 248.000000
164.000000 251.000000
152.000000 254.000000
160.000000 262.000000
169.000000 268.000000
180.000000 270.000000
192.000000 269.000000
201.000000 265.000000
208.000000 259.000000
