170.000000 56.000000
139.000000 59.000000
116.000000 74.000000
100.000000 100.000000
88.000000 125.000000
80.000000 153.000000
76.000000 181.000000
80.000000 215.000000
88.000000 245.000000
107.000000 266.000000
142.000000 286.000000
177.000000 293.000000
209.000000 280.000000
239.000000 263.000000
259.000000 239.000000
269.000000 213.000000
272.000000 183.000000
267.000000 150.000000
258.000000 124.000000
245.000000 100.000000
227.000000 78.000000
204.000000 61.000000
152.000000 117.000000
139.000000 114.000000
127.000000 112.000000
116.000000 112.000000
105.000000 116.000000
107.000000 125.000000
118.000000 124.000000
128.000000 123.000000
138.000000 124.000000
149.000000 127.000000
241.000000 115.000000
230.000000 111.000000
220.000000 112.000000
209.000000 114.000000
198.000000 117.000000
200.000000 125.000000
212.000000 123.000000
222.000000 122.000000
230.000000 121.000000
240.000000 122.000000
149.000000 148.000000
143.000000 141.000000
132.000000 138.000000
123.000000 140.000000
115.000000 145.000000
122.000000 150.000000
132.000000 152.000000
141.000000 151.000000
233.000000 144.000000
225.000000 139.000000
216.000000 138.000000
207.000000 140.000000
200.000000 147.000000
208.000000 150.000000
217.000000 150.000000
226.000000 149.000000
132.000000 144.000000
217.000000 144.000000
162.000000 147.000000
160.000000 161.000000
156.000000 174.000000
150.000000 185.000000
149.000000 198.000000
163.000000 204.000000
177.000000 207.000000
190.000000 203.000000
202.000000 196.000000
200.000000 184.000000
195.000000 174.000000
190.000000 161.000000
187.000000 146.000000
206.000000 232.000000
196.000000 227.000000
186.000000 223.000000
177.000000 226.000000
166.000000 223.000000
156.000000 228.000000
145.000000 232.000000
153.000000 240.000000
162.000000 246.000000
171.000000 249.000000
183.000000 249.000000
192.000000 245.000000
200.000000 239.000000
