175.000000 71.000000
140.000000 78.000000
110.000000 90.000000
98.000000 117.000000
93.000000 145.000000
90.000000 172.000000
95.000000 203.000000
103.000000 233.000000
116.000000 258.000000
135.000000 276.000000
156.000000 294.000000
186.000000 301.000000
213.000000 291.000000
235.000000 271.000000
250.000000 248.000000
259.000000 222.000000
263.000000 197.000000
265.000000 166.000000
263.000000 137.000000
258.000000 110.000000
242.000000 82.000000
211.000000 74.000000
156.000000 144.000000
144.000000 142.000000
132.000000 141.000000
121.000000 140.000000
108.000000 141.000000
109.000000 149.000000
121.000000 149.000000
132.000000 149.000000
143.000000 150.000000
154.000000 152.000000
243.000000 135.000000
233.000000 134.000000
222.000000 136.000000
210.000000 138.000000
200.000000 142.000000
201.000000 149.000000
212.000000 146.000000
223.000000 144.000000
234.000000 143.000000
244.000000 142.000000
153.000000 168.000000
147.000000 160.000000
137.000000 156.000000
127.000000 158.000000
119.000000 164.000000
126.000000 169.000000
136.000000 171.000000
146.000000 170.000000
234.000000 159.000000
226.000000 153.000000
216.000000 153.000000
208.000000 157.000000
202.000000 165.000000
211.000000 166.000000
220.000000 166.000000
228.000000 164.000000
136.000000 163.000000
218.000000 159.000000
164.000000 164.000000
162.000000 179.000000
159.000000 193.000000
155.000000 206.000000
155.000000 220.000000
168.000000 226.000000
181.000000 229.000000
194.000000 225.000000
207.000000 216.000000
205.000000 204.000000
200.000000 191.000000
195.000000 177.000000
191.000000 163.000000
220.000000 243.000000
202.000000 243.000000
191.000000 240.000000
182.000000 243.000000
174.000000 241.000000
162.000000 246.000000
151.000000 249.000000
160.000000 257.000000
169.000000 263.000000
179.000000 265.000000
190.000000 264.000000
199.000000 260.000000
207.000000 253.000000
