175.000000 71.000000
130.000000 80.000000
102.000000 97.000000
86.000000 124.000000
79.000000 153.000000
82.000000 187.000000
83.000000 220.000000
88.000000 253.000000
98.000000 287.000000
118.000000 314.000000
142.000000 336.000000
180.000000 348.000000
217.000000 335.000000
242.000000 313.000000
261.000000 282.000000
271.000000 250.000000
280.000000 216.000000
280.000000 184.000000
275.000000 153.000000
267.000000 125.000000
251.000000 96.000000
222.000000 79.000000
160.000000 161.000000
145.000000 155.000000
130.000000 150.000000
114.000000 148.000000
98.000000 155.000000
100.000000 165.000000
115.000000 163.000000
130.000000 165.000000
145.000000 168.000000
158.000000 172.000000
263.000000 157.000000
251.000000 151.000000
237.000000 153.000000
223.000000 157.000000
208.000000 162.000000
211.000000 172.000000
225.000000 168.000000
238.000000 165.000000
251.000000 164.000000
261.000000 165.000000
158.000000 189.000000
151.000000 179.000000
139.000000 175.000000
127.000000 176.000000
118.000000 182.000000
127.000000 189.000000
136.000000 191.000000
146.000000 191.000000
247.000000 183.000000
238.000000 177.000000
227.000000 176.000000
216.000000 180.000000
208.000000 189.000000
218.000000 192.000000
230.000000 193.000000
241.000000 190.000000
137.000000 182.000000
227.000000 184.000000
170.000000 186.000000
167.000000 204.000000
163.000000 219.000000
158.000000 234.000000
153.000000 247.000000
165.000000 256.000000
180.000000 262.000000
198.000000 257.000000
210.000000 247.000000
205.000000 234.000000
201.000000 220.000000
197.000000 205.000000
195.000000 187.000000
220.000000 278.000000
205.000000 278.000000
192.000000 277.000000
180.000000 281.000000
170.000000 277.000000
156.000000 278.000000
140.000000 278.000000
151.000000 290.000000
162.000000 298.000000
174.000000 304.000000
186.000000 304.000000
198.000000 299.000000
208.000000 291.000000
