181.000000 69.000000
145.000000 75.000000
119.000000 91.000000
105.000000 115.000000
99.000000 146.000000
95.000000 172.000000
97.000000 201.000000
101.000000 229.000000
109.000000 256.000000
124.000000 279.000000
146.000000 297.000000
178.000000 307.000000
211.000000 298.000000
235.000000 279.000000
249.000000 257.000000
256.000000 229.000000
260.000000 202.000000
263.000000 173.000000
266.000000 143.000000
258.000000 115.000000
240.000000 93.000000
215.000000 74.000000
154.000000 139.000000
143.000000 135.000000
131.000000 133.000000
120.000000 135.000000
110.000000 140.000000
112.000000 146.000000
122.000000 144.000000
132.000000 143.000000
141.000000 144.000000
151.000000 146.000000
243.000000 142.000000
234.000000 137.000000
223.000000 135.000000
211.000000 136.000000
200.000000 139.000000
202.000000 146.000000
212.000000 145.000000
223.000000 144.000000
233.000000 145.000000
241.000000 147.000000
156.000000 168.000000
150.000000 161.000000
140.000000 157.000000
131.000000 158.000000
125.000000 164.000000
133.000000 168.000000
140.000000 170.000000
147.000000 170.000000
231.000000 166.000000
224.000000 160.000000
216.000000 159.000000
207.000000 161.000000
201.000000 168.000000
209.000000 171.000000
217.000000 171.000000
225.000000 170.000000
140.000000 163.000000
216.000000 165.000000
166.000000 164.000000
165.000000 178.000000
162.000000 191.000000
158.000000 203.000000
153.000000 216.000000
162.000000 224.000000
177.000000 229.000000
190.000000 225.000000
200.000000 217.000000
196.000000 205.000000
193.000000 193.000000
190.000000 178.000000
189.000000 165.000000
205.000000 250.000000
195.000000 246.000000
185.000000 243.000000
177.000000 247.000000
168.000000 243.000000
160.000000 246.000000
150.000000 250.000000
158.000000 257.000000
164.000000 262.000000
173.000000 266.000000
183.000000 266.000000
191.000000 262.000000
198.000000 257.000000
