173.000000 42.000000
118.000000 38.000000
78.000000 42.000000
66.000000 80.000000
60.000000 117.000000
59.000000 154.000000
61.000000 192.000000
68.000000 230.000000
81.000000 266.000000
103.000000 294.000000
128.000000 323.000000
166.000000 339.000000
214.000000 325.000000
241.000000 296.000000
263.000000 266.000000
273.000000 230.000000
281.000000 194.000000
285.000000 156.000000
287.000000 123.000000
279.000000 90.000000
269.000000 39.000000
226.000000 31.000000
142.000000 131.000000
126.000000 125.000000
111.000000 120.000000
95.000000 118.000000
82.000000 122.000000
83.000000 131.000000
96.000000 130.000000
109.000000 133.000000
124.000000 136.000000
139.000000 140.000000
262.000000 125.000000
246.000000 119.000000
230.000000 121.000000
214.000000 124.000000
198.000000 130.000000
200.000000 139.000000
216.000000 135.000000
232.000000 132.000000
247.000000 131.000000
259.000000 133.000000
142.000000 162.000000
132.000000 151.000000
119.000000 145.000000
106.000000 147.000000
96.000000 154.000000
104.000000 161.000000
116.000000 163.000000
129.000000 163.000000
245.000000 155.000000
234.000000 147.000000
221.000000 147.000000
209.000000 151.000000
199.000000 160.000000
210.000000 163.000000
224.000000 164.000000
236.000000 161.000000
117.000000 153.000000
223.000000 154.000000
156.000000 160.000000
151.000000 177.000000
144.000000 194.000000
136.000000 211.000000
132.000000 228.000000
146.000000 239.000000
167.000000 246.000000
188.000000 238.000000
203.000000 227.000000
200.000000 212.000000
193.000000 194.000000
189.000000 179.000000
185.000000 160.000000
217.000000 260.000000
196.000000 257.000000
180.000000 255.000000
167.000000 259.000000
154.000000 255.000000
138.000000 258.000000
122.000000 255.000000
130.000000 274.000000
142.000000 286.000000
159.000000 293.000000
175.000000 293.000000
191.000000 286.000000
204.000000 276.000000
