171.000000 64.000000
127.000000 73.000000
95.000000 89.000000
95.000000 120.000000
84.000000 151.000000
81.000000 185.000000
82.000000 218.000000
93.000000 258.000000
118.000000 288.000000
145.000000 315.000000
176.000000 326.000000
213.000000 332.000000
243.000000 313.000000
264.000000 289.000000
280.000000 260.000000
288.000000 224.000000
291.000000 195.000000
292.000000 161.000000
283.000000 132.000000
267.000000 91.000000
243.000000 56.000000
210.000000 54.000000
175.000000 149.000000
159.000000 145.000000
147.000000 146.000000
137.000000 151.000000
122.000000 159.000000
124.000000 167.000000
134.000000 161.000000
145.000000 156.000000
160.000000 155.000000
173.000000 158.000000
266.000000 140.000000
255.000000 133.000000
243.000000 135.000000
231.000000 139.000000
218.000000 145.000000
222.000000 152.000000
234.000000 147.000000
246.000000 143.000000
258.000000 143.000000
270.000000 148.000000
174.000000 178.000000
164.000000 171.000000
153.000000 168.000000
142.000000 171.000000
133.000000 177.000000
143.000000 182.000000
153.000000 183.000000
163.000000 181.000000
261.000000 164.000000
252.000000 159.000000
241.000000 160.000000
233.000000 165.000000
226.000000 172.000000
235.000000 174.000000
246.000000 174.000000
256.000000 171.000000
152.000000 175.000000
244.000000 166.000000
184.000000 172.000000
187.000000 187.000000
188.000000 205.000000
182.000000 220.000000
181.000000 233.000000
192.000000 239.000000
208.000000 243.000000
222.000000 237.000000
232.000000 228.000000
229.000000 215.000000
220.000000 198.000000
217.000000 186.000000
213.000000 171.000000
239.000000 266.000000
229.000000 259.000000
219.000000 256.000000
210.000000 261.000000
198.000000 261.000000
187.000000 267.000000
175.000000 272.000000
184.000000 280.000000
194.000000 286.000000
205.000000 290.000000
217.000000 289.000000
226.000000 283.000000
233.000000 275.000000
