172.000000 82.000000
144.000000 84.000000
111.000000 89.000000
87.000000 109.000000
87.000000 141.000000
85.000000 169.000000
91.000000 198.000000
92.000000 228.000000
101.000000 257.000000
118.000000 280.000000
140.000000 300.000000
170.000000 310.000000
210.000000 303.000000
233.000000 284.000000
250.000000 260.000000
260.000000 226.000000
259.000000 199.000000
260.000000 171.000000
262.000000 140.000000
254.000000 105.000000
230.000000 92.000000
201.000000 85.000000
151.000000 143.000000
138.000000 138.000000
125.000000 135.000000
112.000000 136.000000
102.000000 142.000000
104.000000 149.000000
115.000000 147.000000
126.000000 147.000000
138.000000 148.000000
149.000000 150.000000
241.000000 139.000000
230.000000 134.000000
217.000000 134.000000
206.000000 137.000000
194.000000 141.000000
196.000000 150.000000
208.000000 147.000000
220.000000 145.000000
230.000000 144.000000
240.000000 146.000000
150.000000 171.000000
143.000000 163.000000
133.000000 159.000000
124.000000 161.000000
116.000000 166.000000
122.000000 172.000000
131.000000 173.000000
140.000000 172.000000
229.000000 166.000000
221.000000 160.000000
212.000000 160.000000
203.000000 163.000000
197.000000 170.000000
205.000000 172.000000
214.000000 173.000000
223.000000 171.000000
132.000000 166.000000
212.000000 166.000000
162.000000 167.000000
160.000000 181.000000
156.000000 195.000000
151.000000 208.000000
145.000000 221.000000
155.000000 231.000000
173.000000 233.000000
189.000000 230.000000
200.000000 220.000000
195.000000 208.000000
189.000000 195.000000
186.000000 181.000000
184.000000 167.000000
215.000000 244.000000
200.000000 246.000000
187.000000 247.000000
173.000000 248.000000
161.000000 246.000000
150.000000 243.000000
135.000000 246.000000
145.000000 259.000000
154.000000 267.000000
166.000000 273.000000
178.000000 273.000000
191.000000 268.000000
200.000000 260.000000
