174.000000 86.000000
133.000000 81.000000
109.000000 89.000000
105.000000 117.000000
97.000000 143.000000
93.000000 168.000000
93.000000 195.000000
96.000000 220.000000
103.000000 246.000000
121.000000 267.000000
142.000000 283.000000
174.000000 290.000000
204.000000 282.000000
228.000000 265.000000
245.000000 245.000000
252.000000 220.000000
256.000000 194.000000
255.000000 167.000000
251.000000 142.000000
248.000000 121.000000
247.000000 94.000000
213.000000 85.000000
155.000000 139.000000
144.000000 136.000000
134.000000 135.000000
123.000000 136.000000
112.000000 141.000000
114.000000 148.000000
125.000000 146.000000
135.000000 144.000000
144.000000 145.000000
153.000000 146.000000
237.000000 143.000000
227.000000 139.000000
215.000000 137.000000
204.000000 138.000000
194.000000 141.000000
196.000000 147.000000
206.000000 145.000000
216.000000 145.000000
226.000000 147.000000
235.000000 149.000000
152.000000 163.000000
147.000000 157.000000
139.000000 155.000000
131.000000 156.000000
125.000000 159.000000
130.000000 164.000000
138.000000 166.000000
146.000000 165.000000
225.000000 161.000000
218.000000 157.000000
210.000000 156.000000
203.000000 158.000000
197.000000 163.000000
204.000000 166.000000
212.000000 167.000000
220.000000 165.000000
138.000000 160.000000
210.000000 161.000000
162.000000 159.000000
160.000000 173.000000
157.000000 185.000000
152.000000 197.000000
148.000000 209.000000
159.000000 215.000000
173.000000 218.000000
188.000000 215.000000
199.000000 208.000000
195.000000 197.000000
191.000000 186.000000
187.000000 174.000000
185.000000 160.000000
201.000000 238.000000
190.000000 236.000000
182.000000 233.000000
174.000000 237.000000
164.000000 234.000000
156.000000 236.000000
145.000000 239.000000
153.000000 246.000000
160.000000 250.000000
169.000000 250.000000
180.000000 249.000000
187.000000 249.000000
194.000000 244.000000
