175.000000 84.000000
137.000000 86.000000
103.000000 101.000000
95.000000 129.000000
81.000000 157.000000
76.000000 188.000000
78.000000 219.000000
84.000000 251.000000
94.000000 282.000000
115.000000 310.000000
143.000000 333.000000
183.000000 344.000000
220.000000 327.000000
246.000000 307.000000
266.000000 280.000000
273.000000 246.000000
280.000000 214.000000
280.000000 185.000000
276.000000 153.000000
263.000000 123.000000
247.000000 96.000000
213.000000 84.000000
151.000000 157.000000
138.000000 153.000000
125.000000 152.000000
112.000000 153.000000
100.000000 159.000000
103.000000 167.000000
115.000000 165.000000
126.000000 164.000000
137.000000 164.000000
148.000000 166.000000
252.000000 155.000000
242.000000 151.000000
230.000000 150.000000
218.000000 152.000000
207.000000 155.000000
208.000000 164.000000
220.000000 163.000000
231.000000 162.000000
242.000000 162.000000
250.000000 163.000000
154.000000 187.000000
146.000000 179.000000
134.000000 175.000000
123.000000 177.000000
115.000000 183.000000
124.000000 188.000000
135.000000 189.000000
145.000000 188.000000
239.000000 179.000000
230.000000 174.000000
219.000000 173.000000
209.000000 176.000000
203.000000 185.000000
213.000000 187.000000
223.000000 187.000000
232.000000 184.000000
133.000000 181.000000
220.000000 179.000000
166.000000 183.000000
163.000000 198.000000
159.000000 214.000000
153.000000 228.000000
148.000000 243.000000
159.000000 253.000000
179.000000 258.000000
198.000000 252.000000
211.000000 241.000000
206.000000 227.000000
200.000000 214.000000
195.000000 197.000000
192.000000 183.000000
217.000000 282.000000
201.000000 273.000000
189.000000 270.000000
179.000000 273.000000
171.000000 271.000000
158.000000 274.000000
145.000000 282.000000
154.000000 286.000000
164.000000 292.000000
175.000000 297.000000
187.000000 297.000000
197.000000 293.000000
206.000000 287.000000
