180.000000 77.000000
145.000000 78.000000
113.000000 83.000000
97.000000 117.000000
92.000000 147.000000
87.000000 174.000000
91.000000 205.000000
98.000000 233.000000
109.000000 260.000000
125.000000 282.000000
146.000000 301.000000
178.000000 310.000000
209.000000 301.000000
231.000000 283.000000
249.000000 260.000000
258.000000 235.000000
263.000000 207.000000
267.000000 179.000000
263.000000 151.000000
258.000000 125.000000
253.000000 92.000000
222.000000 74.000000
155.000000 150.000000
143.000000 146.000000
131.000000 142.000000
119.000000 139.000000
108.000000 142.000000
108.000000 149.000000
119.000000 148.000000
130.000000 150.000000
142.000000 154.000000
154.000000 157.000000
249.000000 146.000000
238.000000 143.000000
226.000000 144.000000
214.000000 146.000000
202.000000 150.000000
204.000000 157.000000
216.000000 154.000000
227.000000 152.000000
238.000000 150.000000
248.000000 152.000000
152.000000 174.000000
146.000000 165.000000
136.000000 161.000000
126.000000 162.000000
119.000000 167.000000
125.000000 173.000000
134.000000 176.000000
143.000000 176.000000
236.000000 169.000000
229.000000 164.000000
218.000000 163.000000
209.000000 167.000000
203.000000 174.000000
211.000000 177.000000
221.000000 178.000000
231.000000 176.000000
136.000000 168.000000
219.000000 170.000000
166.000000 171.000000
164.000000 186.000000
162.000000 199.000000
158.000000 213.000000
153.000000 227.000000
164.000000 234.000000
177.000000 238.000000
191.000000 235.000000
202.000000 227.000000
198.000000 214.000000
195.000000 201.000000
192.000000 186.000000
191.000000 171.000000
207.000000 260.000000
195.000000 258.000000
186.000000 255.000000
178.000000 258.000000
168.000000 255.000000
158.000000 258.000000
147.000000 261.000000
155.000000 270.000000
163.000000 274.000000
173.000000 277.000000
183.000000 277.000000
192.000000 273.000000
200.000000 268.000000
