179.000000 86.000000
151.000000 91.000000
123.000000 96.000000
106.000000 120.000000
101.000000 150.000000
96.000000 175.000000
97.000000 202.000000
98.000000 230.000000
106.000000 256.000000
128.000000 279.000000
150.000000 297.000000
181.000000 305.000000
212.000000 293.000000
234.000000 274.000000
244.000000 246.000000
248.000000 221.000000
254.000000 201.000000
253.000000 174.000000
255.000000 148.000000
248.000000 126.000000
240.000000 99.000000
208.000000 89.000000
163.000000 144.000000
151.000000 140.000000
139.000000 138.000000
127.000000 138.000000
116.000000 144.000000
118.000000 153.000000
129.000000 150.000000
141.000000 150.000000
151.000000 151.000000
163.000000 154.000000
244.000000 145.000000
234.000000 140.000000
223.000000 140.000000
212.000000 142.000000
202.000000 145.000000
204.000000 155.000000
215.000000 152.000000
225.000000 151.000000
234.000000 152.000000
243.000000 153.000000
162.000000 171.000000
155.000000 164.000000
146.000000 161.000000
137.000000 162.000000
127.000000 169.000000
136.000000 172.000000
145.000000 173.000000
153.000000 172.000000
233.000000 167.000000
226.000000 162.000000
217.000000 162.000000
209.000000 164.000000
203.000000 170.000000
211.000000 173.000000
219.000000 173.000000
227.000000 172.000000
144.000000 166.000000
218.000000 167.000000
173.000000 168.000000
170.000000 181.000000
167.000000 193.000000
163.000000 204.000000
159.000000 217.000000
170.000000 225.000000
183.000000 228.000000
196.000000 226.000000
206.000000 217.000000
203.000000 206.000000
200.000000 194.000000
197.000000 183.000000
194.000000 169.000000
212.000000 248.000000
201.000000 244.000000
191.000000 241.000000
182.000000 244.000000
173.000000 241.000000
161.000000 244.000000
147.000000 247.000000
157.000000 255.000000
166.000000 260.000000
177.000000 264.000000
187.000000 264.000000
197.000000 261.000000
205.000000 255.000000
