170.000000 110.000000
140.000000 113.000000
115.000000 114.000000
99.000000 137.000000
94.000000 162.000000
95.000000 191.000000
99.000000 217.000000
105.000000 243.000000
113.000000 268.000000
125.000000 289.000000
143.000000 308.000000
174.000000 320.000000
205.000000 307.000000
228.000000 286.000000
242.000000 261.000000
252.000000 237.000000
257.000000 212.000000
258.000000 189.000000
260.000000 162.000000
248.000000 136.000000
237.000000 107.000000
204.000000 109.000000
151.000000 165.000000
138.000000 162.000000
127.000000 159.000000
116.000000 159.000000
105.000000 164.000000
106.000000 172.000000
117.000000 170.000000
127.000000 170.000000
138.000000 172.000000
149.000000 174.000000
235.000000 161.000000
226.000000 156.000000
214.000000 156.000000
203.000000 158.000000
190.000000 162.000000
190.000000 171.000000
204.000000 167.000000
216.000000 165.000000
225.000000 165.000000
233.000000 167.000000
149.000000 190.000000
143.000000 182.000000
134.000000 179.000000
125.000000 180.000000
118.000000 186.000000
124.000000 192.000000
132.000000 194.000000
140.000000 193.000000
223.000000 184.000000
217.000000 178.000000
208.000000 177.000000
199.000000 180.000000
192.000000 188.000000
200.000000 191.000000
210.000000 192.000000
219.000000 189.000000
134.000000 186.000000
208.000000 184.000000
159.000000 186.000000
157.000000 200.000000
154.000000 212.000000
150.000000 225.000000
148.000000 238.000000
158.000000 245.000000
170.000000 249.000000
183.000000 245.000000
193.000000 237.000000
191.000000 225.000000
187.000000 213.000000
183.000000 199.000000
181.000000 186.000000
197.000000 268.000000
188.000000 264.000000
180.000000 261.000000
171.000000 264.000000
163.000000 262.000000
155.000000 265.000000
146.000000 268.000000
152.000000 276.000000
159.000000 280.000000
168.000000 284.000000
177.000000 283.000000
184.000000 280.000000
192.000000 275.000000
