180.000000 67.000000
152.000000 70.000000
126.000000 82.000000
105.000000 102.000000
91.000000 127.000000
85.000000 155.000000
84.000000 188.000000
88.000000 220.000000
97.000000 252.000000
114.000000 278.000000
138.000000 298.000000
174.000000 310.000000
207.000000 298.000000
232.000000 276.000000
250.000000 251.000000
259.000000 222.000000
265.000000 193.000000
269.000000 162.000000
265.000000 134.000000
253.000000 108.000000
234.000000 86.000000
209.000000 72.000000
159.000000 119.000000
145.000000 114.000000
131.000000 111.000000
118.000000 113.000000
105.000000 120.000000
108.000000 127.000000
120.000000 123.000000
133.000000 122.000000
145.000000 124.000000
155.000000 127.000000
254.000000 127.000000
244.000000 121.000000
230.000000 119.000000
216.000000 120.000000
203.000000 125.000000
206.000000 132.000000
218.000000 129.000000
231.000000 128.000000
243.000000 129.000000
251.000000 132.000000
155.000000 152.000000
148.000000 144.000000
138.000000 139.000000
129.000000 141.000000
121.000000 146.000000
127.000000 152.000000
136.000000 154.000000
146.000000 153.000000
239.000000 152.000000
231.000000 146.000000
222.000000 144.000000
213.000000 147.000000
205.000000 152.000000
214.000000 156.000000
223.000000 157.000000
232.000000 156.000000
136.000000 146.000000
221.000000 151.000000
167.000000 149.000000
164.000000 165.000000
160.000000 180.000000
155.000000 193.000000
151.000000 206.000000
164.000000 215.000000
178.000000 219.000000
193.000000 216.000000
205.000000 206.000000
201.000000 194.000000
196.000000 183.000000
193.000000 165.000000
192.000000 150.000000
209.000000 245.000000
199.000000 237.000000
188.000000 233.000000
178.000000 236.000000
167.000000 233.000000
156.000000 237.000000
144.000000 244.000000
150.000000 255.000000
159.000000 262.000000
170.000000 267.000000
182.000000 267.000000
193.000000 262.000000
201.000000 254.000000
