162.000000 37.000000
127.000000 43.000000
91.000000 63.000000
73.000000 94.000000
64.000000 129.000000
63.000000 163.000000
64.000000 198.000000
70.000000 231.000000
80.000000 267.000000
102.000000 297.000000
132.000000 320.000000
174.000000 331.000000
219.000000 316.000000
246.000000 294.000000
272.000000 268.000000
277.000000 227.000000
279.000000 183.000000
275.000000 151.000000
273.000000 117.000000
260.000000 86.000000
236.000000 53.000000
201.000000 38.000000
134.000000 121.000000
118.000000 118.000000
104.000000 118.000000
89.000000 119.000000
77.000000 125.000000
80.000000 132.000000
92.000000 130.000000
105.000000 129.000000
119.000000 130.000000
132.000000 132.000000
246.000000 108.000000
230.000000 105.000000
216.000000 107.000000
202.000000 111.000000
189.000000 117.000000
192.000000 127.000000
205.000000 122.000000
219.000000 119.000000
232.000000 117.000000
245.000000 117.000000
135.000000 154.000000
125.000000 146.000000
114.000000 143.000000
103.000000 146.000000
94.000000 152.000000
103.000000 158.000000
114.000000 159.000000
125.000000 157.000000
233.000000 143.000000
223.000000 137.000000
212.000000 137.000000
202.000000 142.000000
194.000000 149.000000
204.000000 151.000000
214.000000 151.000000
226.000000 149.000000
113.000000 150.000000
214.000000 144.000000
147.000000 147.000000
145.000000 165.000000
142.000000 182.000000
137.000000 197.000000
133.000000 213.000000
150.000000 220.000000
168.000000 223.000000
185.000000 218.000000
201.000000 208.000000
196.000000 194.000000
188.000000 179.000000
184.000000 164.000000
180.000000 146.000000
209.000000 254.000000
194.000000 249.000000
180.000000 245.000000
170.000000 250.000000
157.000000 246.000000
144.000000 252.000000
129.000000 259.000000
140.000000 267.000000
151.000000 273.000000
164.000000 275.000000
178.000000 275.000000
190.000000 270.000000
200.000000 262.000000
