136.000000 59.000000
103.000000 70.000000
74.000000 91.000000
53.000000 120.000000
43.000000 154.000000
43.000000 189.000000
51.000000 221.000000
63.000000 251.000000
79.000000 280.000000
102.000000 305.000000
130.000000 328.000000
173.000000 336.000000
212.000000 319.000000
239.000000 289.000000
259.000000 256.000000
267.000000 222.000000
270.000000 187.000000
266.000000 153.000000
255.000000 119.000000
234.000000 90.000000
205.000000 70.000000
172.000000 59.000000
113.000000 141.000000
95.000000 138.000000
79.000000 137.000000
64.000000 139.000000
53.000000 147.000000
58.000000 154.000000
69.000000 151.000000
81.000000 149.000000
96.000000 148.000000
111.000000 149.000000
231.000000 120.000000
216.000000 117.000000
202.000000 118.000000
188.000000 121.000000
173.000000 127.000000
175.000000 137.000000
191.000000 132.000000
205.000000 129.000000
218.000000 127.000000
230.000000 128.000000
118.000000 169.000000
109.000000 162.000000
98.000000 159.000000
87.000000 163.000000
79.000000 169.000000
89.000000 173.000000
98.000000 174.000000
106.000000 172.000000
216.000000 149.000000
205.000000 144.000000
193.000000 145.000000
182.000000 151.000000
175.000000 159.000000
185.000000 159.000000
197.000000 158.000000
207.000000 155.000000
98.000000 166.000000
195.000000 151.000000
130.000000 164.000000
128.000000 182.000000
126.000000 199.000000
122.000000 215.000000
119.000000 234.000000
133.000000 241.000000
153.000000 244.000000
172.000000 235.000000
185.000000 222.000000
179.000000 208.000000
170.000000 193.000000
164.000000 179.000000
160.000000 160.000000
203.000000 256.000000
184.000000 255.000000
168.000000 255.000000
156.000000 260.000000
146.000000 259.000000
132.000000 264.000000
117.000000 270.000000
129.000000 281.000000
141.000000 288.000000
156.000000 291.000000
170.000000 289.000000
184.000000 281.000000
195.000000 270.000000
