193.000000 0.000000
155.000000 0.000000
122.000000 17.000000
95.000000 44.000000
78.000000 78.000000
73.000000 116.000000
60.000000 157.000000
70.000000 200.000000
81.000000 246.000000
98.000000 281.000000
138.000000 305.000000
205.000000 323.000000
251.000000 302.000000
278.000000 268.000000
297.000000 229.000000
306.000000 190.000000
312.000000 152.000000
315.000000 114.000000
308.000000 76.000000
291.000000 43.000000
264.000000 16.000000
230.000000 0.000000
175.000000 85.000000
158.000000 81.000000
139.000000 79.000000
119.000000 79.000000
102.000000 86.000000
105.000000 98.000000
122.000000 93.000000
140.000000 94.000000
158.000000 96.000000
175.000000 100.000000
294.000000 83.000000
279.000000 77.000000
262.000000 76.000000
244.000000 78.000000
229.000000 84.000000
231.000000 97.000000
247.000000 92.000000
264.000000 90.000000
279.000000 92.000000
293.000000 94.000000
169.000000 125.000000
161.000000 115.000000
147.000000 111.000000
133.000000 114.000000
121.000000 121.000000
132.000000 127.000000
146.000000 129.000000
158.000000 127.000000
275.000000 116.000000
266.000000 111.000000
254.000000 111.000000
243.000000 114.000000
234.000000 123.000000
245.000000 125.000000
256.000000 126.000000
267.000000 123.000000
145.000000 119.000000
254.000000 118.000000
185.000000 120.000000
183.000000 141.000000
180.000000 161.000000
175.000000 177.000000
169.000000 194.000000
186.000000 203.000000
206.000000 209.000000
228.000000 203.000000
241.000000 194.000000
236.000000 178.000000
231.000000 163.000000
224.000000 139.000000
221.000000 120.000000
254.000000 234.000000
236.000000 230.000000
220.000000 228.000000
206.000000 231.000000
193.000000 229.000000
174.000000 232.000000
153.000000 235.000000
168.000000 247.000000
183.000000 254.000000
199.000000 258.000000
213.000000 257.000000
227.000000 253.000000
240.000000 245.000000
