178.000000 54.000000
148.000000 58.000000
120.000000 72.000000
98.000000 94.000000
84.000000 122.000000
79.000000 152.000000
81.000000 186.000000
86.000000 219.000000
94.000000 252.000000
111.000000 281.000000
135.000000 306.000000
174.000000 317.000000
212.000000 305.000000
239.000000 279.000000
254.000000 250.000000
266.000000 219.000000
274.000000 187.000000
277.000000 153.000000
272.000000 122.000000
258.000000 95.000000
237.000000 73.000000
209.000000 59.000000
156.000000 124.000000
141.000000 119.000000
127.000000 116.000000
113.000000 116.000000
100.000000 122.000000
103.000000 129.000000
115.000000 126.000000
128.000000 127.000000
141.000000 129.000000
154.000000 132.000000
253.000000 122.000000
242.000000 118.000000
230.000000 118.000000
218.000000 120.000000
206.000000 124.000000
208.000000 132.000000
220.000000 129.000000
232.000000 127.000000
242.000000 127.000000
251.000000 128.000000
154.000000 158.000000
146.000000 148.000000
135.000000 144.000000
123.000000 144.000000
113.000000 150.000000
123.000000 157.000000
132.000000 159.000000
141.000000 159.000000
245.000000 153.000000
235.000000 146.000000
223.000000 145.000000
212.000000 149.000000
204.000000 157.000000
214.000000 160.000000
227.000000 161.000000
238.000000 158.000000
131.000000 150.000000
223.000000 152.000000
166.000000 155.000000
162.000000 172.000000
158.000000 187.000000
151.000000 203.000000
146.000000 219.000000
161.000000 225.000000
178.000000 231.000000
194.000000 226.000000
207.000000 218.000000
204.000000 204.000000
199.000000 188.000000
195.000000 173.000000
193.000000 155.000000
210.000000 257.000000
200.000000 249.000000
189.000000 244.000000
178.000000 246.000000
166.000000 244.000000
152.000000 249.000000
140.000000 257.000000
148.000000 267.000000
158.000000 274.000000
170.000000 278.000000
183.000000 279.000000
195.000000 274.000000
205.000000 267.000000
