189.000000 75.000000
157.000000 77.000000
128.000000 88.000000
103.000000 107.000000
86.000000 133.000000
78.000000 164.000000
77.000000 197.000000
77.000000 231.000000
84.000000 264.000000
104.000000 290.000000
128.000000 312.000000
162.000000 323.000000
198.000000 318.000000
228.000000 302.000000
252.000000 279.000000
264.000000 250.000000
272.000000 219.000000
277.000000 186.000000
276.000000 155.000000
265.000000 125.000000
245.000000 101.000000
219.000000 84.000000
162.000000 141.000000
149.000000 135.000000
136.000000 130.000000
124.000000 128.000000
111.000000 131.000000
111.000000 141.000000
124.000000 140.000000
135.000000 142.000000
147.000000 145.000000
159.000000 151.000000
256.000000 154.000000
245.000000 147.000000
232.000000 145.000000
218.000000 146.000000
205.000000 148.000000
205.000000 158.000000
219.000000 157.000000
232.000000 157.000000
243.000000 159.000000
254.000000 162.000000
155.000000 172.000000
149.000000 162.000000
138.000000 156.000000
127.000000 155.000000
116.000000 159.000000
122.000000 166.000000
133.000000 170.000000
144.000000 172.000000
242.000000 178.000000
234.000000 172.000000
223.000000 169.000000
213.000000 172.000000
203.000000 178.000000
214.000000 181.000000
224.000000 183.000000
234.000000 182.000000
136.000000 162.000000
224.000000 175.000000
166.000000 169.000000
161.000000 183.000000
155.000000 197.000000
147.000000 209.000000
144.000000 224.000000
157.000000 232.000000
172.000000 237.000000
187.000000 235.000000
201.000000 229.000000
201.000000 216.000000
197.000000 203.000000
194.000000 187.000000
192.000000 173.000000
205.000000 266.000000
192.000000 257.000000
181.000000 252.000000
171.000000 254.000000
161.000000 249.000000
147.000000 252.000000
133.000000 255.000000
143.000000 266.000000
152.000000 273.000000
162.000000 279.000000
174.000000 280.000000
185.000000 277.000000
195.000000 272.000000
