175.000000 69.000000
146.000000 74.000000
120.000000 88.000000
99.000000 109.000000
86.000000 136.000000
81.000000 165.000000
84.000000 197.000000
90.000000 227.000000
101.000000 255.000000
123.000000 277.000000
148.000000 293.000000
177.000000 301.000000
206.000000 295.000000
233.000000 278.000000
257.000000 254.000000
267.000000 224.000000
271.000000 194.000000
272.000000 163.000000
267.000000 133.000000
253.000000 107.000000
232.000000 86.000000
205.000000 73.000000
151.000000 135.000000
140.000000 131.000000
126.000000 129.000000
114.000000 128.000000
101.000000 133.000000
102.000000 142.000000
115.000000 139.000000
127.000000 140.000000
139.000000 141.000000
150.000000 143.000000
247.000000 130.000000
234.000000 127.000000
221.000000 127.000000
209.000000 129.000000
197.000000 133.000000
199.000000 142.000000
211.000000 139.000000
223.000000 137.000000
235.000000 137.000000
246.000000 138.000000
148.000000 163.000000
142.000000 155.000000
131.000000 152.000000
121.000000 153.000000
113.000000 158.000000
120.000000 163.000000
129.000000 165.000000
139.000000 164.000000
236.000000 156.000000
227.000000 151.000000
217.000000 150.000000
208.000000 153.000000
201.000000 161.000000
210.000000 163.000000
219.000000 163.000000
229.000000 161.000000
131.000000 157.000000
217.000000 156.000000
162.000000 159.000000
159.000000 174.000000
156.000000 187.000000
151.000000 200.000000
146.000000 214.000000
159.000000 222.000000
174.000000 225.000000
191.000000 221.000000
205.000000 212.000000
200.000000 199.000000
195.000000 187.000000
190.000000 173.000000
188.000000 159.000000
214.000000 242.000000
199.000000 240.000000
186.000000 237.000000
175.000000 240.000000
165.000000 238.000000
152.000000 241.000000
138.000000 243.000000
148.000000 252.000000
158.000000 259.000000
170.000000 262.000000
182.000000 262.000000
195.000000 258.000000
205.000000 251.000000
