190.000000 54.000000
161.000000 59.000000
134.000000 73.000000
113.000000 95.000000
100.000000 121.000000
96.000000 151.000000
98.000000 181.000000
103.000000 209.000000
114.000000 236.000000
134.000000 261.000000
161.000000 279.000000
198.000000 285.000000
230.000000 276.000000
253.000000 256.000000
271.000000 233.000000
280.000000 206.000000
286.000000 178.000000
287.000000 149.000000
282.000000 119.000000
268.000000 93.000000
246.000000 72.000000
220.000000 59.000000
178.000000 121.000000
163.000000 116.000000
149.000000 113.000000
135.000000 114.000000
122.000000 120.000000
125.000000 126.000000
137.000000 124.000000
150.000000 123.000000
163.000000 124.000000
175.000000 128.000000
263.000000 120.000000
252.000000 116.000000
240.000000 114.000000
228.000000 116.000000
218.000000 121.000000
221.000000 128.000000
231.000000 125.000000
241.000000 124.000000
252.000000 125.000000
262.000000 127.000000
172.000000 147.000000
165.000000 140.000000
156.000000 137.000000
146.000000 138.000000
138.000000 141.000000
145.000000 147.000000
154.000000 149.000000
163.000000 149.000000
252.000000 142.000000
243.000000 138.000000
234.000000 138.000000
225.000000 142.000000
220.000000 147.000000
228.000000 150.000000
237.000000 150.000000
246.000000 147.000000
154.000000 142.000000
236.000000 143.000000
185.000000 144.000000
182.000000 158.000000
178.000000 171.000000
173.000000 184.000000
169.000000 197.000000
182.000000 205.000000
198.000000 209.000000
213.000000 205.000000
226.000000 196.000000
222.000000 184.000000
216.000000 172.000000
212.000000 159.000000
210.000000 144.000000
230.000000 230.000000
218.000000 226.000000
208.000000 223.000000
199.000000 227.000000
188.000000 224.000000
176.000000 227.000000
162.000000 232.000000
172.000000 240.000000
181.000000 246.000000
192.000000 250.000000
205.000000 250.000000
216.000000 245.000000
224.000000 238.000000
