173.000000 64.000000
143.000000 71.000000
117.000000 86.000000
96.000000 109.000000
84.000000 137.000000
81.000000 167.000000
83.000000 202.000000
87.000000 235.000000
100.000000 264.000000
123.000000 288.000000
151.000000 307.000000
187.000000 314.000000
220.000000 303.000000
244.000000 279.000000
262.000000 253.000000
272.000000 224.000000
275.000000 192.000000
275.000000 156.000000
269.000000 126.000000
253.000000 100.000000
231.000000 80.000000
203.000000 68.000000
156.000000 121.000000
142.000000 117.000000
130.000000 114.000000
117.000000 115.000000
106.000000 121.000000
107.000000 128.000000
119.000000 125.000000
130.000000 125.000000
142.000000 126.000000
153.000000 129.000000
255.000000 123.000000
244.000000 116.000000
232.000000 115.000000
221.000000 117.000000
210.000000 120.000000
213.000000 127.000000
223.000000 125.000000
234.000000 124.000000
244.000000 125.000000
253.000000 129.000000
155.000000 158.000000
148.000000 149.000000
137.000000 145.000000
125.000000 146.000000
117.000000 152.000000
125.000000 158.000000
137.000000 159.000000
146.000000 158.000000
243.000000 151.000000
233.000000 146.000000
222.000000 146.000000
213.000000 149.000000
206.000000 156.000000
215.000000 158.000000
225.000000 158.000000
235.000000 156.000000
136.000000 152.000000
223.000000 152.000000
167.000000 156.000000
164.000000 172.000000
160.000000 187.000000
153.000000 202.000000
152.000000 217.000000
166.000000 222.000000
184.000000 227.000000
201.000000 220.000000
213.000000 212.000000
209.000000 198.000000
202.000000 186.000000
196.000000 170.000000
193.000000 155.000000
216.000000 248.000000
204.000000 243.000000
193.000000 241.000000
184.000000 243.000000
172.000000 242.000000
161.000000 245.000000
148.000000 248.000000
158.000000 259.000000
168.000000 265.000000
179.000000 269.000000
191.000000 269.000000
201.000000 264.000000
210.000000 256.000000
