180.000000 65.000000
150.000000 69.000000
123.000000 82.000000
101.000000 102.000000
87.000000 129.000000
82.000000 158.000000
84.000000 191.000000
88.000000 224.000000
98.000000 253.000000
116.000000 278.000000
136.000000 299.000000
169.000000 309.000000
202.000000 305.000000
230.000000 286.000000
255.000000 261.000000
267.000000 230.000000
272.000000 197.000000
274.000000 164.000000
270.000000 134.000000
257.000000 107.000000
236.000000 85.000000
210.000000 70.000000
151.000000 131.000000
138.000000 125.000000
125.000000 121.000000
112.000000 120.000000
99.000000 125.000000
100.000000 134.000000
112.000000 132.000000
124.000000 134.000000
137.000000 136.000000
148.000000 139.000000
253.000000 130.000000
241.000000 124.000000
227.000000 123.000000
212.000000 126.000000
198.000000 132.000000
200.000000 140.000000
214.000000 137.000000
228.000000 135.000000
240.000000 135.000000
250.000000 138.000000
148.000000 160.000000
142.000000 152.000000
130.000000 147.000000
120.000000 148.000000
111.000000 153.000000
119.000000 159.000000
130.000000 162.000000
139.000000 162.000000
238.000000 157.000000
229.000000 151.000000
219.000000 150.000000
209.000000 153.000000
201.000000 160.000000
211.000000 164.000000
222.000000 165.000000
232.000000 162.000000
130.000000 154.000000
220.000000 156.000000
160.000000 155.000000
157.000000 172.000000
152.000000 187.000000
146.000000 201.000000
141.000000 216.000000
154.000000 224.000000
170.000000 230.000000
187.000000 225.000000
201.000000 217.000000
198.000000 203.000000
193.000000 189.000000
189.000000 173.000000
187.000000 156.000000
208.000000 251.000000
194.000000 249.000000
181.000000 247.000000
172.000000 250.000000
162.000000 246.000000
151.000000 249.000000
138.000000 250.000000
148.000000 259.000000
156.000000 265.000000
166.000000 269.000000
178.000000 270.000000
189.000000 266.000000
198.000000 260.000000
