171.000000 93.000000
142.000000 98.000000
116.000000 112.000000
95.000000 133.000000
82.000000 160.000000
78.000000 189.000000
83.000000 219.000000
89.000000 250.000000
100.000000 280.000000
118.000000 304.000000
140.000000 325.000000
172.000000 337.000000
204.000000 326.000000
230.000000 305.000000
251.000000 280.000000
261.000000 250.000000
266.000000 218.000000
268.000000 186.000000
263.000000 157.000000
249.000000 130.000000
228.000000 110.000000
201.000000 97.000000
143.000000 168.000000
131.000000 162.000000
119.000000 157.000000
107.000000 153.000000
94.000000 155.000000
94.000000 165.000000
107.000000 166.000000
118.000000 169.000000
130.000000 173.000000
141.000000 177.000000
243.000000 160.000000
231.000000 157.000000
218.000000 158.000000
204.000000 161.000000
191.000000 166.000000
192.000000 175.000000
207.000000 172.000000
219.000000 170.000000
231.000000 168.000000
242.000000 168.000000
142.000000 194.000000
136.000000 184.000000
125.000000 179.000000
113.000000 179.000000
105.000000 185.000000
109.000000 192.000000
121.000000 195.000000
133.000000 195.000000
232.000000 187.000000
224.000000 181.000000
212.000000 179.000000
201.000000 183.000000
192.000000 192.000000
202.000000 196.000000
215.000000 197.000000
226.000000 194.000000
123.000000 186.000000
212.000000 188.000000
154.000000 191.000000
150.000000 207.000000
146.000000 221.000000
141.000000 237.000000
138.000000 252.000000
150.000000 260.000000
165.000000 264.000000
181.000000 259.000000
195.000000 250.000000
191.000000 236.000000
186.000000 221.000000
182.000000 207.000000
178.000000 191.000000
200.000000 283.000000
187.000000 279.000000
176.000000 277.000000
166.000000 280.000000
157.000000 277.000000
146.000000 280.000000
135.000000 283.000000
143.000000 291.000000
151.000000 298.000000
163.000000 302.000000
174.000000 301.000000
185.000000 297.000000
194.000000 291.000000
