179.000000 35.000000
146.000000 40.000000
115.000000 55.000000
91.000000 79.000000
76.000000 109.000000
70.000000 143.000000
70.000000 178.000000
72.000000 214.000000
81.000000 252.000000
104.000000 280.000000
134.000000 303.000000
175.000000 314.000000
215.000000 302.000000
247.000000 281.000000
273.000000 251.000000
283.000000 217.000000
288.000000 179.000000
287.000000 144.000000
282.000000 110.000000
267.000000 80.000000
243.000000 56.000000
213.000000 40.000000
147.000000 101.000000
133.000000 96.000000
119.000000 94.000000
106.000000 95.000000
94.000000 102.000000
96.000000 109.000000
108.000000 107.000000
121.000000 107.000000
134.000000 110.000000
146.000000 112.000000
261.000000 102.000000
249.000000 95.000000
234.000000 94.000000
219.000000 97.000000
203.000000 101.000000
204.000000 112.000000
221.000000 108.000000
237.000000 105.000000
248.000000 105.000000
259.000000 108.000000
147.000000 140.000000
137.000000 132.000000
126.000000 127.000000
116.000000 128.000000
106.000000 134.000000
113.000000 140.000000
124.000000 142.000000
135.000000 142.000000
246.000000 136.000000
237.000000 130.000000
225.000000 128.000000
214.000000 132.000000
203.000000 140.000000
215.000000 143.000000
227.000000 144.000000
238.000000 142.000000
124.000000 134.000000
224.000000 136.000000
160.000000 133.000000
157.000000 151.000000
152.000000 168.000000
147.000000 183.000000
142.000000 200.000000
157.000000 207.000000
174.000000 211.000000
191.000000 207.000000
206.000000 198.000000
201.000000 184.000000
195.000000 170.000000
190.000000 152.000000
188.000000 134.000000
221.000000 236.000000
204.000000 233.000000
189.000000 230.000000
176.000000 233.000000
163.000000 230.000000
148.000000 234.000000
131.000000 237.000000
140.000000 251.000000
152.000000 262.000000
167.000000 269.000000
183.000000 269.000000
199.000000 262.000000
212.000000 251.000000
