166.000000 63.000000
136.000000 69.000000
109.000000 84.000000
89.000000 106.000000
76.000000 133.000000
72.000000 163.000000
73.000000 193.000000
76.000000 225.000000
88.000000 254.000000
112.000000 276.000000
139.000000 294.000000
170.000000 302.000000
204.000000 292.000000
232.000000 272.000000
253.000000 248.000000
262.000000 220.000000
266.000000 189.000000
266.000000 157.000000
260.000000 127.000000
245.000000 101.000000
223.000000 80.000000
196.000000 67.000000
146.000000 126.000000
133.000000 122.000000
119.000000 120.000000
106.000000 120.000000
94.000000 127.000000
96.000000 134.000000
108.000000 132.000000
120.000000 132.000000
132.000000 133.000000
144.000000 135.000000
240.000000 123.000000
229.000000 116.000000
216.000000 116.000000
204.000000 119.000000
191.000000 123.000000
194.000000 131.000000
207.000000 129.000000
217.000000 126.000000
228.000000 126.000000
237.000000 129.000000
143.000000 159.000000
136.000000 151.000000
125.000000 147.000000
115.000000 149.000000
108.000000 155.000000
115.000000 159.000000
125.000000 162.000000
136.000000 161.000000
228.000000 153.000000
219.000000 147.000000
209.000000 146.000000
200.000000 149.000000
193.000000 157.000000
202.000000 160.000000
211.000000 160.000000
221.000000 158.000000
124.000000 154.000000
210.000000 153.000000
156.000000 155.000000
153.000000 170.000000
148.000000 184.000000
142.000000 196.000000
140.000000 210.000000
153.000000 217.000000
168.000000 221.000000
183.000000 216.000000
197.000000 207.000000
193.000000 195.000000
188.000000 184.000000
183.000000 169.000000
180.000000 155.000000
202.000000 241.000000
190.000000 239.000000
178.000000 237.000000
169.000000 240.000000
158.000000 236.000000
147.000000 239.000000
134.000000 240.000000
143.000000 250.000000
151.000000 258.000000
163.000000 263.000000
176.000000 263.000000
188.000000 258.000000
197.000000 250.000000
