167.000000 58.000000
135.000000 64.000000
107.000000 81.000000
85.000000 105.000000
72.000000 135.000000
68.000000 168.000000
71.000000 203.000000
77.000000 238.000000
90.000000 270.000000
113.000000 296.000000
142.000000 313.000000
181.000000 318.000000
214.000000 309.000000
244.000000 288.000000
265.000000 259.000000
272.000000 225.000000
276.000000 192.000000
277.000000 157.000000
271.000000 125.000000
254.000000 96.000000
230.000000 74.000000
200.000000 61.000000
149.000000 124.000000
135.000000 120.000000
121.000000 118.000000
107.000000 119.000000
95.000000 126.000000
97.000000 132.000000
109.000000 129.000000
122.000000 128.000000
134.000000 130.000000
146.000000 132.000000
256.000000 125.000000
245.000000 118.000000
231.000000 116.000000
217.000000 118.000000
203.000000 122.000000
205.000000 130.000000
219.000000 127.000000
232.000000 125.000000
244.000000 126.000000
253.000000 130.000000
148.000000 163.000000
140.000000 155.000000
129.000000 151.000000
118.000000 152.000000
108.000000 158.000000
117.000000 163.000000
127.000000 166.000000
138.000000 165.000000
241.000000 152.000000
232.000000 147.000000
222.000000 146.000000
213.000000 150.000000
206.000000 157.000000
215.000000 161.000000
225.000000 162.000000
236.000000 159.000000
127.000000 157.000000
223.000000 154.000000
163.000000 155.000000
161.000000 171.000000
158.000000 186.000000
153.000000 201.000000
147.000000 217.000000
162.000000 224.000000
179.000000 228.000000
194.000000 224.000000
207.000000 215.000000
202.000000 200.000000
196.000000 186.000000
192.000000 172.000000
191.000000 154.000000
213.000000 254.000000
202.000000 249.000000
190.000000 245.000000
180.000000 248.000000
167.000000 246.000000
155.000000 250.000000
142.000000 255.000000
151.000000 263.000000
161.000000 268.000000
173.000000 271.000000
187.000000 270.000000
197.000000 267.000000
205.000000 261.000000
