182.000000 70.000000
154.000000 72.000000
128.000000 83.000000
107.000000 102.000000
93.000000 126.000000
87.000000 154.000000
85.000000 187.000000
89.000000 217.000000
96.000000 247.000000
115.000000 273.000000
141.000000 290.000000
175.000000 299.000000
208.000000 290.000000
233.000000 274.000000
250.000000 250.000000
257.000000 222.000000
263.000000 194.000000
266.000000 164.000000
263.000000 136.000000
252.000000 111.000000
233.000000 90.000000
209.000000 76.000000
158.000000 122.000000
145.000000 117.000000
132.000000 115.000000
119.000000 118.000000
108.000000 124.000000
111.000000 130.000000
122.000000 126.000000
133.000000 124.000000
144.000000 126.000000
154.000000 129.000000
250.000000 130.000000
240.000000 123.000000
230.000000 122.000000
218.000000 123.000000
208.000000 126.000000
210.000000 133.000000
220.000000 131.000000
230.000000 130.000000
239.000000 131.000000
247.000000 135.000000
156.000000 156.000000
150.000000 148.000000
140.000000 145.000000
131.000000 146.000000
123.000000 150.000000
129.000000 156.000000
138.000000 158.000000
147.000000 158.000000
237.000000 155.000000
230.000000 150.000000
221.000000 148.000000
212.000000 151.000000
205.000000 156.000000
213.000000 160.000000
222.000000 161.000000
230.000000 160.000000
139.000000 151.000000
220.000000 155.000000
169.000000 152.000000
166.000000 168.000000
162.000000 181.000000
156.000000 194.000000
152.000000 207.000000
164.000000 214.000000
178.000000 217.000000
192.000000 215.000000
205.000000 208.000000
201.000000 195.000000
196.000000 182.000000
194.000000 170.000000
192.000000 153.000000
209.000000 237.000000
197.000000 234.000000
187.000000 232.000000
178.000000 234.000000
168.000000 232.000000
156.000000 234.000000
143.000000 236.000000
151.000000 246.000000
160.000000 252.000000
170.000000 255.000000
182.000000 256.000000
192.000000 252.000000
200.000000 246.000000
