171.000000 48.000000
139.000000 54.000000
110.000000 70.000000
88.000000 94.000000
75.000000 123.000000
70.000000 155.000000
72.000000 190.000000
80.000000 222.000000
92.000000 254.000000
113.000000 283.000000
140.000000 304.000000
183.000000 313.000000
218.000000 300.000000
245.000000 276.000000
264.000000 247.000000
273.000000 214.000000
279.000000 181.000000
277.000000 148.000000
271.000000 117.000000
256.000000 88.000000
232.000000 66.000000
203.000000 52.000000
151.000000 115.000000
135.000000 110.000000
120.000000 109.000000
105.000000 112.000000
92.000000 121.000000
96.000000 130.000000
109.000000 125.000000
122.000000 123.000000
135.000000 123.000000
148.000000 126.000000
256.000000 114.000000
245.000000 107.000000
231.000000 105.000000
218.000000 107.000000
205.000000 112.000000
208.000000 123.000000
221.000000 119.000000
233.000000 117.000000
244.000000 119.000000
254.000000 123.000000
148.000000 152.000000
140.000000 144.000000
129.000000 140.000000
118.000000 142.000000
109.000000 148.000000
117.000000 154.000000
128.000000 157.000000
139.000000 156.000000
243.000000 144.000000
234.000000 139.000000
224.000000 138.000000
213.000000 142.000000
206.000000 150.000000
217.000000 153.000000
227.000000 153.000000
237.000000 150.000000
127.000000 147.000000
225.000000 144.000000
162.000000 146.000000
160.000000 166.000000
157.000000 182.000000
153.000000 196.000000
148.000000 212.000000
164.000000 220.000000
180.000000 223.000000
196.000000 219.000000
211.000000 210.000000
207.000000 196.000000
201.000000 182.000000
195.000000 164.000000
193.000000 146.000000
215.000000 253.000000
203.000000 247.000000
192.000000 243.000000
182.000000 248.000000
170.000000 244.000000
158.000000 250.000000
144.000000 257.000000
154.000000 265.000000
165.000000 271.000000
176.000000 274.000000
189.000000 274.000000
200.000000 268.000000
208.000000 261.000000
