175.000000 44.000000
141.000000 49.000000
110.000000 65.000000
86.000000 90.000000
71.000000 120.000000
65.000000 154.000000
66.000000 192.000000
70.000000 230.000000
83.000000 268.000000
107.000000 298.000000
139.000000 320.000000
180.000000 330.000000
219.000000 315.000000
244.000000 290.000000
266.000000 260.000000
276.000000 226.000000
282.000000 189.000000
285.000000 153.000000
280.000000 119.000000
264.000000 89.000000
239.000000 65.000000
209.000000 49.000000
152.000000 114.000000
136.000000 109.000000
121.000000 106.000000
106.000000 107.000000
94.000000 114.000000
96.000000 121.000000
108.000000 117.000000
122.000000 117.000000
136.000000 120.000000
150.000000 124.000000
262.000000 115.000000
249.000000 108.000000
235.000000 108.000000
222.000000 111.000000
210.000000 116.000000
213.000000 124.000000
225.000000 121.000000
237.000000 118.000000
249.000000 117.000000
259.000000 121.000000
152.000000 152.000000
142.000000 144.000000
130.000000 140.000000
119.000000 142.000000
111.000000 147.000000
119.000000 152.000000
131.000000 153.000000
142.000000 153.000000
247.000000 146.000000
237.000000 141.000000
226.000000 141.000000
217.000000 144.000000
210.000000 151.000000
219.000000 153.000000
229.000000 153.000000
239.000000 151.000000
128.000000 146.000000
228.000000 147.000000
166.000000 151.000000
163.000000 168.000000
158.000000 185.000000
151.000000 200.000000
148.000000 215.000000
163.000000 222.000000
183.000000 227.000000
200.000000 221.000000
214.000000 212.000000
210.000000 198.000000
203.000000 185.000000
198.000000 167.000000
195.000000 151.000000
220.000000 250.000000
206.000000 246.000000
193.000000 243.000000
182.000000 247.000000
171.000000 244.000000
157.000000 247.000000
139.000000 249.000000
148.000000 263.000000
160.000000 273.000000
174.000000 279.000000
189.000000 280.000000
201.000000 273.000000
211.000000 262.000000
