170.000000 71.000000
141.000000 78.000000
115.000000 93.000000
94.000000 116.000000
82.000000 143.000000
79.000000 173.000000
82.000000 205.000000
86.000000 237.000000
97.000000 266.000000
117.000000 290.000000
142.000000 310.000000
181.000000 318.000000
217.000000 309.000000
244.000000 286.000000
266.000000 258.000000
272.000000 227.000000
274.000000 194.000000
273.000000 162.000000
266.000000 133.000000
251.000000 106.000000
228.000000 86.000000
200.000000 74.000000
142.000000 127.000000
128.000000 124.000000
116.000000 124.000000
104.000000 125.000000
94.000000 131.000000
96.000000 139.000000
107.000000 135.000000
118.000000 135.000000
129.000000 135.000000
140.000000 136.000000
246.000000 123.000000
235.000000 118.000000
222.000000 118.000000
210.000000 120.000000
198.000000 125.000000
199.000000 134.000000
212.000000 130.000000
224.000000 128.000000
235.000000 128.000000
245.000000 131.000000
145.000000 162.000000
138.000000 156.000000
127.000000 153.000000
117.000000 154.000000
109.000000 160.000000
117.000000 163.000000
128.000000 165.000000
138.000000 164.000000
235.000000 153.000000
225.000000 149.000000
216.000000 149.000000
206.000000 152.000000
199.000000 159.000000
208.000000 160.000000
218.000000 161.000000
228.000000 158.000000
127.000000 158.000000
217.000000 154.000000
157.000000 157.000000
154.000000 173.000000
151.000000 187.000000
145.000000 201.000000
143.000000 217.000000
156.000000 224.000000
174.000000 228.000000
188.000000 223.000000
203.000000 214.000000
200.000000 200.000000
195.000000 187.000000
189.000000 172.000000
186.000000 156.000000
211.000000 256.000000
214.000000 241.000000
190.000000 240.000000
175.000000 239.000000
168.000000 239.000000
153.000000 237.000000
142.000000 258.000000
152.000000 266.000000
162.000000 272.000000
173.000000 275.000000
185.000000 275.000000
196.000000 270.000000
205.000000 263.000000
