152.000000 74.000000
124.000000 84.000000
100.000000 102.000000
82.000000 127.000000
74.000000 156.000000
74.000000 187.000000
81.000000 220.000000
90.000000 252.000000
105.000000 282.000000
130.000000 302.000000
160.000000 316.000000
198.000000 318.000000
227.000000 302.000000
250.000000 279.000000
269.000000 250.000000
270.000000 217.000000
269.000000 185.000000
265.000000 152.000000
255.000000 123.000000
237.000000 99.000000
212.000000 82.000000
183.000000 73.000000
142.000000 142.000000
131.000000 140.000000
118.000000 140.000000
106.000000 142.000000
94.000000 149.000000
97.000000 158.000000
110.000000 154.000000
121.000000 152.000000
131.000000 152.000000
141.000000 152.000000
240.000000 126.000000
230.000000 122.000000
218.000000 124.000000
205.000000 128.000000
193.000000 135.000000
196.000000 144.000000
209.000000 139.000000
220.000000 135.000000
230.000000 132.000000
239.000000 133.000000
149.000000 177.000000
140.000000 170.000000
129.000000 168.000000
119.000000 170.000000
111.000000 177.000000
119.000000 182.000000
130.000000 183.000000
140.000000 181.000000
233.000000 156.000000
224.000000 152.000000
214.000000 153.000000
204.000000 158.000000
198.000000 167.000000
208.000000 169.000000
218.000000 168.000000
228.000000 163.000000
127.000000 175.000000
214.000000 160.000000
160.000000 170.000000
160.000000 186.000000
158.000000 201.000000
155.000000 216.000000
153.000000 232.000000
167.000000 238.000000
185.000000 239.000000
201.000000 232.000000
213.000000 221.000000
206.000000 209.000000
199.000000 197.000000
191.000000 182.000000
186.000000 166.000000
222.000000 256.000000
210.000000 255.000000
198.000000 255.000000
189.000000 259.000000
180.000000 258.000000
167.000000 263.000000
153.000000 267.000000
161.000000 276.000000
172.000000 283.000000
186.000000 285.000000
199.000000 283.000000
209.000000 277.000000
216.000000 267.000000
