175.000000 19.000000
136.000000 23.000000
102.000000 40.000000
76.000000 65.000000
61.000000 100.000000
54.000000 135.000000
57.000000 179.000000
64.000000 221.000000
72.000000 256.000000
83.000000 285.000000
109.000000 315.000000
151.000000 336.000000
198.000000 324.000000
235.000000 301.000000
263.000000 274.000000
283.000000 243.000000
292.000000 196.000000
294.000000 154.000000
290.000000 114.000000
274.000000 78.000000
248.000000 48.000000
214.000000 28.000000
140.000000 118.000000
122.000000 110.000000
104.000000 105.000000
87.000000 103.000000
72.000000 107.000000
74.000000 115.000000
88.000000 113.000000
102.000000 116.000000
118.000000 120.000000
135.000000 127.000000
261.000000 119.000000
245.000000 113.000000
229.000000 111.000000
212.000000 113.000000
193.000000 117.000000
194.000000 128.000000
214.000000 125.000000
229.000000 123.000000
245.000000 123.000000
258.000000 127.000000
131.000000 154.000000
122.000000 141.000000
109.000000 135.000000
95.000000 136.000000
85.000000 144.000000
92.000000 152.000000
105.000000 157.000000
120.000000 157.000000
242.000000 154.000000
232.000000 145.000000
218.000000 143.000000
205.000000 147.000000
193.000000 157.000000
205.000000 162.000000
220.000000 163.000000
233.000000 161.000000
114.000000 145.000000
220.000000 152.000000
145.000000 151.000000
139.000000 168.000000
133.000000 184.000000
125.000000 200.000000
120.000000 219.000000
130.000000 228.000000
149.000000 232.000000
170.000000 228.000000
187.000000 223.000000
186.000000 206.000000
182.000000 189.000000
178.000000 170.000000
177.000000 153.000000
193.000000 269.000000
177.000000 260.000000
163.000000 255.000000
151.000000 258.000000
139.000000 253.000000
126.000000 258.000000
113.000000 264.000000
122.000000 275.000000
130.000000 283.000000
143.000000 289.000000
158.000000 289.000000
171.000000 284.000000
183.000000 278.000000
