176.000000 49.000000
139.000000 51.000000
98.000000 60.000000
82.000000 102.000000
76.000000 133.000000
72.000000 163.000000
76.000000 196.000000
82.000000 228.000000
95.000000 258.000000
116.000000 283.000000
140.000000 304.000000
173.000000 314.000000
204.000000 303.000000
229.000000 282.000000
250.000000 255.000000
261.000000 226.000000
265.000000 194.000000
267.000000 160.000000
268.000000 127.000000
259.000000 102.000000
241.000000 68.000000
212.000000 54.000000
150.000000 138.000000
136.000000 133.000000
121.000000 131.000000
106.000000 130.000000
93.000000 136.000000
95.000000 144.000000
108.000000 142.000000
121.000000 142.000000
134.000000 144.000000
148.000000 148.000000
248.000000 135.000000
235.000000 130.000000
221.000000 131.000000
208.000000 133.000000
193.000000 138.000000
195.000000 148.000000
210.000000 144.000000
223.000000 142.000000
235.000000 141.000000
246.000000 143.000000
145.000000 165.000000
137.000000 156.000000
126.000000 152.000000
114.000000 154.000000
105.000000 160.000000
113.000000 166.000000
125.000000 169.000000
136.000000 168.000000
237.000000 158.000000
228.000000 153.000000
218.000000 152.000000
207.000000 156.000000
200.000000 164.000000
210.000000 167.000000
221.000000 167.000000
231.000000 164.000000
124.000000 160.000000
219.000000 159.000000
158.000000 162.000000
156.000000 178.000000
153.000000 194.000000
148.000000 208.000000
144.000000 223.000000
156.000000 231.000000
174.000000 238.000000
191.000000 231.000000
202.000000 221.000000
198.000000 208.000000
192.000000 194.000000
187.000000 178.000000
185.000000 161.000000
210.000000 253.000000
196.000000 252.000000
183.000000 250.000000
174.000000 254.000000
165.000000 251.000000
151.000000 253.000000
135.000000 253.000000
146.000000 265.000000
156.000000 272.000000
168.000000 278.000000
180.000000 278.000000
191.000000 272.000000
200.000000 264.000000
