169.000000 55.000000
131.000000 63.000000
98.000000 77.000000
85.000000 103.000000
81.000000 142.000000
80.000000 170.000000
81.000000 200.000000
88.000000 229.000000
99.000000 257.000000
115.000000 284.000000
136.000000 305.000000
172.000000 319.000000
207.000000 306.000000
230.000000 282.000000
252.000000 260.000000
261.000000 227.000000
265.000000 201.000000
264.000000 167.000000
260.000000 136.000000
256.000000 108.000000
250.000000 82.000000
209.000000 62.000000
144.000000 135.000000
132.000000 130.000000
119.000000 127.000000
106.000000 128.000000
94.000000 136.000000
97.000000 144.000000
109.000000 141.000000
121.000000 141.000000
131.000000 142.000000
141.000000 145.000000
237.000000 131.000000
226.000000 124.000000
213.000000 123.000000
200.000000 127.000000
187.000000 133.000000
191.000000 143.000000
203.000000 138.000000
215.000000 135.000000
226.000000 136.000000
235.000000 139.000000
143.000000 170.000000
136.000000 162.000000
126.000000 158.000000
116.000000 159.000000
108.000000 165.000000
117.000000 170.000000
126.000000 172.000000
133.000000 171.000000
226.000000 161.000000
218.000000 156.000000
208.000000 155.000000
198.000000 159.000000
191.000000 168.000000
200.000000 170.000000
210.000000 169.000000
220.000000 167.000000
125.000000 164.000000
209.000000 162.000000
154.000000 165.000000
152.000000 182.000000
150.000000 197.000000
145.000000 210.000000
139.000000 225.000000
150.000000 233.000000
168.000000 238.000000
185.000000 232.000000
198.000000 221.000000
191.000000 208.000000
186.000000 195.000000
181.000000 181.000000
179.000000 164.000000
204.000000 255.000000
191.000000 251.000000
178.000000 250.000000
169.000000 253.000000
159.000000 251.000000
148.000000 254.000000
136.000000 256.000000
144.000000 265.000000
153.000000 272.000000
164.000000 277.000000
176.000000 276.000000
187.000000 272.000000
196.000000 265.000000
