181.000000 62.000000
144.000000 67.000000
119.000000 82.000000
98.000000 111.000000
88.000000 141.000000
87.000000 172.000000
87.000000 202.000000
92.000000 231.000000
102.000000 259.000000
121.000000 282.000000
145.000000 303.000000
180.000000 312.000000
215.000000 298.000000
237.000000 279.000000
251.000000 256.000000
259.000000 230.000000
264.000000 199.000000
265.000000 174.000000
265.000000 143.000000
254.000000 115.000000
237.000000 87.000000
214.000000 67.000000
157.000000 140.000000
143.000000 135.000000
129.000000 134.000000
115.000000 135.000000
103.000000 142.000000
106.000000 147.000000
116.000000 145.000000
129.000000 144.000000
142.000000 146.000000
154.000000 149.000000
250.000000 138.000000
238.000000 133.000000
225.000000 134.000000
213.000000 136.000000
200.000000 140.000000
202.000000 148.000000
215.000000 146.000000
227.000000 143.000000
237.000000 142.000000
247.000000 143.000000
154.000000 171.000000
146.000000 162.000000
136.000000 159.000000
127.000000 160.000000
118.000000 166.000000
125.000000 172.000000
135.000000 175.000000
146.000000 174.000000
238.000000 164.000000
230.000000 158.000000
220.000000 156.000000
210.000000 161.000000
203.000000 168.000000
212.000000 172.000000
223.000000 173.000000
232.000000 169.000000
136.000000 166.000000
220.000000 164.000000
165.000000 167.000000
162.000000 183.000000
159.000000 197.000000
154.000000 210.000000
150.000000 225.000000
163.000000 233.000000
179.000000 237.000000
194.000000 232.000000
205.000000 224.000000
202.000000 211.000000
197.000000 198.000000
193.000000 183.000000
191.000000 168.000000
212.000000 255.000000
198.000000 255.000000
188.000000 252.000000
179.000000 255.000000
169.000000 252.000000
157.000000 255.000000
144.000000 257.000000
153.000000 266.000000
162.000000 272.000000
173.000000 276.000000
185.000000 276.000000
195.000000 271.000000
204.000000 264.000000
