181.000000 0.000000
142.000000 0.000000
84.000000 10.000000
72.000000 41.000000
64.000000 78.000000
62.000000 116.000000
61.000000 161.000000
66.000000 200.000000
73.000000 239.000000
95.000000 273.000000
121.000000 301.000000
166.000000 320.000000
209.000000 309.000000
245.000000 283.000000
268.000000 251.000000
282.000000 212.000000
292.000000 172.000000
290.000000 129.000000
289.000000 90.000000
275.000000 53.000000
268.000000 20.000000
231.000000 4.000000
142.000000 88.000000
125.000000 83.000000
109.000000 79.000000
92.000000 78.000000
74.000000 83.000000
76.000000 94.000000
92.000000 92.000000
109.000000 93.000000
122.000000 96.000000
138.000000 100.000000
272.000000 93.000000
258.000000 85.000000
240.000000 83.000000
220.000000 85.000000
201.000000 89.000000
202.000000 101.000000
222.000000 99.000000
240.000000 97.000000
256.000000 98.000000
269.000000 102.000000
137.000000 124.000000
128.000000 112.000000
114.000000 106.000000
99.000000 107.000000
89.000000 115.000000
99.000000 124.000000
111.000000 127.000000
124.000000 127.000000
251.000000 122.000000
242.000000 113.000000
228.000000 111.000000
216.000000 115.000000
205.000000 126.000000
218.000000 131.000000
231.000000 131.000000
243.000000 130.000000
111.000000 115.000000
230.000000 120.000000
153.000000 116.000000
150.000000 137.000000
146.000000 157.000000
140.000000 175.000000
137.000000 194.000000
150.000000 205.000000
166.000000 212.000000
184.000000 207.000000
201.000000 198.000000
198.000000 180.000000
194.000000 162.000000
189.000000 138.000000
189.000000 118.000000
206.000000 243.000000
192.000000 236.000000
179.000000 232.000000
167.000000 237.000000
153.000000 231.000000
139.000000 235.000000
127.000000 239.000000
137.000000 251.000000
146.000000 260.000000
159.000000 266.000000
175.000000 267.000000
188.000000 261.000000
197.000000 254.000000
