178.000000 62.000000
133.000000 66.000000
107.000000 83.000000
94.000000 109.000000
88.000000 139.000000
86.000000 169.000000
87.000000 199.000000
91.000000 228.000000
102.000000 256.000000
122.000000 276.000000
148.000000 294.000000
180.000000 301.000000
210.000000 290.000000
230.000000 272.000000
251.000000 251.000000
262.000000 224.000000
265.000000 197.000000
268.000000 164.000000
268.000000 137.000000
263.000000 109.000000
251.000000 84.000000
221.000000 63.000000
156.000000 146.000000
143.000000 142.000000
129.000000 140.000000
117.000000 139.000000
105.000000 143.000000
107.000000 149.000000
118.000000 148.000000
130.000000 149.000000
142.000000 151.000000
154.000000 154.000000
249.000000 140.000000
235.000000 137.000000
223.000000 139.000000
211.000000 141.000000
199.000000 146.000000
201.000000 153.000000
213.000000 150.000000
225.000000 147.000000
236.000000 146.000000
247.000000 147.000000
154.000000 172.000000
148.000000 165.000000
139.000000 161.000000
129.000000 162.000000
121.000000 166.000000
126.000000 171.000000
136.000000 174.000000
147.000000 174.000000
234.000000 165.000000
225.000000 159.000000
215.000000 160.000000
207.000000 164.000000
201.000000 171.000000
209.000000 173.000000
219.000000 174.000000
229.000000 170.000000
137.000000 167.000000
218.000000 166.000000
166.000000 169.000000
162.000000 184.000000
159.000000 197.000000
154.000000 210.000000
151.000000 223.000000
164.000000 231.000000
178.000000 235.000000
193.000000 230.000000
205.000000 221.000000
201.000000 209.000000
196.000000 196.000000
192.000000 184.000000
189.000000 169.000000
208.000000 252.000000
198.000000 250.000000
188.000000 248.000000
179.000000 251.000000
169.000000 249.000000
159.000000 251.000000
146.000000 252.000000
154.000000 259.000000
163.000000 266.000000
174.000000 269.000000
185.000000 269.000000
194.000000 265.000000
202.000000 259.000000
