175.000000 51.000000
138.000000 58.000000
104.000000 74.000000
88.000000 109.000000
77.000000 142.000000
73.000000 174.000000
73.000000 208.000000
80.000000 243.000000
94.000000 277.000000
115.000000 301.000000
145.000000 319.000000
182.000000 327.000000
218.000000 316.000000
246.000000 294.000000
269.000000 266.000000
282.000000 235.000000
283.000000 197.000000
281.000000 167.000000
278.000000 134.000000
267.000000 101.000000
250.000000 74.000000
215.000000 55.000000
152.000000 128.000000
139.000000 124.000000
125.000000 121.000000
111.000000 122.000000
97.000000 129.000000
99.000000 137.000000
113.000000 134.000000
127.000000 134.000000
139.000000 135.000000
151.000000 138.000000
256.000000 124.000000
243.000000 119.000000
230.000000 120.000000
216.000000 123.000000
203.000000 128.000000
206.000000 137.000000
219.000000 133.000000
232.000000 131.000000
244.000000 130.000000
254.000000 132.000000
150.000000 164.000000
143.000000 156.000000
132.000000 153.000000
121.000000 154.000000
112.000000 159.000000
120.000000 165.000000
129.000000 167.000000
139.000000 166.000000
245.000000 156.000000
235.000000 150.000000
225.000000 149.000000
215.000000 153.000000
208.000000 161.000000
217.000000 164.000000
227.000000 165.000000
238.000000 162.000000
131.000000 159.000000
225.000000 157.000000
163.000000 159.000000
161.000000 176.000000
158.000000 192.000000
153.000000 207.000000
149.000000 224.000000
165.000000 232.000000
182.000000 235.000000
197.000000 231.000000
212.000000 221.000000
207.000000 206.000000
202.000000 192.000000
197.000000 176.000000
194.000000 159.000000
221.000000 259.000000
207.000000 256.000000
194.000000 252.000000
183.000000 256.000000
171.000000 253.000000
158.000000 257.000000
143.000000 261.000000
153.000000 272.000000
164.000000 279.000000
177.000000 283.000000
191.000000 283.000000
203.000000 278.000000
213.000000 269.000000
