191.000000 67.000000
152.000000 65.000000
118.000000 69.000000
101.000000 93.000000
97.000000 130.000000
93.000000 160.000000
94.000000 192.000000
98.000000 224.000000
105.000000 255.000000
127.000000 279.000000
154.000000 296.000000
187.000000 305.000000
219.000000 295.000000
243.000000 277.000000
265.000000 252.000000
270.000000 222.000000
272.000000 189.000000
272.000000 160.000000
271.000000 131.000000
266.000000 103.000000
255.000000 82.000000
227.000000 66.000000
162.000000 124.000000
150.000000 120.000000
137.000000 117.000000
123.000000 117.000000
112.000000 124.000000
114.000000 131.000000
125.000000 127.000000
138.000000 128.000000
150.000000 131.000000
162.000000 134.000000
259.000000 124.000000
247.000000 117.000000
234.000000 116.000000
221.000000 119.000000
210.000000 124.000000
212.000000 133.000000
224.000000 129.000000
236.000000 126.000000
247.000000 126.000000
256.000000 129.000000
162.000000 157.000000
154.000000 149.000000
144.000000 144.000000
134.000000 146.000000
126.000000 151.000000
134.000000 157.000000
142.000000 159.000000
151.000000 159.000000
245.000000 152.000000
237.000000 146.000000
226.000000 144.000000
217.000000 148.000000
209.000000 156.000000
219.000000 158.000000
228.000000 159.000000
239.000000 157.000000
143.000000 151.000000
226.000000 151.000000
173.000000 153.000000
171.000000 168.000000
169.000000 181.000000
164.000000 195.000000
159.000000 209.000000
172.000000 214.000000
186.000000 217.000000
201.000000 215.000000
213.000000 208.000000
209.000000 196.000000
204.000000 182.000000
201.000000 169.000000
199.000000 153.000000
221.000000 243.000000
208.000000 239.000000
196.000000 236.000000
186.000000 239.000000
177.000000 236.000000
164.000000 240.000000
150.000000 244.000000
159.000000 254.000000
170.000000 260.000000
181.000000 263.000000
192.000000 263.000000
203.000000 260.000000
213.000000 252.000000
