180.000000 41.000000
128.000000 45.000000
98.000000 66.000000
90.000000 103.000000
83.000000 138.000000
83.000000 168.000000
84.000000 201.000000
88.000000 233.000000
98.000000 264.000000
118.000000 290.000000
144.000000 311.000000
181.000000 322.000000
216.000000 309.000000
244.000000 286.000000
266.000000 256.000000
270.000000 227.000000
275.000000 197.000000
276.000000 165.000000
274.000000 133.000000
268.000000 100.000000
256.000000 71.000000
228.000000 47.000000
153.000000 140.000000
141.000000 136.000000
128.000000 134.000000
116.000000 134.000000
104.000000 139.000000
105.000000 147.000000
118.000000 145.000000
129.000000 145.000000
140.000000 146.000000
151.000000 148.000000
254.000000 136.000000
243.000000 131.000000
230.000000 131.000000
217.000000 133.000000
205.000000 138.000000
207.000000 146.000000
218.000000 142.000000
230.000000 140.000000
242.000000 140.000000
251.000000 142.000000
156.000000 169.000000
149.000000 161.000000
137.000000 157.000000
127.000000 158.000000
118.000000 164.000000
126.000000 169.000000
137.000000 171.000000
147.000000 171.000000
241.000000 160.000000
232.000000 154.000000
222.000000 154.000000
212.000000 157.000000
206.000000 165.000000
215.000000 168.000000
225.000000 169.000000
235.000000 166.000000
136.000000 163.000000
223.000000 160.000000
167.000000 164.000000
165.000000 180.000000
162.000000 196.000000
156.000000 210.000000
151.000000 225.000000
163.000000 233.000000
181.000000 237.000000
198.000000 233.000000
210.000000 223.000000
206.000000 209.000000
200.000000 196.000000
195.000000 180.000000
192.000000 163.000000
216.000000 258.000000
203.000000 255.000000
191.000000 253.000000
182.000000 256.000000
172.000000 254.000000
160.000000 257.000000
146.000000 259.000000
156.000000 267.000000
166.000000 273.000000
176.000000 277.000000
188.000000 276.000000
198.000000 273.000000
206.000000 267.000000
