179.000000 80.000000
137.000000 81.000000
105.000000 88.000000
88.000000 115.000000
84.000000 152.000000
79.000000 182.000000
81.000000 213.000000
88.000000 242.000000
98.000000 269.000000
118.000000 291.000000
141.000000 310.000000
176.000000 321.000000
210.000000 311.000000
238.000000 293.000000
254.000000 270.000000
263.000000 243.000000
270.000000 214.000000
271.000000 183.000000
267.000000 154.000000
261.000000 121.000000
250.000000 90.000000
215.000000 81.000000
151.000000 152.000000
138.000000 148.000000
126.000000 146.000000
114.000000 146.000000
102.000000 150.000000
105.000000 158.000000
116.000000 156.000000
126.000000 156.000000
137.000000 158.000000
148.000000 160.000000
248.000000 149.000000
236.000000 145.000000
225.000000 145.000000
212.000000 147.000000
199.000000 152.000000
201.000000 160.000000
214.000000 157.000000
226.000000 155.000000
236.000000 155.000000
246.000000 156.000000
149.000000 180.000000
143.000000 172.000000
134.000000 169.000000
125.000000 171.000000
117.000000 176.000000
122.000000 181.000000
132.000000 183.000000
142.000000 183.000000
234.000000 177.000000
228.000000 171.000000
218.000000 169.000000
209.000000 172.000000
201.000000 179.000000
210.000000 182.000000
219.000000 183.000000
227.000000 181.000000
133.000000 176.000000
217.000000 175.000000
160.000000 173.000000
158.000000 188.000000
155.000000 201.000000
150.000000 215.000000
145.000000 230.000000
158.000000 236.000000
174.000000 239.000000
190.000000 236.000000
203.000000 230.000000
199.000000 216.000000
194.000000 203.000000
190.000000 189.000000
188.000000 173.000000
207.000000 262.000000
194.000000 258.000000
184.000000 255.000000
175.000000 259.000000
165.000000 255.000000
154.000000 259.000000
143.000000 262.000000
151.000000 271.000000
159.000000 276.000000
169.000000 279.000000
181.000000 280.000000
190.000000 276.000000
199.000000 270.000000
