180.000000 71.000000
144.000000 74.000000
113.000000 85.000000
97.000000 109.000000
87.000000 141.000000
82.000000 172.000000
81.000000 204.000000
85.000000 237.000000
92.000000 270.000000
115.000000 298.000000
143.000000 313.000000
182.000000 322.000000
218.000000 313.000000
245.000000 295.000000
265.000000 270.000000
272.000000 240.000000
276.000000 208.000000
278.000000 176.000000
276.000000 146.000000
266.000000 117.000000
256.000000 89.000000
223.000000 74.000000
157.000000 138.000000
144.000000 133.000000
130.000000 129.000000
117.000000 129.000000
104.000000 135.000000
106.000000 141.000000
118.000000 138.000000
131.000000 139.000000
143.000000 142.000000
155.000000 145.000000
260.000000 140.000000
249.000000 134.000000
236.000000 133.000000
222.000000 136.000000
209.000000 141.000000
211.000000 148.000000
224.000000 145.000000
237.000000 143.000000
248.000000 142.000000
258.000000 145.000000
156.000000 172.000000
150.000000 163.000000
139.000000 159.000000
129.000000 159.000000
120.000000 163.000000
128.000000 169.000000
136.000000 172.000000
145.000000 172.000000
243.000000 166.000000
235.000000 161.000000
226.000000 160.000000
216.000000 163.000000
209.000000 170.000000
218.000000 173.000000
228.000000 174.000000
237.000000 172.000000
138.000000 165.000000
225.000000 167.000000
169.000000 166.000000
167.000000 182.000000
163.000000 197.000000
158.000000 212.000000
154.000000 227.000000
168.000000 233.000000
182.000000 237.000000
196.000000 234.000000
210.000000 227.000000
206.000000 212.000000
201.000000 199.000000
197.000000 182.000000
195.000000 166.000000
212.000000 267.000000
202.000000 261.000000
193.000000 256.000000
182.000000 259.000000
171.000000 257.000000
161.000000 260.000000
152.000000 266.000000
157.000000 273.000000
166.000000 278.000000
176.000000 281.000000
187.000000 281.000000
197.000000 278.000000
205.000000 272.000000
