172.000000 77.000000
142.000000 84.000000
114.000000 99.000000
90.000000 121.000000
80.000000 151.000000
77.000000 182.000000
79.000000 215.000000
86.000000 247.000000
99.000000 277.000000
120.000000 304.000000
145.000000 323.000000
181.000000 334.000000
218.000000 322.000000
248.000000 299.000000
269.000000 269.000000
277.000000 237.000000
280.000000 205.000000
277.000000 173.000000
271.000000 142.000000
255.000000 115.000000
232.000000 94.000000
203.000000 81.000000
146.000000 141.000000
131.000000 137.000000
117.000000 135.000000
104.000000 140.000000
91.000000 148.000000
95.000000 156.000000
107.000000 150.000000
119.000000 147.000000
131.000000 147.000000
143.000000 150.000000
247.000000 140.000000
234.000000 132.000000
220.000000 129.000000
206.000000 132.000000
193.000000 138.000000
197.000000 147.000000
209.000000 142.000000
222.000000 140.000000
234.000000 142.000000
245.000000 147.000000
144.000000 178.000000
136.000000 170.000000
125.000000 167.000000
116.000000 169.000000
108.000000 175.000000
116.000000 179.000000
126.000000 180.000000
135.000000 179.000000
234.000000 167.000000
225.000000 163.000000
215.000000 162.000000
206.000000 166.000000
198.000000 173.000000
207.000000 175.000000
217.000000 175.000000
227.000000 172.000000
127.000000 173.000000
217.000000 168.000000
156.000000 172.000000
154.000000 189.000000
152.000000 205.000000
146.000000 219.000000
142.000000 235.000000
156.000000 243.000000
172.000000 245.000000
188.000000 240.000000
203.000000 231.000000
198.000000 217.000000
192.000000 202.000000
187.000000 187.000000
185.000000 170.000000
214.000000 264.000000
198.000000 261.000000
185.000000 259.000000
174.000000 263.000000
162.000000 261.000000
150.000000 264.000000
138.000000 267.000000
148.000000 277.000000
158.000000 285.000000
170.000000 289.000000
183.000000 288.000000
195.000000 283.000000
205.000000 275.000000
