179.000000 42.000000
139.000000 46.000000
111.000000 61.000000
94.000000 97.000000
86.000000 139.000000
82.000000 168.000000
80.000000 200.000000
81.000000 235.000000
95.000000 263.000000
114.000000 287.000000
141.000000 305.000000
180.000000 318.000000
221.000000 305.000000
248.000000 284.000000
263.000000 259.000000
272.000000 231.000000
273.000000 198.000000
270.000000 164.000000
265.000000 135.000000
256.000000 106.000000
241.000000 70.000000
216.000000 48.000000
151.000000 137.000000
138.000000 133.000000
126.000000 132.000000
115.000000 133.000000
104.000000 137.000000
106.000000 144.000000
116.000000 141.000000
127.000000 141.000000
137.000000 143.000000
149.000000 146.000000
243.000000 135.000000
232.000000 131.000000
221.000000 130.000000
209.000000 133.000000
198.000000 137.000000
200.000000 145.000000
212.000000 141.000000
223.000000 139.000000
232.000000 138.000000
241.000000 140.000000
150.000000 167.000000
143.000000 160.000000
133.000000 156.000000
124.000000 158.000000
116.000000 164.000000
122.000000 168.000000
132.000000 170.000000
142.000000 170.000000
234.000000 162.000000
227.000000 157.000000
218.000000 156.000000
210.000000 160.000000
203.000000 166.000000
212.000000 169.000000
220.000000 169.000000
229.000000 167.000000
133.000000 163.000000
219.000000 162.000000
162.000000 164.000000
160.000000 178.000000
156.000000 192.000000
152.000000 204.000000
152.000000 216.000000
166.000000 219.000000
177.000000 222.000000
190.000000 219.000000
203.000000 214.000000
201.000000 203.000000
196.000000 192.000000
192.000000 177.000000
189.000000 163.000000
212.000000 247.000000
199.000000 241.000000
188.000000 237.000000
179.000000 240.000000
170.000000 237.000000
158.000000 242.000000
146.000000 248.000000
155.000000 256.000000
164.000000 261.000000
174.000000 264.000000
185.000000 264.000000
194.000000 260.000000
202.000000 254.000000
