172.000000 54.000000
133.000000 59.000000
101.000000 69.000000
84.000000 96.000000
77.000000 131.000000
73.000000 161.000000
75.000000 193.000000
80.000000 223.000000
90.000000 253.000000
111.000000 277.000000
136.000000 295.000000
170.000000 303.000000
207.000000 293.000000
241.000000 275.000000
263.000000 253.000000
272.000000 224.000000
274.000000 186.000000
275.000000 153.000000
269.000000 121.000000
260.000000 92.000000
239.000000 67.000000
207.000000 58.000000
148.000000 127.000000
135.000000 125.000000
123.000000 124.000000
111.000000 125.000000
99.000000 132.000000
101.000000 138.000000
113.000000 134.000000
124.000000 134.000000
135.000000 135.000000
148.000000 137.000000
245.000000 132.000000
234.000000 125.000000
221.000000 123.000000
207.000000 125.000000
194.000000 128.000000
196.000000 137.000000
209.000000 134.000000
222.000000 133.000000
233.000000 134.000000
243.000000 138.000000
148.000000 160.000000
141.000000 152.000000
130.000000 148.000000
119.000000 150.000000
111.000000 156.000000
119.000000 162.000000
128.000000 164.000000
138.000000 163.000000
232.000000 155.000000
223.000000 149.000000
213.000000 147.000000
203.000000 151.000000
195.000000 159.000000
205.000000 162.000000
216.000000 163.000000
226.000000 161.000000
128.000000 155.000000
213.000000 154.000000
159.000000 154.000000
156.000000 169.000000
153.000000 182.000000
148.000000 196.000000
144.000000 211.000000
157.000000 215.000000
171.000000 218.000000
187.000000 215.000000
200.000000 209.000000
196.000000 196.000000
190.000000 183.000000
186.000000 169.000000
184.000000 154.000000
205.000000 243.000000
193.000000 240.000000
182.000000 236.000000
173.000000 240.000000
160.000000 237.000000
149.000000 241.000000
136.000000 244.000000
146.000000 253.000000
155.000000 259.000000
166.000000 262.000000
178.000000 262.000000
189.000000 258.000000
197.000000 252.000000
