182.000000 56.000000
145.000000 58.000000
111.000000 63.000000
96.000000 94.000000
89.000000 129.000000
85.000000 166.000000
86.000000 197.000000
90.000000 229.000000
98.000000 261.000000
119.000000 289.000000
145.000000 309.000000
183.000000 318.000000
215.000000 306.000000
245.000000 286.000000
265.000000 260.000000
270.000000 229.000000
271.000000 198.000000
274.000000 167.000000
272.000000 138.000000
267.000000 106.000000
257.000000 70.000000
221.000000 59.000000
157.000000 131.000000
144.000000 127.000000
130.000000 125.000000
116.000000 126.000000
104.000000 132.000000
107.000000 139.000000
119.000000 137.000000
132.000000 137.000000
144.000000 139.000000
155.000000 141.000000
257.000000 133.000000
245.000000 127.000000
232.000000 126.000000
218.000000 129.000000
206.000000 132.000000
208.000000 140.000000
220.000000 138.000000
233.000000 137.000000
245.000000 137.000000
255.000000 139.000000
159.000000 166.000000
151.000000 159.000000
141.000000 154.000000
130.000000 155.000000
121.000000 160.000000
130.000000 166.000000
139.000000 168.000000
148.000000 167.000000
242.000000 161.000000
233.000000 156.000000
223.000000 156.000000
215.000000 159.000000
206.000000 165.000000
216.000000 168.000000
225.000000 168.000000
235.000000 166.000000
137.000000 160.000000
224.000000 162.000000
170.000000 162.000000
168.000000 178.000000
164.000000 193.000000
159.000000 207.000000
154.000000 220.000000
167.000000 227.000000
183.000000 232.000000
198.000000 227.000000
210.000000 220.000000
206.000000 207.000000
201.000000 194.000000
197.000000 179.000000
194.000000 163.000000
216.000000 255.000000
206.000000 251.000000
194.000000 250.000000
184.000000 253.000000
173.000000 250.000000
160.000000 252.000000
149.000000 257.000000
159.000000 268.000000
167.000000 271.000000
178.000000 275.000000
190.000000 275.000000
200.000000 269.000000
210.000000 263.000000
