173.000000 56.000000
137.000000 69.000000
109.000000 94.000000
93.000000 113.000000
87.000000 146.000000
91.000000 176.000000
100.000000 205.000000
104.000000 232.000000
116.000000 260.000000
132.000000 282.000000
152.000000 301.000000
181.000000 309.000000
210.000000 299.000000
237.000000 278.000000
261.000000 261.000000
273.000000 226.000000
271.000000 194.000000
270.000000 164.000000
263.000000 136.000000
253.000000 110.000000
245.000000 86.000000
221.000000 64.000000
154.000000 139.000000
140.000000 134.000000
128.000000 131.000000
115.000000 132.000000
105.000000 140.000000
108.000000 147.000000
119.000000 144.000000
129.000000 143.000000
140.000000 144.000000
152.000000 148.000000
245.000000 133.000000
233.000000 127.000000
221.000000 127.000000
209.000000 129.000000
194.000000 135.000000
196.000000 143.000000
211.000000 140.000000
223.000000 137.000000
233.000000 137.000000
243.000000 139.000000
150.000000 167.000000
144.000000 159.000000
136.000000 156.000000
127.000000 157.000000
118.000000 162.000000
124.000000 168.000000
133.000000 170.000000
143.000000 169.000000
232.000000 159.000000
225.000000 154.000000
215.000000 153.000000
206.000000 157.000000
198.000000 163.000000
207.000000 166.000000
217.000000 166.000000
226.000000 164.000000
136.000000 162.000000
217.000000 159.000000
161.000000 163.000000
159.000000 179.000000
156.000000 192.000000
152.000000 205.000000
147.000000 219.000000
159.000000 226.000000
174.000000 229.000000
190.000000 223.000000
201.000000 215.000000
196.000000 204.000000
190.000000 191.000000
186.000000 178.000000
184.000000 162.000000
211.000000 245.000000
198.000000 243.000000
186.000000 241.000000
176.000000 244.000000
166.000000 242.000000
156.000000 245.000000
145.000000 249.000000
153.000000 258.000000
162.000000 264.000000
172.000000 267.000000
183.000000 266.000000
193.000000 261.000000
202.000000 254.000000
