171.000000 52.000000
128.000000 57.000000
92.000000 73.000000
81.000000 105.000000
75.000000 141.000000
72.000000 172.000000
73.000000 204.000000
79.000000 233.000000
90.000000 260.000000
109.000000 284.000000
134.000000 304.000000
169.000000 314.000000
203.000000 305.000000
232.000000 288.000000
252.000000 264.000000
265.000000 239.000000
271.000000 208.000000
274.000000 175.000000
273.000000 142.000000
265.000000 110.000000
250.000000 77.000000
217.000000 58.000000
145.000000 138.000000
131.000000 135.000000
118.000000 132.000000
105.000000 133.000000
94.000000 139.000000
96.000000 146.000000
107.000000 143.000000
119.000000 143.000000
130.000000 144.000000
143.000000 146.000000
248.000000 139.000000
236.000000 135.000000
224.000000 135.000000
211.000000 137.000000
198.000000 140.000000
200.000000 148.000000
213.000000 145.000000
225.000000 144.000000
236.000000 143.000000
247.000000 146.000000
144.000000 169.000000
136.000000 161.000000
126.000000 158.000000
116.000000 159.000000
107.000000 164.000000
114.000000 170.000000
124.000000 171.000000
135.000000 171.000000
236.000000 166.000000
227.000000 160.000000
217.000000 158.000000
207.000000 161.000000
199.000000 168.000000
208.000000 171.000000
219.000000 172.000000
229.000000 171.000000
125.000000 164.000000
216.000000 165.000000
158.000000 163.000000
155.000000 179.000000
152.000000 192.000000
146.000000 206.000000
141.000000 220.000000
154.000000 228.000000
171.000000 232.000000
187.000000 228.000000
199.000000 221.000000
195.000000 207.000000
189.000000 194.000000
186.000000 181.000000
185.000000 165.000000
203.000000 255.000000
190.000000 250.000000
181.000000 246.000000
169.000000 248.000000
157.000000 246.000000
146.000000 250.000000
133.000000 254.000000
141.000000 264.000000
151.000000 272.000000
163.000000 276.000000
176.000000 276.000000
188.000000 272.000000
197.000000 264.000000
