182.000000 61.000000
143.000000 64.000000
109.000000 74.000000
98.000000 101.000000
89.000000 129.000000
87.000000 163.000000
87.000000 194.000000
92.000000 225.000000
99.000000 255.000000
114.000000 282.000000
138.000000 304.000000
182.000000 322.000000
229.000000 306.000000
254.000000 282.000000
265.000000 256.000000
270.000000 225.000000
271.000000 194.000000
271.000000 163.000000
270.000000 134.000000
265.000000 105.000000
250.000000 78.000000
223.000000 63.000000
161.000000 129.000000
147.000000 124.000000
133.000000 122.000000
119.000000 123.000000
107.000000 129.000000
110.000000 137.000000
121.000000 133.000000
133.000000 133.000000
146.000000 135.000000
158.000000 138.000000
253.000000 127.000000
242.000000 121.000000
231.000000 121.000000
219.000000 123.000000
205.000000 128.000000
208.000000 137.000000
221.000000 133.000000
232.000000 131.000000
242.000000 131.000000
251.000000 133.000000
155.000000 160.000000
148.000000 154.000000
138.000000 151.000000
129.000000 152.000000
121.000000 156.000000
127.000000 161.000000
137.000000 164.000000
147.000000 163.000000
240.000000 155.000000
233.000000 150.000000
224.000000 149.000000
215.000000 152.000000
207.000000 158.000000
215.000000 161.000000
225.000000 162.000000
234.000000 159.000000
138.000000 157.000000
223.000000 156.000000
168.000000 155.000000
165.000000 170.000000
161.000000 184.000000
156.000000 196.000000
152.000000 211.000000
167.000000 217.000000
183.000000 219.000000
197.000000 217.000000
210.000000 210.000000
207.000000 197.000000
201.000000 185.000000
196.000000 170.000000
194.000000 155.000000
214.000000 245.000000
202.000000 241.000000
192.000000 237.000000
183.000000 240.000000
174.000000 237.000000
163.000000 241.000000
149.000000 246.000000
157.000000 253.000000
167.000000 257.000000
177.000000 259.000000
189.000000 259.000000
198.000000 255.000000
206.000000 250.000000
