185.000000 37.000000
143.000000 44.000000
110.000000 63.000000
88.000000 98.000000
83.000000 133.000000
82.000000 167.000000
86.000000 199.000000
90.000000 230.000000
100.000000 261.000000
125.000000 284.000000
156.000000 299.000000
193.000000 305.000000
226.000000 293.000000
251.000000 274.000000
267.000000 250.000000
274.000000 221.000000
279.000000 190.000000
278.000000 158.000000
274.000000 127.000000
267.000000 96.000000
255.000000 64.000000
224.000000 43.000000
162.000000 132.000000
149.000000 130.000000
135.000000 130.000000
122.000000 133.000000
111.000000 139.000000
116.000000 148.000000
124.000000 143.000000
137.000000 140.000000
149.000000 141.000000
160.000000 141.000000
256.000000 135.000000
247.000000 129.000000
234.000000 126.000000
219.000000 127.000000
207.000000 131.000000
209.000000 139.000000
219.000000 137.000000
231.000000 138.000000
242.000000 141.000000
254.000000 146.000000
159.000000 160.000000
152.000000 153.000000
142.000000 151.000000
133.000000 153.000000
125.000000 158.000000
132.000000 164.000000
141.000000 166.000000
150.000000 164.000000
246.000000 155.000000
237.000000 149.000000
227.000000 148.000000
217.000000 152.000000
210.000000 160.000000
220.000000 162.000000
229.000000 163.000000
239.000000 161.000000
145.000000 157.000000
227.000000 155.000000
172.000000 156.000000
170.000000 171.000000
167.000000 184.000000
164.000000 198.000000
159.000000 213.000000
172.000000 220.000000
188.000000 224.000000
205.000000 219.000000
218.000000 210.000000
212.000000 196.000000
206.000000 183.000000
202.000000 171.000000
199.000000 155.000000
222.000000 246.000000
209.000000 242.000000
199.000000 240.000000
189.000000 243.000000
179.000000 241.000000
167.000000 245.000000
154.000000 251.000000
164.000000 259.000000
173.000000 266.000000
185.000000 269.000000
197.000000 269.000000
207.000000 263.000000
215.000000 255.000000
