170.000000 78.000000
130.000000 78.000000
97.000000 85.000000
77.000000 119.000000
73.000000 157.000000
74.000000 193.000000
76.000000 225.000000
83.000000 255.000000
97.000000 283.000000
117.000000 310.000000
140.000000 331.000000
175.000000 341.000000
207.000000 328.000000
229.000000 305.000000
250.000000 279.000000
264.000000 250.000000
270.000000 219.000000
271.000000 188.000000
271.000000 154.000000
265.000000 119.000000
245.000000 86.000000
207.000000 78.000000
145.000000 162.000000
132.000000 156.000000
117.000000 152.000000
102.000000 151.000000
88.000000 156.000000
90.000000 164.000000
103.000000 162.000000
117.000000 164.000000
130.000000 167.000000
143.000000 171.000000
247.000000 152.000000
234.000000 148.000000
220.000000 149.000000
206.000000 152.000000
192.000000 158.000000
195.000000 167.000000
209.000000 162.000000
222.000000 160.000000
234.000000 159.000000
246.000000 160.000000
142.000000 192.000000
134.000000 183.000000
123.000000 178.000000
112.000000 179.000000
103.000000 185.000000
112.000000 192.000000
122.000000 195.000000
132.000000 195.000000
235.000000 181.000000
225.000000 175.000000
213.000000 175.000000
203.000000 180.000000
196.000000 189.000000
206.000000 192.000000
218.000000 193.000000
229.000000 188.000000
123.000000 186.000000
215.000000 183.000000
155.000000 188.000000
152.000000 207.000000
149.000000 225.000000
144.000000 241.000000
139.000000 257.000000
153.000000 265.000000
170.000000 269.000000
187.000000 263.000000
201.000000 254.000000
196.000000 239.000000
190.000000 224.000000
185.000000 206.000000
182.000000 187.000000
207.000000 284.000000
193.000000 285.000000
181.000000 285.000000
171.000000 289.000000
160.000000 286.000000
148.000000 288.000000
134.000000 288.000000
143.000000 297.000000
154.000000 303.000000
166.000000 306.000000
179.000000 306.000000
190.000000 301.000000
199.000000 294.000000
