179.000000 73.000000
151.000000 76.000000
119.000000 87.000000
101.000000 111.000000
94.000000 138.000000
89.000000 165.000000
89.000000 198.000000
94.000000 227.000000
105.000000 255.000000
123.000000 278.000000
148.000000 294.000000
180.000000 300.000000
211.000000 292.000000
234.000000 275.000000
251.000000 254.000000
261.000000 228.000000
267.000000 198.000000
268.000000 168.000000
264.000000 140.000000
257.000000 114.000000
240.000000 93.000000
209.000000 77.000000
156.000000 132.000000
144.000000 128.000000
132.000000 126.000000
120.000000 127.000000
110.000000 133.000000
113.000000 138.000000
122.000000 135.000000
132.000000 134.000000
143.000000 137.000000
154.000000 140.000000
246.000000 131.000000
235.000000 127.000000
225.000000 127.000000
214.000000 129.000000
203.000000 134.000000
205.000000 141.000000
216.000000 138.000000
226.000000 136.000000
234.000000 135.000000
244.000000 137.000000
153.000000 166.000000
147.000000 158.000000
137.000000 155.000000
127.000000 156.000000
120.000000 161.000000
127.000000 166.000000
136.000000 168.000000
145.000000 168.000000
238.000000 161.000000
230.000000 156.000000
221.000000 155.000000
212.000000 158.000000
205.000000 164.000000
213.000000 168.000000
222.000000 169.000000
232.000000 166.000000
137.000000 161.000000
220.000000 162.000000
167.000000 161.000000
165.000000 176.000000
162.000000 188.000000
157.000000 200.000000
151.000000 214.000000
164.000000 221.000000
180.000000 225.000000
194.000000 221.000000
206.000000 213.000000
201.000000 201.000000
196.000000 188.000000
193.000000 177.000000
192.000000 161.000000
211.000000 249.000000
199.000000 245.000000
188.000000 241.000000
180.000000 244.000000
170.000000 242.000000
160.000000 246.000000
147.000000 251.000000
155.000000 257.000000
164.000000 261.000000
174.000000 263.000000
185.000000 263.000000
195.000000 260.000000
203.000000 255.000000
