180.000000 78.000000
148.000000 80.000000
120.000000 89.000000
98.000000 114.000000
91.000000 142.000000
90.000000 170.000000
91.000000 198.000000
97.000000 225.000000
107.000000 250.000000
122.000000 273.000000
144.000000 290.000000
174.000000 300.000000
207.000000 291.000000
232.000000 273.000000
249.000000 251.000000
258.000000 225.000000
263.000000 198.000000
265.000000 171.000000
266.000000 142.000000
261.000000 111.000000
244.000000 89.000000
215.000000 81.000000
153.000000 144.000000
141.000000 141.000000
131.000000 139.000000
120.000000 139.000000
109.000000 142.000000
111.000000 149.000000
121.000000 148.000000
130.000000 148.000000
140.000000 149.000000
150.000000 151.000000
241.000000 144.000000
231.000000 141.000000
220.000000 140.000000
209.000000 141.000000
199.000000 143.000000
200.000000 151.000000
210.000000 149.000000
221.000000 148.000000
230.000000 149.000000
240.000000 150.000000
153.000000 171.000000
147.000000 165.000000
137.000000 161.000000
127.000000 162.000000
120.000000 167.000000
128.000000 172.000000
135.000000 174.000000
144.000000 173.000000
231.000000 166.000000
222.000000 161.000000
213.000000 161.000000
205.000000 164.000000
199.000000 170.000000
207.000000 173.000000
217.000000 174.000000
226.000000 171.000000
137.000000 167.000000
215.000000 167.000000
164.000000 168.000000
162.000000 181.000000
158.000000 194.000000
153.000000 205.000000
148.000000 217.000000
158.000000 225.000000
174.000000 230.000000
189.000000 225.000000
200.000000 217.000000
196.000000 205.000000
192.000000 194.000000
189.000000 181.000000
187.000000 168.000000
204.000000 246.000000
192.000000 243.000000
182.000000 240.000000
174.000000 243.000000
165.000000 240.000000
155.000000 243.000000
144.000000 245.000000
151.000000 252.000000
159.000000 258.000000
168.000000 263.000000
180.000000 263.000000
189.000000 260.000000
198.000000 254.000000
