174.000000 60.000000
144.000000 65.000000
120.000000 78.000000
103.000000 101.000000
94.000000 130.000000
90.000000 157.000000
91.000000 187.000000
97.000000 217.000000
109.000000 246.000000
128.000000 271.000000
152.000000 290.000000
186.000000 299.000000
223.000000 288.000000
243.000000 265.000000
257.000000 240.000000
265.000000 212.000000
268.000000 181.000000
268.000000 154.000000
263.000000 126.000000
256.000000 97.000000
243.000000 73.000000
211.000000 62.000000
158.000000 129.000000
148.000000 124.000000
136.000000 121.000000
126.000000 121.000000
116.000000 124.000000
118.000000 132.000000
124.000000 131.000000
136.000000 131.000000
148.000000 133.000000
157.000000 136.000000
240.000000 121.000000
233.000000 121.000000
223.000000 121.000000
214.000000 123.000000
204.000000 130.000000
207.000000 135.000000
217.000000 132.000000
227.000000 129.000000
235.000000 128.000000
242.000000 128.000000
158.000000 157.000000
151.000000 148.000000
140.000000 145.000000
130.000000 147.000000
122.000000 153.000000
130.000000 159.000000
139.000000 160.000000
147.000000 159.000000
242.000000 151.000000
232.000000 144.000000
222.000000 142.000000
213.000000 146.000000
207.000000 156.000000
215.000000 157.000000
226.000000 158.000000
235.000000 155.000000
140.000000 152.000000
222.000000 151.000000
172.000000 154.000000
168.000000 167.000000
166.000000 179.000000
162.000000 195.000000
158.000000 208.000000
172.000000 215.000000
184.000000 217.000000
197.000000 216.000000
213.000000 205.000000
208.000000 192.000000
203.000000 181.000000
199.000000 166.000000
193.000000 152.000000
219.000000 242.000000
206.000000 236.000000
195.000000 233.000000
186.000000 236.000000
176.000000 233.000000
165.000000 238.000000
153.000000 246.000000
161.000000 250.000000
170.000000 255.000000
181.000000 258.000000
192.000000 258.000000
202.000000 254.000000
211.000000 248.000000
