171.000000 65.000000
132.000000 68.000000
105.000000 80.000000
94.000000 108.000000
85.000000 140.000000
79.000000 172.000000
82.000000 199.000000
90.000000 230.000000
103.000000 258.000000
118.000000 284.000000
137.000000 305.000000
169.000000 317.000000
209.000000 306.000000
234.000000 282.000000
249.000000 256.000000
258.000000 228.000000
264.000000 198.000000
261.000000 165.000000
256.000000 135.000000
250.000000 105.000000
241.000000 76.000000
214.000000 68.000000
137.000000 137.000000
129.000000 135.000000
117.000000 130.000000
104.000000 129.000000
93.000000 133.000000
98.000000 143.000000
106.000000 140.000000
117.000000 140.000000
128.000000 143.000000
139.000000 146.000000
246.000000 138.000000
233.000000 135.000000
221.000000 133.000000
208.000000 137.000000
196.000000 141.000000
198.000000 147.000000
210.000000 145.000000
223.000000 143.000000
234.000000 144.000000
246.000000 146.000000
138.000000 162.000000
135.000000 155.000000
122.000000 153.000000
111.000000 153.000000
103.000000 157.000000
112.000000 164.000000
121.000000 169.000000
131.000000 167.000000
237.000000 161.000000
224.000000 153.000000
212.000000 154.000000
202.000000 158.000000
195.000000 166.000000
205.000000 169.000000
216.000000 169.000000
226.000000 166.000000
127.000000 158.000000
214.000000 159.000000
153.000000 166.000000
150.000000 182.000000
147.000000 196.000000
143.000000 211.000000
135.000000 225.000000
150.000000 233.000000
167.000000 238.000000
181.000000 233.000000
197.000000 224.000000
192.000000 210.000000
188.000000 196.000000
185.000000 181.000000
183.000000 166.000000
203.000000 258.000000
190.000000 256.000000
180.000000 255.000000
170.000000 259.000000
158.000000 257.000000
148.000000 259.000000
137.000000 261.000000
146.000000 268.000000
154.000000 274.000000
164.000000 278.000000
176.000000 278.000000
185.000000 273.000000
194.000000 268.000000
