178.000000 77.000000
150.000000 82.000000
127.000000 95.000000
113.000000 119.000000
105.000000 143.000000
104.000000 170.000000
106.000000 198.000000
112.000000 226.000000
121.000000 251.000000
139.000000 271.000000
162.000000 284.000000
191.000000 288.000000
216.000000 281.000000
237.000000 265.000000
252.000000 244.000000
257.000000 218.000000
262.000000 192.000000
263.000000 165.000000
264.000000 140.000000
255.000000 114.000000
235.000000 94.000000
211.000000 82.000000
161.000000 135.000000
153.000000 132.000000
140.000000 130.000000
127.000000 131.000000
117.000000 137.000000
119.000000 144.000000
130.000000 140.000000
141.000000 140.000000
152.000000 142.000000
159.000000 143.000000
251.000000 135.000000
241.000000 129.000000
229.000000 128.000000
217.000000 131.000000
209.000000 135.000000
212.000000 142.000000
220.000000 140.000000
230.000000 138.000000
240.000000 138.000000
249.000000 140.000000
163.000000 165.000000
157.000000 158.000000
148.000000 155.000000
138.000000 157.000000
130.000000 165.000000
139.000000 168.000000
147.000000 170.000000
155.000000 168.000000
244.000000 161.000000
234.000000 153.000000
223.000000 153.000000
215.000000 157.000000
210.000000 163.000000
217.000000 167.000000
226.000000 168.000000
235.000000 165.000000
148.000000 162.000000
224.000000 160.000000
173.000000 160.000000
173.000000 173.000000
172.000000 185.000000
169.000000 198.000000
166.000000 210.000000
177.000000 216.000000
189.000000 218.000000
202.000000 215.000000
211.000000 208.000000
206.000000 196.000000
202.000000 184.000000
199.000000 172.000000
198.000000 159.000000
215.000000 240.000000
206.000000 234.000000
197.000000 230.000000
189.000000 231.000000
180.000000 231.000000
170.000000 237.000000
161.000000 243.000000
170.000000 249.000000
178.000000 252.000000
186.000000 254.000000
195.000000 254.000000
202.000000 250.000000
208.000000 245.000000
