174.000000 81.000000
142.000000 86.000000
121.000000 98.000000
103.000000 115.000000
90.000000 139.000000
88.000000 171.000000
88.000000 201.000000
93.000000 229.000000
104.000000 254.000000
123.000000 274.000000
146.000000 292.000000
176.000000 301.000000
209.000000 294.000000
232.000000 277.000000
249.000000 253.000000
259.000000 228.000000
263.000000 200.000000
262.000000 174.000000
260.000000 144.000000
249.000000 121.000000
231.000000 100.000000
207.000000 84.000000
156.000000 145.000000
143.000000 141.000000
130.000000 139.000000
117.000000 138.000000
107.000000 144.000000
109.000000 151.000000
119.000000 148.000000
129.000000 149.000000
142.000000 150.000000
154.000000 154.000000
245.000000 146.000000
235.000000 140.000000
223.000000 139.000000
210.000000 141.000000
197.000000 146.000000
199.000000 154.000000
212.000000 151.000000
224.000000 149.000000
234.000000 149.000000
243.000000 152.000000
153.000000 170.000000
149.000000 161.000000
138.000000 157.000000
127.000000 160.000000
116.000000 168.000000
127.000000 171.000000
136.000000 173.000000
145.000000 173.000000
234.000000 169.000000
224.000000 161.000000
214.000000 159.000000
204.000000 162.000000
198.000000 169.000000
206.000000 172.000000
216.000000 173.000000
224.000000 171.000000
139.000000 165.000000
213.000000 165.000000
163.000000 166.000000
160.000000 180.000000
157.000000 192.000000
152.000000 204.000000
149.000000 218.000000
161.000000 225.000000
173.000000 226.000000
186.000000 224.000000
200.000000 218.000000
197.000000 206.000000
192.000000 193.000000
188.000000 181.000000
186.000000 166.000000
207.000000 248.000000
194.000000 245.000000
183.000000 242.000000
175.000000 245.000000
166.000000 243.000000
155.000000 246.000000
144.000000 250.000000
151.000000 257.000000
160.000000 262.000000
170.000000 264.000000
180.000000 264.000000
190.000000 260.000000
200.000000 255.000000
