181.000000 68.000000
143.000000 73.000000
115.000000 84.000000
92.000000 108.000000
82.000000 139.000000
76.000000 171.000000
77.000000 207.000000
81.000000 239.000000
90.000000 271.000000
110.000000 299.000000
139.000000 318.000000
179.000000 330.000000
218.000000 323.000000
246.000000 305.000000
268.000000 279.000000
275.000000 246.000000
279.000000 212.000000
279.000000 177.000000
278.000000 141.000000
268.000000 109.000000
253.000000 81.000000
226.000000 70.000000
153.000000 139.000000
141.000000 133.000000
128.000000 131.000000
113.000000 133.000000
101.000000 141.000000
106.000000 148.000000
116.000000 142.000000
128.000000 141.000000
140.000000 143.000000
150.000000 144.000000
259.000000 144.000000
246.000000 137.000000
233.000000 135.000000
221.000000 138.000000
210.000000 143.000000
213.000000 150.000000
224.000000 147.000000
234.000000 145.000000
245.000000 146.000000
256.000000 149.000000
153.000000 172.000000
146.000000 164.000000
134.000000 160.000000
122.000000 163.000000
113.000000 170.000000
123.000000 175.000000
134.000000 176.000000
145.000000 174.000000
247.000000 172.000000
238.000000 165.000000
226.000000 162.000000
217.000000 166.000000
211.000000 172.000000
220.000000 176.000000
230.000000 178.000000
238.000000 176.000000
137.000000 166.000000
226.000000 169.000000
167.000000 167.000000
166.000000 184.000000
162.000000 199.000000
157.000000 213.000000
151.000000 227.000000
162.000000 234.000000
179.000000 239.000000
196.000000 236.000000
209.000000 228.000000
203.000000 214.000000
198.000000 200.000000
195.000000 184.000000
195.000000 168.000000
214.000000 265.000000
201.000000 260.000000
188.000000 255.000000
175.000000 258.000000
166.000000 254.000000
155.000000 259.000000
143.000000 266.000000
153.000000 272.000000
161.000000 279.000000
172.000000 284.000000
185.000000 283.000000
196.000000 279.000000
205.000000 272.000000
