154.000000 56.000000
120.000000 64.000000
89.000000 81.000000
73.000000 109.000000
71.000000 145.000000
77.000000 177.000000
82.000000 210.000000
92.000000 240.000000
108.000000 267.000000
134.000000 285.000000
161.000000 295.000000
195.000000 295.000000
223.000000 280.000000
244.000000 259.000000
260.000000 233.000000
268.000000 206.000000
267.000000 169.000000
264.000000 136.000000
256.000000 107.000000
242.000000 87.000000
221.000000 68.000000
192.000000 57.000000
139.000000 135.000000
132.000000 132.000000
119.000000 132.000000
106.000000 135.000000
95.000000 145.000000
99.000000 151.000000
110.000000 145.000000
122.000000 144.000000
133.000000 143.000000
142.000000 144.000000
236.000000 119.000000
222.000000 112.000000
210.000000 114.000000
197.000000 119.000000
185.000000 126.000000
190.000000 134.000000
202.000000 129.000000
214.000000 125.000000
225.000000 124.000000
236.000000 127.000000
146.000000 167.000000
138.000000 161.000000
128.000000 160.000000
119.000000 163.000000
110.000000 172.000000
120.000000 174.000000
129.000000 173.000000
138.000000 170.000000
230.000000 149.000000
220.000000 143.000000
209.000000 145.000000
201.000000 149.000000
195.000000 156.000000
203.000000 157.000000
213.000000 157.000000
223.000000 155.000000
128.000000 166.000000
213.000000 151.000000
157.000000 160.000000
157.000000 174.000000
156.000000 187.000000
148.000000 198.000000
150.000000 215.000000
165.000000 218.000000
181.000000 218.000000
196.000000 211.000000
209.000000 202.000000
202.000000 190.000000
193.000000 181.000000
187.000000 169.000000
182.000000 155.000000
217.000000 232.000000
205.000000 231.000000
194.000000 231.000000
184.000000 236.000000
174.000000 236.000000
163.000000 241.000000
151.000000 244.000000
164.000000 250.000000
173.000000 252.000000
184.000000 253.000000
194.000000 249.000000
202.000000 244.000000
209.000000 240.000000
