175.000000 66.000000
137.000000 68.000000
114.000000 83.000000
100.000000 110.000000
90.000000 139.000000
88.000000 166.000000
88.000000 197.000000
92.000000 223.000000
100.000000 255.000000
118.000000 277.000000
142.000000 294.000000
175.000000 302.000000
206.000000 294.000000
228.000000 276.000000
251.000000 252.000000
259.000000 224.000000
264.000000 194.000000
264.000000 165.000000
259.000000 138.000000
250.000000 108.000000
236.000000 81.000000
210.000000 69.000000
148.000000 142.000000
139.000000 137.000000
128.000000 136.000000
119.000000 137.000000
108.000000 142.000000
112.000000 150.000000
119.000000 147.000000
131.000000 147.000000
139.000000 146.000000
148.000000 148.000000
244.000000 139.000000
233.000000 134.000000
223.000000 134.000000
211.000000 136.000000
200.000000 141.000000
203.000000 148.000000
212.000000 146.000000
221.000000 144.000000
230.000000 146.000000
241.000000 148.000000
150.000000 166.000000
144.000000 159.000000
135.000000 155.000000
126.000000 156.000000
115.000000 163.000000
124.000000 167.000000
133.000000 169.000000
143.000000 169.000000
237.000000 162.000000
225.000000 156.000000
215.000000 155.000000
206.000000 158.000000
200.000000 165.000000
207.000000 168.000000
217.000000 169.000000
227.000000 167.000000
137.000000 162.000000
216.000000 161.000000
162.000000 162.000000
160.000000 176.000000
156.000000 188.000000
151.000000 201.000000
147.000000 214.000000
164.000000 220.000000
173.000000 219.000000
187.000000 220.000000
202.000000 214.000000
199.000000 201.000000
193.000000 189.000000
190.000000 177.000000
187.000000 162.000000
205.000000 250.000000
193.000000 243.000000
184.000000 237.000000
173.000000 239.000000
163.000000 237.000000
155.000000 243.000000
144.000000 247.000000
150.000000 255.000000
159.000000 260.000000
169.000000 263.000000
181.000000 263.000000
190.000000 259.000000
198.000000 254.000000
