156.000000 56.000000
127.000000 71.000000
104.000000 92.000000
95.000000 122.000000
91.000000 151.000000
89.000000 178.000000
91.000000 208.000000
97.000000 237.000000
109.000000 265.000000
129.000000 288.000000
153.000000 306.000000
187.000000 313.000000
216.000000 299.000000
236.000000 276.000000
250.000000 251.000000
258.000000 221.000000
262.000000 193.000000
260.000000 164.000000
256.000000 131.000000
246.000000 98.000000
225.000000 70.000000
196.000000 56.000000
149.000000 140.000000
140.000000 139.000000
127.000000 138.000000
115.000000 141.000000
106.000000 146.000000
110.000000 154.000000
118.000000 151.000000
130.000000 151.000000
141.000000 151.000000
149.000000 152.000000
240.000000 132.000000
230.000000 129.000000
219.000000 126.000000
206.000000 130.000000
195.000000 138.000000
201.000000 146.000000
210.000000 141.000000
220.000000 140.000000
231.000000 140.000000
240.000000 139.000000
152.000000 171.000000
143.000000 166.000000
133.000000 163.000000
124.000000 166.000000
116.000000 172.000000
125.000000 177.000000
134.000000 179.000000
143.000000 177.000000
236.000000 161.000000
226.000000 156.000000
214.000000 154.000000
205.000000 158.000000
196.000000 167.000000
208.000000 170.000000
217.000000 170.000000
226.000000 167.000000
133.000000 170.000000
214.000000 162.000000
163.000000 169.000000
161.000000 185.000000
161.000000 199.000000
159.000000 210.000000
153.000000 225.000000
166.000000 232.000000
180.000000 235.000000
194.000000 231.000000
206.000000 221.000000
202.000000 209.000000
197.000000 197.000000
189.000000 181.000000
187.000000 168.000000
215.000000 256.000000
203.000000 251.000000
192.000000 248.000000
182.000000 252.000000
172.000000 250.000000
161.000000 254.000000
148.000000 260.000000
157.000000 267.000000
167.000000 272.000000
178.000000 275.000000
189.000000 274.000000
199.000000 269.000000
207.000000 262.000000
