178.000000 57.000000
143.000000 62.000000
115.000000 75.000000
103.000000 98.000000
90.000000 123.000000
85.000000 151.000000
88.000000 180.000000
92.000000 207.000000
100.000000 233.000000
115.000000 256.000000
135.000000 275.000000
173.000000 289.000000
212.000000 280.000000
229.000000 261.000000
248.000000 238.000000
257.000000 212.000000
262.000000 182.000000
265.000000 154.000000
261.000000 126.000000
252.000000 96.000000
240.000000 73.000000
211.000000 62.000000
153.000000 126.000000
140.000000 121.000000
127.000000 119.000000
115.000000 118.000000
104.000000 123.000000
106.000000 130.000000
116.000000 129.000000
127.000000 129.000000
139.000000 131.000000
150.000000 133.000000
241.000000 122.000000
229.000000 118.000000
218.000000 119.000000
206.000000 122.000000
194.000000 126.000000
195.000000 134.000000
208.000000 131.000000
219.000000 129.000000
229.000000 127.000000
239.000000 128.000000
150.000000 149.000000
143.000000 142.000000
134.000000 140.000000
126.000000 141.000000
119.000000 146.000000
126.000000 151.000000
133.000000 153.000000
142.000000 152.000000
229.000000 148.000000
222.000000 143.000000
212.000000 140.000000
203.000000 143.000000
196.000000 149.000000
203.000000 153.000000
214.000000 154.000000
223.000000 153.000000
133.000000 146.000000
211.000000 147.000000
161.000000 146.000000
158.000000 159.000000
154.000000 171.000000
149.000000 184.000000
144.000000 196.000000
155.000000 202.000000
171.000000 207.000000
186.000000 203.000000
198.000000 196.000000
194.000000 184.000000
189.000000 173.000000
186.000000 160.000000
184.000000 146.000000
201.000000 231.000000
189.000000 227.000000
180.000000 223.000000
171.000000 226.000000
162.000000 223.000000
152.000000 227.000000
142.000000 232.000000
149.000000 238.000000
156.000000 243.000000
165.000000 245.000000
176.000000 246.000000
185.000000 242.000000
193.000000 238.000000
