182.000000 50.000000
147.000000 51.000000
111.000000 57.000000
94.000000 91.000000
85.000000 129.000000
80.000000 156.000000
79.000000 186.000000
82.000000 217.000000
91.000000 247.000000
112.000000 270.000000
138.000000 288.000000
172.000000 295.000000
211.000000 287.000000
232.000000 267.000000
250.000000 245.000000
257.000000 216.000000
264.000000 186.000000
264.000000 158.000000
262.000000 125.000000
250.000000 90.000000
236.000000 67.000000
210.000000 52.000000
152.000000 128.000000
140.000000 124.000000
128.000000 122.000000
115.000000 121.000000
103.000000 126.000000
105.000000 133.000000
116.000000 131.000000
128.000000 132.000000
140.000000 134.000000
151.000000 137.000000
239.000000 128.000000
229.000000 124.000000
218.000000 123.000000
206.000000 125.000000
195.000000 129.000000
197.000000 137.000000
209.000000 134.000000
220.000000 132.000000
229.000000 132.000000
237.000000 134.000000
149.000000 153.000000
142.000000 146.000000
132.000000 143.000000
120.000000 145.000000
108.000000 150.000000
121.000000 155.000000
131.000000 156.000000
139.000000 156.000000
228.000000 151.000000
220.000000 146.000000
210.000000 145.000000
202.000000 147.000000
195.000000 154.000000
203.000000 157.000000
213.000000 158.000000
222.000000 156.000000
131.000000 148.000000
211.000000 151.000000
161.000000 150.000000
158.000000 164.000000
155.000000 176.000000
150.000000 190.000000
145.000000 204.000000
158.000000 210.000000
172.000000 213.000000
186.000000 211.000000
198.000000 204.000000
195.000000 192.000000
191.000000 180.000000
187.000000 166.000000
185.000000 151.000000
201.000000 240.000000
190.000000 234.000000
181.000000 229.000000
172.000000 233.000000
163.000000 229.000000
151.000000 233.000000
137.000000 239.000000
145.000000 247.000000
154.000000 253.000000
165.000000 257.000000
177.000000 257.000000
187.000000 253.000000
196.000000 247.000000
