178.000000 75.000000
152.000000 80.000000
128.000000 92.000000
109.000000 111.000000
97.000000 136.000000
94.000000 162.000000
94.000000 192.000000
100.000000 217.000000
110.000000 244.000000
128.000000 265.000000
153.000000 280.000000
185.000000 287.000000
213.000000 277.000000
234.000000 259.000000
248.000000 236.000000
256.000000 211.000000
263.000000 187.000000
265.000000 160.000000
261.000000 133.000000
258.000000 109.000000
235.000000 89.000000
205.000000 79.000000
161.000000 137.000000
150.000000 134.000000
139.000000 132.000000
127.000000 133.000000
117.000000 138.000000
119.000000 145.000000
129.000000 142.000000
139.000000 142.000000
149.000000 143.000000
159.000000 145.000000
247.000000 134.000000
237.000000 130.000000
226.000000 130.000000
216.000000 133.000000
205.000000 137.000000
207.000000 144.000000
217.000000 142.000000
227.000000 139.000000
237.000000 138.000000
246.000000 139.000000
161.000000 167.000000
154.000000 159.000000
144.000000 156.000000
135.000000 157.000000
128.000000 162.000000
135.000000 168.000000
143.000000 169.000000
152.000000 168.000000
237.000000 159.000000
230.000000 153.000000
221.000000 153.000000
213.000000 157.000000
208.000000 164.000000
215.000000 167.000000
224.000000 166.000000
232.000000 164.000000
143.000000 162.000000
221.000000 160.000000
173.000000 161.000000
173.000000 176.000000
171.000000 189.000000
167.000000 201.000000
161.000000 214.000000
171.000000 221.000000
185.000000 224.000000
199.000000 220.000000
208.000000 213.000000
203.000000 201.000000
199.000000 188.000000
196.000000 176.000000
195.000000 161.000000
209.000000 243.000000
199.000000 239.000000
192.000000 236.000000
185.000000 239.000000
177.000000 237.000000
167.000000 240.000000
155.000000 244.000000
164.000000 250.000000
172.000000 254.000000
180.000000 256.000000
189.000000 256.000000
197.000000 253.000000
203.000000 249.000000
