176.000000 73.000000
144.000000 75.000000
116.000000 82.000000
105.000000 112.000000
93.000000 136.000000
89.000000 163.000000
89.000000 190.000000
95.000000 218.000000
105.000000 242.000000
124.000000 262.000000
147.000000 277.000000
177.000000 284.000000
206.000000 276.000000
229.000000 262.000000
247.000000 244.000000
255.000000 219.000000
261.000000 191.000000
262.000000 162.000000
258.000000 136.000000
251.000000 112.000000
237.000000 85.000000
207.000000 74.000000
157.000000 133.000000
145.000000 129.000000
133.000000 127.000000
121.000000 128.000000
110.000000 134.000000
113.000000 141.000000
123.000000 138.000000
134.000000 138.000000
144.000000 139.000000
155.000000 141.000000
242.000000 133.000000
232.000000 129.000000
222.000000 129.000000
211.000000 130.000000
199.000000 134.000000
201.000000 142.000000
213.000000 140.000000
223.000000 138.000000
232.000000 138.000000
241.000000 140.000000
153.000000 160.000000
147.000000 154.000000
138.000000 151.000000
129.000000 152.000000
122.000000 157.000000
128.000000 162.000000
136.000000 164.000000
145.000000 163.000000
231.000000 157.000000
224.000000 152.000000
215.000000 151.000000
207.000000 153.000000
200.000000 159.000000
208.000000 162.000000
216.000000 163.000000
225.000000 162.000000
137.000000 157.000000
215.000000 157.000000
164.000000 156.000000
162.000000 169.000000
159.000000 179.000000
154.000000 190.000000
152.000000 203.000000
164.000000 209.000000
177.000000 212.000000
189.000000 209.000000
201.000000 202.000000
198.000000 191.000000
194.000000 180.000000
190.000000 170.000000
188.000000 157.000000
206.000000 234.000000
194.000000 231.000000
186.000000 227.000000
178.000000 231.000000
169.000000 228.000000
159.000000 232.000000
148.000000 236.000000
154.000000 244.000000
162.000000 249.000000
172.000000 252.000000
183.000000 252.000000
192.000000 247.000000
200.000000 242.000000
