169.000000 52.000000
131.000000 62.000000
97.000000 81.000000
84.000000 105.000000
85.000000 139.000000
81.000000 168.000000
85.000000 200.000000
94.000000 231.000000
103.000000 260.000000
124.000000 286.000000
145.000000 310.000000
176.000000 324.000000
211.000000 310.000000
234.000000 286.000000
251.000000 260.000000
262.000000 228.000000
268.000000 196.000000
271.000000 163.000000
265.000000 133.000000
256.000000 107.000000
244.000000 73.000000
204.000000 63.000000
147.000000 143.000000
134.000000 137.000000
119.000000 134.000000
105.000000 134.000000
93.000000 139.000000
96.000000 146.000000
107.000000 144.000000
120.000000 145.000000
132.000000 147.000000
143.000000 151.000000
244.000000 136.000000
232.000000 132.000000
219.000000 133.000000
206.000000 136.000000
193.000000 141.000000
196.000000 149.000000
208.000000 146.000000
220.000000 143.000000
232.000000 143.000000
242.000000 143.000000
146.000000 173.000000
139.000000 164.000000
127.000000 160.000000
116.000000 161.000000
109.000000 168.000000
116.000000 174.000000
127.000000 176.000000
137.000000 175.000000
232.000000 164.000000
223.000000 158.000000
213.000000 157.000000
203.000000 161.000000
196.000000 169.000000
205.000000 173.000000
216.000000 173.000000
226.000000 170.000000
128.000000 167.000000
213.000000 165.000000
158.000000 171.000000
156.000000 189.000000
153.000000 205.000000
148.000000 220.000000
144.000000 235.000000
156.000000 243.000000
172.000000 248.000000
188.000000 242.000000
201.000000 232.000000
196.000000 217.000000
191.000000 203.000000
186.000000 187.000000
183.000000 170.000000
208.000000 263.000000
195.000000 261.000000
183.000000 259.000000
173.000000 263.000000
163.000000 261.000000
153.000000 263.000000
143.000000 266.000000
149.000000 275.000000
157.000000 281.000000
168.000000 284.000000
180.000000 283.000000
190.000000 279.000000
198.000000 273.000000
