172.000000 57.000000
136.000000 62.000000
107.000000 74.000000
94.000000 103.000000
89.000000 128.000000
85.000000 155.000000
86.000000 186.000000
92.000000 214.000000
100.000000 241.000000
117.000000 262.000000
140.000000 277.000000
173.000000 286.000000
206.000000 277.000000
233.000000 260.000000
249.000000 239.000000
255.000000 211.000000
260.000000 183.000000
261.000000 153.000000
256.000000 126.000000
252.000000 101.000000
237.000000 77.000000
208.000000 64.000000
147.000000 122.000000
135.000000 119.000000
123.000000 118.000000
111.000000 120.000000
101.000000 126.000000
103.000000 134.000000
114.000000 130.000000
124.000000 129.000000
134.000000 129.000000
144.000000 130.000000
239.000000 123.000000
229.000000 118.000000
216.000000 117.000000
204.000000 119.000000
192.000000 123.000000
194.000000 131.000000
206.000000 129.000000
218.000000 127.000000
228.000000 128.000000
238.000000 130.000000
147.000000 153.000000
140.000000 146.000000
131.000000 143.000000
122.000000 145.000000
114.000000 150.000000
121.000000 155.000000
129.000000 157.000000
138.000000 156.000000
227.000000 148.000000
219.000000 143.000000
210.000000 142.000000
202.000000 145.000000
195.000000 151.000000
203.000000 154.000000
212.000000 155.000000
221.000000 153.000000
130.000000 149.000000
210.000000 148.000000
157.000000 148.000000
156.000000 162.000000
153.000000 174.000000
149.000000 187.000000
145.000000 200.000000
156.000000 207.000000
171.000000 211.000000
185.000000 207.000000
198.000000 199.000000
193.000000 187.000000
188.000000 175.000000
185.000000 162.000000
184.000000 148.000000
202.000000 233.000000
191.000000 227.000000
180.000000 223.000000
172.000000 226.000000
162.000000 223.000000
152.000000 228.000000
142.000000 235.000000
148.000000 243.000000
156.000000 249.000000
166.000000 253.000000
178.000000 253.000000
188.000000 249.000000
196.000000 242.000000
