172.000000 42.000000
131.000000 44.000000
102.000000 60.000000
85.000000 87.000000
80.000000 115.000000
77.000000 145.000000
78.000000 178.000000
83.000000 211.000000
93.000000 244.000000
113.000000 271.000000
141.000000 290.000000
180.000000 300.000000
216.000000 286.000000
241.000000 264.000000
260.000000 236.000000
267.000000 203.000000
270.000000 168.000000
268.000000 137.000000
262.000000 109.000000
256.000000 81.000000
239.000000 59.000000
213.000000 43.000000
151.000000 112.000000
135.000000 109.000000
119.000000 107.000000
104.000000 109.000000
92.000000 118.000000
95.000000 125.000000
107.000000 121.000000
120.000000 119.000000
135.000000 120.000000
150.000000 123.000000
251.000000 112.000000
240.000000 105.000000
225.000000 102.000000
211.000000 103.000000
197.000000 108.000000
199.000000 119.000000
214.000000 115.000000
227.000000 113.000000
238.000000 115.000000
248.000000 119.000000
147.000000 143.000000
140.000000 136.000000
130.000000 133.000000
120.000000 134.000000
112.000000 140.000000
119.000000 146.000000
128.000000 148.000000
138.000000 147.000000
236.000000 137.000000
227.000000 131.000000
217.000000 130.000000
208.000000 133.000000
201.000000 141.000000
209.000000 144.000000
220.000000 145.000000
231.000000 143.000000
129.000000 139.000000
218.000000 137.000000
160.000000 138.000000
158.000000 153.000000
155.000000 167.000000
151.000000 181.000000
145.000000 196.000000
160.000000 204.000000
176.000000 207.000000
192.000000 204.000000
205.000000 194.000000
200.000000 180.000000
194.000000 167.000000
190.000000 152.000000
187.000000 137.000000
209.000000 234.000000
199.000000 229.000000
187.000000 226.000000
177.000000 230.000000
166.000000 227.000000
155.000000 231.000000
140.000000 236.000000
150.000000 245.000000
160.000000 250.000000
172.000000 253.000000
184.000000 252.000000
195.000000 248.000000
204.000000 242.000000
