172.000000 45.000000
133.000000 53.000000
107.000000 71.000000
90.000000 96.000000
83.000000 124.000000
79.000000 153.000000
80.000000 188.000000
82.000000 220.000000
93.000000 255.000000
112.000000 280.000000
140.000000 298.000000
177.000000 309.000000
217.000000 294.000000
242.000000 276.000000
263.000000 247.000000
264.000000 212.000000
268.000000 181.000000
269.000000 149.000000
264.000000 120.000000
259.000000 93.000000
244.000000 63.000000
206.000000 45.000000
153.000000 119.000000
139.000000 114.000000
125.000000 112.000000
112.000000 113.000000
100.000000 118.000000
101.000000 126.000000
113.000000 122.000000
126.000000 122.000000
138.000000 124.000000
151.000000 128.000000
249.000000 117.000000
237.000000 111.000000
223.000000 110.000000
210.000000 113.000000
198.000000 119.000000
201.000000 127.000000
212.000000 122.000000
225.000000 119.000000
237.000000 120.000000
247.000000 123.000000
151.000000 151.000000
142.000000 143.000000
131.000000 139.000000
120.000000 141.000000
112.000000 148.000000
120.000000 152.000000
131.000000 154.000000
141.000000 153.000000
237.000000 145.000000
229.000000 139.000000
219.000000 138.000000
210.000000 142.000000
203.000000 149.000000
212.000000 152.000000
221.000000 153.000000
231.000000 151.000000
131.000000 146.000000
220.000000 145.000000
164.000000 147.000000
160.000000 162.000000
156.000000 176.000000
151.000000 190.000000
148.000000 204.000000
162.000000 211.000000
177.000000 214.000000
191.000000 211.000000
204.000000 203.000000
203.000000 190.000000
198.000000 177.000000
193.000000 161.000000
190.000000 146.000000
213.000000 235.000000
200.000000 232.000000
188.000000 229.000000
178.000000 232.000000
168.000000 230.000000
155.000000 234.000000
140.000000 236.000000
150.000000 247.000000
161.000000 253.000000
173.000000 256.000000
185.000000 256.000000
196.000000 251.000000
205.000000 244.000000
