176.000000 58.000000
144.000000 63.000000
110.000000 72.000000
92.000000 101.000000
77.000000 130.000000
72.000000 161.000000
72.000000 195.000000
73.000000 226.000000
85.000000 259.000000
109.000000 284.000000
137.000000 301.000000
173.000000 310.000000
213.000000 302.000000
242.000000 285.000000
263.000000 259.000000
275.000000 228.000000
280.000000 194.000000
279.000000 162.000000
274.000000 130.000000
259.000000 101.000000
243.000000 76.000000
208.000000 64.000000
150.000000 131.000000
135.000000 125.000000
120.000000 121.000000
106.000000 121.000000
93.000000 128.000000
96.000000 134.000000
107.000000 131.000000
120.000000 131.000000
133.000000 135.000000
146.000000 139.000000
252.000000 130.000000
238.000000 123.000000
224.000000 120.000000
209.000000 123.000000
195.000000 129.000000
199.000000 137.000000
213.000000 133.000000
225.000000 131.000000
238.000000 132.000000
249.000000 136.000000
144.000000 164.000000
138.000000 156.000000
128.000000 151.000000
118.000000 152.000000
110.000000 157.000000
116.000000 162.000000
125.000000 165.000000
135.000000 165.000000
232.000000 157.000000
223.000000 152.000000
213.000000 152.000000
205.000000 156.000000
199.000000 162.000000
207.000000 164.000000
217.000000 166.000000
226.000000 163.000000
128.000000 158.000000
216.000000 158.000000
156.000000 157.000000
154.000000 173.000000
151.000000 187.000000
145.000000 201.000000
139.000000 216.000000
153.000000 224.000000
170.000000 228.000000
187.000000 223.000000
201.000000 216.000000
196.000000 202.000000
191.000000 188.000000
187.000000 173.000000
185.000000 157.000000
207.000000 250.000000
192.000000 246.000000
180.000000 242.000000
171.000000 246.000000
159.000000 242.000000
149.000000 246.000000
136.000000 251.000000
144.000000 258.000000
153.000000 265.000000
164.000000 268.000000
178.000000 268.000000
189.000000 264.000000
199.000000 258.000000
