162.000000 56.000000
115.000000 66.000000
94.000000 86.000000
86.000000 110.000000
87.000000 136.000000
90.000000 169.000000
92.000000 195.000000
98.000000 224.000000
109.000000 251.000000
127.000000 272.000000
148.000000 298.000000
181.000000 309.000000
215.000000 293.000000
232.000000 268.000000
246.000000 242.000000
249.000000 211.000000
255.000000 179.000000
250.000000 151.000000
252.000000 126.000000
248.000000 101.000000
230.000000 79.000000
203.000000 57.000000
148.000000 134.000000
135.000000 130.000000
123.000000 128.000000
110.000000 129.000000
99.000000 135.000000
102.000000 143.000000
113.000000 141.000000
124.000000 140.000000
135.000000 141.000000
146.000000 143.000000
242.000000 126.000000
231.000000 122.000000
219.000000 123.000000
208.000000 126.000000
196.000000 131.000000
199.000000 140.000000
210.000000 136.000000
221.000000 134.000000
231.000000 133.000000
240.000000 134.000000
149.000000 164.000000
142.000000 156.000000
132.000000 152.000000
122.000000 154.000000
114.000000 160.000000
122.000000 165.000000
132.000000 167.000000
140.000000 167.000000
232.000000 155.000000
223.000000 149.000000
213.000000 148.000000
203.000000 152.000000
197.000000 161.000000
206.000000 163.000000
216.000000 164.000000
226.000000 160.000000
132.000000 159.000000
213.000000 155.000000
160.000000 159.000000
158.000000 177.000000
155.000000 191.000000
151.000000 206.000000
147.000000 222.000000
160.000000 230.000000
176.000000 234.000000
191.000000 229.000000
204.000000 219.000000
200.000000 204.000000
194.000000 190.000000
189.000000 175.000000
186.000000 158.000000
210.000000 252.000000
197.000000 251.000000
186.000000 249.000000
178.000000 254.000000
168.000000 250.000000
158.000000 253.000000
144.000000 254.000000
153.000000 262.000000
162.000000 268.000000
173.000000 271.000000
185.000000 270.000000
195.000000 266.000000
204.000000 259.000000
