177.000000 60.000000
141.000000 56.000000
110.000000 69.000000
94.000000 97.000000
93.000000 129.000000
89.000000 156.000000
92.000000 185.000000
98.000000 214.000000
106.000000 239.000000
123.000000 263.000000
146.000000 281.000000
178.000000 292.000000
208.000000 282.000000
228.000000 263.000000
245.000000 241.000000
254.000000 214.000000
260.000000 186.000000
266.000000 158.000000
262.000000 131.000000
256.000000 105.000000
239.000000 81.000000
214.000000 59.000000
157.000000 123.000000
143.000000 118.000000
130.000000 115.000000
116.000000 115.000000
105.000000 122.000000
107.000000 129.000000
117.000000 126.000000
130.000000 126.000000
143.000000 129.000000
156.000000 132.000000
247.000000 123.000000
237.000000 116.000000
225.000000 116.000000
213.000000 119.000000
202.000000 124.000000
204.000000 132.000000
215.000000 129.000000
226.000000 126.000000
236.000000 126.000000
245.000000 129.000000
156.000000 153.000000
148.000000 146.000000
139.000000 142.000000
129.000000 143.000000
122.000000 148.000000
130.000000 154.000000
138.000000 155.000000
146.000000 155.000000
233.000000 147.000000
226.000000 143.000000
216.000000 142.000000
208.000000 146.000000
201.000000 152.000000
210.000000 155.000000
218.000000 155.000000
227.000000 153.000000
137.000000 148.000000
218.000000 148.000000
167.000000 149.000000
166.000000 163.000000
164.000000 177.000000
159.000000 191.000000
155.000000 203.000000
166.000000 210.000000
179.000000 214.000000
193.000000 211.000000
204.000000 204.000000
201.000000 191.000000
197.000000 177.000000
194.000000 163.000000
192.000000 149.000000
208.000000 237.000000
197.000000 235.000000
187.000000 232.000000
180.000000 235.000000
170.000000 233.000000
160.000000 236.000000
149.000000 239.000000
156.000000 247.000000
165.000000 253.000000
174.000000 256.000000
184.000000 256.000000
192.000000 252.000000
199.000000 246.000000
