174.000000 57.000000
141.000000 63.000000
109.000000 84.000000
95.000000 110.000000
97.000000 141.000000
92.000000 169.000000
92.000000 200.000000
94.000000 232.000000
102.000000 263.000000
120.000000 287.000000
145.000000 306.000000
183.000000 316.000000
218.000000 307.000000
240.000000 288.000000
257.000000 264.000000
264.000000 235.000000
269.000000 204.000000
273.000000 174.000000
269.000000 146.000000
257.000000 107.000000
236.000000 83.000000
210.000000 66.000000
162.000000 140.000000
148.000000 134.000000
135.000000 130.000000
121.000000 129.000000
109.000000 135.000000
111.000000 143.000000
122.000000 142.000000
135.000000 142.000000
147.000000 145.000000
159.000000 148.000000
257.000000 143.000000
247.000000 137.000000
233.000000 137.000000
220.000000 140.000000
208.000000 145.000000
210.000000 152.000000
222.000000 149.000000
234.000000 148.000000
245.000000 148.000000
254.000000 150.000000
162.000000 167.000000
155.000000 159.000000
145.000000 154.000000
134.000000 155.000000
126.000000 160.000000
134.000000 166.000000
142.000000 168.000000
150.000000 168.000000
243.000000 167.000000
235.000000 161.000000
225.000000 159.000000
216.000000 161.000000
209.000000 167.000000
217.000000 171.000000
226.000000 173.000000
236.000000 171.000000
143.000000 161.000000
225.000000 165.000000
172.000000 163.000000
169.000000 177.000000
166.000000 190.000000
160.000000 204.000000
157.000000 217.000000
170.000000 226.000000
185.000000 231.000000
198.000000 227.000000
211.000000 219.000000
208.000000 205.000000
203.000000 192.000000
200.000000 178.000000
197.000000 164.000000
213.000000 256.000000
204.000000 250.000000
194.000000 246.000000
185.000000 250.000000
174.000000 246.000000
164.000000 249.000000
152.000000 254.000000
160.000000 263.000000
169.000000 269.000000
179.000000 273.000000
190.000000 273.000000
199.000000 269.000000
207.000000 264.000000
