170.000000 66.000000
136.000000 64.000000
101.000000 70.000000
87.000000 105.000000
81.000000 138.000000
82.000000 167.000000
84.000000 196.000000
87.000000 224.000000
94.000000 252.000000
110.000000 278.000000
134.000000 298.000000
170.000000 307.000000
205.000000 298.000000
233.000000 281.000000
250.000000 254.000000
257.000000 225.000000
260.000000 196.000000
263.000000 168.000000
263.000000 143.000000
258.000000 116.000000
246.000000 79.000000
215.000000 63.000000
149.000000 134.000000
135.000000 129.000000
122.000000 127.000000
109.000000 127.000000
99.000000 134.000000
101.000000 141.000000
111.000000 138.000000
122.000000 138.000000
134.000000 140.000000
146.000000 143.000000
242.000000 136.000000
232.000000 129.000000
220.000000 127.000000
207.000000 129.000000
194.000000 133.000000
195.000000 143.000000
209.000000 140.000000
221.000000 138.000000
230.000000 139.000000
240.000000 143.000000
145.000000 164.000000
138.000000 157.000000
129.000000 154.000000
120.000000 155.000000
111.000000 159.000000
119.000000 163.000000
128.000000 165.000000
137.000000 165.000000
226.000000 159.000000
218.000000 156.000000
210.000000 155.000000
202.000000 158.000000
195.000000 163.000000
203.000000 165.000000
211.000000 166.000000
220.000000 164.000000
128.000000 159.000000
212.000000 160.000000
157.000000 158.000000
155.000000 173.000000
152.000000 188.000000
146.000000 200.000000
141.000000 214.000000
153.000000 221.000000
169.000000 225.000000
184.000000 222.000000
197.000000 215.000000
192.000000 202.000000
187.000000 189.000000
184.000000 175.000000
183.000000 159.000000
201.000000 251.000000
188.000000 247.000000
177.000000 243.000000
169.000000 245.000000
161.000000 243.000000
150.000000 245.000000
137.000000 249.000000
145.000000 256.000000
154.000000 260.000000
164.000000 263.000000
174.000000 263.000000
183.000000 261.000000
191.000000 257.000000
