173.000000 68.000000
138.000000 80.000000
113.000000 90.000000
97.000000 113.000000
83.000000 138.000000
78.000000 167.000000
83.000000 198.000000
92.000000 230.000000
99.000000 259.000000
108.000000 281.000000
127.000000 305.000000
161.000000 322.000000
197.000000 311.000000
225.000000 290.000000
242.000000 263.000000
254.000000 233.000000
260.000000 202.000000
263.000000 171.000000
258.000000 142.000000
250.000000 116.000000
244.000000 91.000000
220.000000 76.000000
142.000000 138.000000
129.000000 134.000000
116.000000 132.000000
104.000000 133.000000
92.000000 138.000000
94.000000 144.000000
105.000000 142.000000
116.000000 142.000000
128.000000 145.000000
139.000000 148.000000
244.000000 141.000000
232.000000 136.000000
219.000000 136.000000
205.000000 138.000000
190.000000 141.000000
191.000000 151.000000
206.000000 148.000000
219.000000 147.000000
231.000000 146.000000
241.000000 148.000000
141.000000 171.000000
135.000000 160.000000
125.000000 155.000000
114.000000 157.000000
106.000000 163.000000
113.000000 171.000000
122.000000 174.000000
132.000000 174.000000
227.000000 170.000000
220.000000 162.000000
210.000000 160.000000
199.000000 163.000000
190.000000 172.000000
200.000000 176.000000
211.000000 177.000000
221.000000 175.000000
123.000000 164.000000
209.000000 168.000000
150.000000 166.000000
147.000000 183.000000
143.000000 199.000000
139.000000 215.000000
135.000000 231.000000
145.000000 239.000000
158.000000 243.000000
174.000000 241.000000
188.000000 234.000000
185.000000 218.000000
182.000000 202.000000
179.000000 185.000000
179.000000 167.000000
195.000000 266.000000
179.000000 266.000000
168.000000 263.000000
159.000000 266.000000
150.000000 263.000000
140.000000 265.000000
128.000000 264.000000
136.000000 274.000000
143.000000 280.000000
154.000000 284.000000
165.000000 284.000000
174.000000 280.000000
183.000000 275.000000
