182.000000 62.000000
149.000000 67.000000
115.000000 81.000000
102.000000 114.000000
96.000000 140.000000
91.000000 168.000000
93.000000 197.000000
98.000000 226.000000
108.000000 251.000000
127.000000 273.000000
150.000000 290.000000
181.000000 300.000000
212.000000 293.000000
236.000000 279.000000
254.000000 255.000000
262.000000 228.000000
267.000000 200.000000
269.000000 172.000000
268.000000 144.000000
265.000000 114.000000
249.000000 90.000000
223.000000 76.000000
165.000000 139.000000
152.000000 135.000000
139.000000 133.000000
126.000000 133.000000
116.000000 139.000000
118.000000 146.000000
129.000000 144.000000
140.000000 144.000000
151.000000 145.000000
163.000000 148.000000
251.000000 140.000000
241.000000 135.000000
230.000000 134.000000
219.000000 136.000000
208.000000 140.000000
209.000000 148.000000
221.000000 145.000000
232.000000 144.000000
241.000000 144.000000
250.000000 147.000000
159.000000 167.000000
153.000000 161.000000
144.000000 158.000000
135.000000 160.000000
128.000000 164.000000
134.000000 168.000000
143.000000 170.000000
152.000000 169.000000
239.000000 164.000000
231.000000 160.000000
223.000000 159.000000
215.000000 161.000000
209.000000 167.000000
216.000000 169.000000
224.000000 169.000000
233.000000 168.000000
144.000000 163.000000
223.000000 164.000000
172.000000 164.000000
170.000000 177.000000
167.000000 189.000000
162.000000 200.000000
158.000000 212.000000
170.000000 219.000000
185.000000 223.000000
198.000000 220.000000
210.000000 212.000000
207.000000 200.000000
202.000000 189.000000
198.000000 177.000000
196.000000 164.000000
214.000000 246.000000
202.000000 242.000000
193.000000 239.000000
184.000000 241.000000
176.000000 239.000000
166.000000 242.000000
153.000000 246.000000
161.000000 254.000000
170.000000 258.000000
179.000000 261.000000
188.000000 262.000000
198.000000 259.000000
206.000000 254.000000
