176.000000 37.000000
137.000000 42.000000
103.000000 67.000000
85.000000 97.000000
79.000000 131.000000
75.000000 172.000000
71.000000 201.000000
71.000000 225.000000
80.000000 254.000000
103.000000 271.000000
132.000000 291.000000
171.000000 299.000000
209.000000 288.000000
245.000000 275.000000
266.000000 252.000000
277.000000 232.000000
276.000000 193.000000
274.000000 162.000000
268.000000 110.000000
261.000000 84.000000
240.000000 60.000000
209.000000 42.000000
148.000000 106.000000
133.000000 102.000000
120.000000 99.000000
106.000000 101.000000
93.000000 108.000000
96.000000 113.000000
108.000000 110.000000
121.000000 109.000000
133.000000 111.000000
144.000000 113.000000
252.000000 108.000000
240.000000 101.000000
227.000000 100.000000
215.000000 102.000000
203.000000 105.000000
206.000000 112.000000
216.000000 110.000000
228.000000 108.000000
239.000000 109.000000
249.000000 113.000000
147.000000 137.000000
140.000000 129.000000
129.000000 126.000000
118.000000 128.000000
110.000000 134.000000
120.000000 138.000000
129.000000 140.000000
137.000000 139.000000
237.000000 134.000000
227.000000 128.000000
216.000000 127.000000
207.000000 130.000000
201.000000 137.000000
209.000000 140.000000
219.000000 141.000000
230.000000 139.000000
129.000000 133.000000
218.000000 133.000000
160.000000 133.000000
157.000000 149.000000
153.000000 164.000000
147.000000 179.000000
141.000000 194.000000
155.000000 201.000000
174.000000 196.000000
190.000000 203.000000
203.000000 194.000000
198.000000 179.000000
193.000000 165.000000
190.000000 150.000000
188.000000 134.000000
205.000000 233.000000
193.000000 229.000000
182.000000 226.000000
172.000000 229.000000
161.000000 225.000000
149.000000 228.000000
134.000000 230.000000
144.000000 238.000000
154.000000 244.000000
165.000000 248.000000
178.000000 249.000000
188.000000 246.000000
197.000000 240.000000
