174.000000 50.000000
135.000000 51.000000
104.000000 63.000000
90.000000 93.000000
85.000000 129.000000
80.000000 164.000000
84.000000 195.000000
90.000000 223.000000
97.000000 249.000000
109.000000 268.000000
131.000000 290.000000
164.000000 302.000000
200.000000 292.000000
226.000000 271.000000
242.000000 246.000000
250.000000 225.000000
255.000000 195.000000
259.000000 173.000000
256.000000 134.000000
254.000000 102.000000
248.000000 75.000000
212.000000 57.000000
145.000000 122.000000
132.000000 118.000000
121.000000 115.000000
109.000000 117.000000
100.000000 123.000000
102.000000 128.000000
111.000000 126.000000
121.000000 125.000000
131.000000 126.000000
142.000000 129.000000
237.000000 126.000000
226.000000 120.000000
214.000000 118.000000
203.000000 119.000000
191.000000 122.000000
193.000000 129.000000
203.000000 127.000000
215.000000 126.000000
225.000000 127.000000
234.000000 131.000000
144.000000 154.000000
138.000000 147.000000
128.000000 143.000000
119.000000 144.000000
111.000000 149.000000
119.000000 154.000000
127.000000 156.000000
135.000000 156.000000
225.000000 152.000000
218.000000 146.000000
208.000000 145.000000
199.000000 148.000000
192.000000 154.000000
200.000000 157.000000
209.000000 158.000000
218.000000 156.000000
127.000000 149.000000
209.000000 152.000000
155.000000 150.000000
152.000000 164.000000
149.000000 178.000000
143.000000 191.000000
136.000000 205.000000
147.000000 214.000000
166.000000 220.000000
184.000000 215.000000
196.000000 205.000000
190.000000 191.000000
185.000000 178.000000
181.000000 165.000000
180.000000 151.000000
201.000000 237.000000
188.000000 234.000000
176.000000 232.000000
166.000000 234.000000
155.000000 232.000000
144.000000 234.000000
132.000000 235.000000
139.000000 245.000000
148.000000 251.000000
159.000000 256.000000
172.000000 256.000000
182.000000 252.000000
192.000000 246.000000
