176.000000 56.000000
138.000000 57.000000
107.000000 68.000000
92.000000 92.000000
86.000000 120.000000
85.000000 157.000000
85.000000 192.000000
89.000000 224.000000
98.000000 249.000000
116.000000 276.000000
144.000000 289.000000
175.000000 298.000000
206.000000 288.000000
230.000000 276.000000
249.000000 255.000000
258.000000 232.000000
264.000000 198.000000
266.000000 168.000000
268.000000 121.000000
264.000000 86.000000
243.000000 66.000000
214.000000 57.000000
155.000000 115.000000
141.000000 111.000000
127.000000 110.000000
114.000000 113.000000
102.000000 118.000000
104.000000 123.000000
116.000000 121.000000
127.000000 120.000000
139.000000 121.000000
151.000000 123.000000
251.000000 121.000000
241.000000 115.000000
229.000000 112.000000
215.000000 113.000000
202.000000 115.000000
203.000000 124.000000
216.000000 122.000000
229.000000 121.000000
240.000000 122.000000
249.000000 126.000000
152.000000 152.000000
146.000000 144.000000
136.000000 140.000000
127.000000 140.000000
118.000000 145.000000
124.000000 152.000000
133.000000 154.000000
143.000000 154.000000
234.000000 147.000000
227.000000 142.000000
218.000000 141.000000
209.000000 144.000000
202.000000 151.000000
210.000000 154.000000
220.000000 155.000000
229.000000 153.000000
134.000000 147.000000
218.000000 148.000000
164.000000 147.000000
161.000000 164.000000
157.000000 179.000000
151.000000 192.000000
147.000000 207.000000
160.000000 215.000000
175.000000 219.000000
190.000000 216.000000
204.000000 207.000000
199.000000 193.000000
194.000000 179.000000
190.000000 164.000000
189.000000 147.000000
206.000000 239.000000
194.000000 237.000000
183.000000 233.000000
175.000000 235.000000
167.000000 234.000000
157.000000 236.000000
145.000000 238.000000
151.000000 248.000000
159.000000 253.000000
169.000000 257.000000
180.000000 257.000000
189.000000 253.000000
197.000000 247.000000
