175.000000 58.000000
141.000000 63.000000
112.000000 80.000000
98.000000 104.000000
87.000000 133.000000
84.000000 168.000000
86.000000 193.000000
90.000000 225.000000
98.000000 251.000000
116.000000 277.000000
140.000000 298.000000
176.000000 308.000000
217.000000 298.000000
240.000000 276.000000
251.000000 250.000000
258.000000 226.000000
265.000000 199.000000
267.000000 167.000000
263.000000 129.000000
251.000000 100.000000
234.000000 78.000000
207.000000 63.000000
157.000000 136.000000
143.000000 131.000000
129.000000 128.000000
115.000000 129.000000
103.000000 135.000000
105.000000 140.000000
117.000000 138.000000
130.000000 138.000000
143.000000 140.000000
153.000000 143.000000
244.000000 132.000000
232.000000 128.000000
220.000000 128.000000
209.000000 132.000000
198.000000 137.000000
201.000000 143.000000
211.000000 139.000000
222.000000 137.000000
233.000000 136.000000
242.000000 137.000000
153.000000 164.000000
147.000000 157.000000
137.000000 153.000000
128.000000 154.000000
120.000000 158.000000
127.000000 163.000000
136.000000 166.000000
144.000000 165.000000
232.000000 157.000000
223.000000 153.000000
213.000000 153.000000
204.000000 156.000000
199.000000 163.000000
206.000000 165.000000
217.000000 166.000000
226.000000 163.000000
136.000000 159.000000
214.000000 159.000000
165.000000 161.000000
161.000000 176.000000
158.000000 190.000000
152.000000 203.000000
147.000000 218.000000
158.000000 226.000000
176.000000 232.000000
192.000000 226.000000
203.000000 216.000000
199.000000 204.000000
194.000000 190.000000
190.000000 177.000000
188.000000 162.000000
208.000000 247.000000
197.000000 246.000000
185.000000 244.000000
175.000000 247.000000
165.000000 244.000000
154.000000 246.000000
140.000000 247.000000
148.000000 256.000000
157.000000 263.000000
169.000000 268.000000
182.000000 268.000000
193.000000 264.000000
202.000000 257.000000
