171.000000 52.000000
135.000000 57.000000
100.000000 72.000000
86.000000 101.000000
78.000000 135.000000
74.000000 164.000000
76.000000 186.000000
80.000000 229.000000
93.000000 257.000000
112.000000 283.000000
135.000000 307.000000
171.000000 319.000000
204.000000 308.000000
227.000000 284.000000
250.000000 259.000000
261.000000 231.000000
268.000000 189.000000
273.000000 162.000000
266.000000 137.000000
265.000000 95.000000
249.000000 65.000000
212.000000 52.000000
147.000000 147.000000
134.000000 142.000000
121.000000 139.000000
107.000000 136.000000
94.000000 139.000000
95.000000 147.000000
108.000000 147.000000
120.000000 149.000000
132.000000 151.000000
144.000000 155.000000
248.000000 145.000000
235.000000 142.000000
222.000000 143.000000
210.000000 145.000000
197.000000 149.000000
198.000000 156.000000
211.000000 153.000000
223.000000 152.000000
235.000000 151.000000
246.000000 153.000000
146.000000 172.000000
139.000000 164.000000
128.000000 160.000000
117.000000 160.000000
107.000000 165.000000
113.000000 170.000000
126.000000 173.000000
138.000000 173.000000
236.000000 168.000000
226.000000 163.000000
215.000000 162.000000
204.000000 165.000000
196.000000 173.000000
206.000000 175.000000
218.000000 175.000000
228.000000 172.000000
127.000000 166.000000
216.000000 168.000000
158.000000 172.000000
153.000000 189.000000
148.000000 203.000000
141.000000 217.000000
139.000000 232.000000
150.000000 241.000000
169.000000 248.000000
187.000000 241.000000
199.000000 231.000000
196.000000 217.000000
191.000000 203.000000
186.000000 189.000000
182.000000 173.000000
206.000000 261.000000
192.000000 262.000000
179.000000 262.000000
169.000000 265.000000
161.000000 262.000000
148.000000 263.000000
132.000000 259.000000
141.000000 270.000000
152.000000 278.000000
165.000000 284.000000
176.000000 284.000000
188.000000 279.000000
198.000000 272.000000
