177.000000 65.000000
146.000000 67.000000
113.000000 78.000000
98.000000 101.000000
85.000000 127.000000
79.000000 167.000000
82.000000 193.000000
88.000000 227.000000
97.000000 253.000000
117.000000 278.000000
143.000000 298.000000
182.000000 311.000000
218.000000 295.000000
240.000000 274.000000
254.000000 249.000000
262.000000 226.000000
266.000000 193.000000
269.000000 160.000000
267.000000 129.000000
254.000000 101.000000
243.000000 75.000000
209.000000 67.000000
156.000000 134.000000
143.000000 130.000000
129.000000 127.000000
115.000000 126.000000
102.000000 132.000000
104.000000 140.000000
117.000000 137.000000
130.000000 138.000000
143.000000 141.000000
155.000000 144.000000
252.000000 135.000000
242.000000 128.000000
229.000000 128.000000
217.000000 131.000000
205.000000 135.000000
206.000000 144.000000
219.000000 140.000000
231.000000 138.000000
242.000000 138.000000
250.000000 141.000000
155.000000 164.000000
148.000000 156.000000
137.000000 152.000000
126.000000 154.000000
119.000000 160.000000
125.000000 166.000000
135.000000 168.000000
146.000000 167.000000
237.000000 160.000000
230.000000 154.000000
220.000000 153.000000
211.000000 156.000000
203.000000 164.000000
212.000000 167.000000
222.000000 168.000000
232.000000 166.000000
136.000000 159.000000
220.000000 160.000000
167.000000 161.000000
164.000000 175.000000
161.000000 188.000000
157.000000 202.000000
154.000000 214.000000
165.000000 222.000000
180.000000 226.000000
194.000000 222.000000
206.000000 214.000000
203.000000 201.000000
199.000000 189.000000
195.000000 174.000000
192.000000 161.000000
210.000000 249.000000
200.000000 244.000000
190.000000 242.000000
181.000000 246.000000
170.000000 243.000000
160.000000 246.000000
149.000000 250.000000
157.000000 259.000000
165.000000 265.000000
176.000000 268.000000
186.000000 268.000000
195.000000 264.000000
203.000000 258.000000
