177.000000 57.000000
146.000000 58.000000
116.000000 69.000000
100.000000 92.000000
91.000000 119.000000
90.000000 156.000000
90.000000 179.000000
92.000000 208.000000
101.000000 230.000000
120.000000 252.000000
145.000000 268.000000
178.000000 274.000000
205.000000 266.000000
228.000000 249.000000
246.000000 228.000000
252.000000 209.000000
257.000000 180.000000
258.000000 156.000000
257.000000 120.000000
252.000000 95.000000
238.000000 77.000000
212.000000 60.000000
155.000000 113.000000
144.000000 109.000000
131.000000 107.000000
119.000000 108.000000
108.000000 113.000000
110.000000 119.000000
121.000000 116.000000
132.000000 116.000000
143.000000 119.000000
153.000000 121.000000
240.000000 112.000000
230.000000 108.000000
219.000000 109.000000
207.000000 112.000000
197.000000 116.000000
199.000000 123.000000
210.000000 120.000000
220.000000 117.000000
230.000000 116.000000
238.000000 117.000000
154.000000 144.000000
148.000000 137.000000
139.000000 133.000000
130.000000 135.000000
121.000000 139.000000
129.000000 145.000000
137.000000 147.000000
144.000000 147.000000
231.000000 140.000000
224.000000 135.000000
215.000000 133.000000
206.000000 137.000000
199.000000 143.000000
207.000000 146.000000
216.000000 147.000000
225.000000 145.000000
137.000000 140.000000
214.000000 140.000000
163.000000 140.000000
161.000000 153.000000
159.000000 164.000000
154.000000 176.000000
151.000000 189.000000
163.000000 195.000000
178.000000 199.000000
192.000000 195.000000
203.000000 188.000000
199.000000 176.000000
194.000000 165.000000
191.000000 154.000000
188.000000 140.000000
211.000000 219.000000
198.000000 217.000000
187.000000 214.000000
178.000000 217.000000
170.000000 214.000000
158.000000 218.000000
144.000000 220.000000
152.000000 229.000000
161.000000 235.000000
173.000000 238.000000
184.000000 238.000000
193.000000 235.000000
202.000000 228.000000
