178.000000 82.000000
144.000000 85.000000
116.000000 98.000000
101.000000 122.000000
89.000000 147.000000
85.000000 180.000000
87.000000 210.000000
92.000000 240.000000
101.000000 261.000000
120.000000 285.000000
144.000000 303.000000
179.000000 313.000000
211.000000 300.000000
233.000000 281.000000
250.000000 264.000000
259.000000 239.000000
266.000000 211.000000
264.000000 174.000000
258.000000 144.000000
249.000000 117.000000
240.000000 95.000000
214.000000 83.000000
157.000000 147.000000
144.000000 144.000000
131.000000 142.000000
119.000000 143.000000
108.000000 150.000000
111.000000 157.000000
122.000000 154.000000
133.000000 153.000000
143.000000 154.000000
154.000000 157.000000
246.000000 147.000000
234.000000 141.000000
222.000000 141.000000
210.000000 143.000000
199.000000 146.000000
201.000000 155.000000
213.000000 152.000000
224.000000 151.000000
235.000000 152.000000
244.000000 154.000000
155.000000 177.000000
148.000000 170.000000
139.000000 167.000000
129.000000 169.000000
122.000000 174.000000
128.000000 179.000000
138.000000 180.000000
147.000000 179.000000
232.000000 170.000000
225.000000 165.000000
216.000000 165.000000
207.000000 168.000000
202.000000 175.000000
209.000000 177.000000
218.000000 177.000000
227.000000 175.000000
138.000000 173.000000
217.000000 171.000000
167.000000 174.000000
164.000000 188.000000
161.000000 201.000000
157.000000 213.000000
153.000000 225.000000
165.000000 232.000000
180.000000 235.000000
194.000000 232.000000
205.000000 223.000000
202.000000 211.000000
196.000000 199.000000
192.000000 187.000000
190.000000 173.000000
209.000000 253.000000
199.000000 249.000000
189.000000 247.000000
180.000000 251.000000
171.000000 248.000000
161.000000 252.000000
148.000000 255.000000
156.000000 262.000000
165.000000 267.000000
175.000000 270.000000
186.000000 270.000000
194.000000 265.000000
202.000000 260.000000
