178.000000 64.000000
132.000000 68.000000
95.000000 84.000000
82.000000 115.000000
76.000000 142.000000
72.000000 181.000000
76.000000 219.000000
79.000000 249.000000
91.000000 275.000000
113.000000 304.000000
140.000000 322.000000
185.000000 334.000000
225.000000 327.000000
251.000000 307.000000
267.000000 279.000000
278.000000 252.000000
281.000000 215.000000
279.000000 180.000000
281.000000 144.000000
276.000000 110.000000
258.000000 84.000000
227.000000 68.000000
151.000000 142.000000
135.000000 136.000000
121.000000 132.000000
106.000000 133.000000
95.000000 141.000000
98.000000 148.000000
109.000000 143.000000
122.000000 143.000000
134.000000 146.000000
147.000000 150.000000
256.000000 136.000000
242.000000 129.000000
228.000000 129.000000
213.000000 134.000000
200.000000 140.000000
203.000000 148.000000
216.000000 143.000000
230.000000 140.000000
243.000000 139.000000
254.000000 143.000000
150.000000 176.000000
142.000000 168.000000
131.000000 164.000000
120.000000 166.000000
111.000000 172.000000
122.000000 177.000000
130.000000 179.000000
137.000000 178.000000
244.000000 169.000000
237.000000 166.000000
227.000000 163.000000
213.000000 166.000000
207.000000 172.000000
215.000000 175.000000
226.000000 176.000000
238.000000 176.000000
130.000000 171.000000
225.000000 168.000000
163.000000 169.000000
161.000000 184.000000
158.000000 199.000000
153.000000 213.000000
148.000000 228.000000
162.000000 234.000000
179.000000 238.000000
194.000000 234.000000
208.000000 226.000000
203.000000 212.000000
198.000000 198.000000
194.000000 184.000000
192.000000 169.000000
215.000000 261.000000
201.000000 257.000000
189.000000 255.000000
180.000000 259.000000
167.000000 255.000000
156.000000 259.000000
143.000000 263.000000
153.000000 272.000000
163.000000 277.000000
173.000000 280.000000
186.000000 280.000000
196.000000 276.000000
205.000000 270.000000
