195.000000 43.000000
152.000000 43.000000
120.000000 55.000000
100.000000 79.000000
81.000000 109.000000
70.000000 149.000000
68.000000 182.000000
69.000000 220.000000
80.000000 255.000000
102.000000 286.000000
130.000000 309.000000
168.000000 324.000000
209.000000 315.000000
239.000000 294.000000
262.000000 268.000000
280.000000 229.000000
285.000000 197.000000
289.000000 167.000000
293.000000 131.000000
284.000000 97.000000
273.000000 67.000000
238.000000 51.000000
165.000000 111.000000
150.000000 105.000000
135.000000 100.000000
120.000000 100.000000
105.000000 107.000000
108.000000 116.000000
122.000000 113.000000
135.000000 114.000000
147.000000 116.000000
161.000000 121.000000
275.000000 127.000000
261.000000 118.000000
246.000000 116.000000
231.000000 118.000000
218.000000 121.000000
221.000000 129.000000
233.000000 127.000000
246.000000 127.000000
260.000000 130.000000
271.000000 135.000000
161.000000 150.000000
153.000000 140.000000
140.000000 135.000000
128.000000 135.000000
119.000000 140.000000
128.000000 147.000000
139.000000 149.000000
150.000000 150.000000
259.000000 156.000000
249.000000 148.000000
238.000000 147.000000
227.000000 149.000000
218.000000 155.000000
228.000000 159.000000
239.000000 161.000000
250.000000 160.000000
139.000000 141.000000
238.000000 154.000000
176.000000 148.000000
170.000000 166.000000
164.000000 182.000000
155.000000 197.000000
150.000000 212.000000
165.000000 221.000000
183.000000 228.000000
201.000000 225.000000
216.000000 217.000000
214.000000 201.000000
208.000000 187.000000
205.000000 168.000000
204.000000 152.000000
215.000000 256.000000
203.000000 249.000000
191.000000 245.000000
181.000000 248.000000
169.000000 243.000000
155.000000 245.000000
139.000000 246.000000
149.000000 259.000000
158.000000 267.000000
170.000000 275.000000
183.000000 276.000000
195.000000 272.000000
205.000000 265.000000
