174.000000 46.000000
139.000000 53.000000
116.000000 73.000000
96.000000 98.000000
84.000000 122.000000
91.000000 150.000000
88.000000 191.000000
93.000000 220.000000
101.000000 242.000000
118.000000 265.000000
138.000000 282.000000
174.000000 292.000000
207.000000 280.000000
233.000000 262.000000
250.000000 244.000000
257.000000 225.000000
261.000000 197.000000
263.000000 154.000000
256.000000 116.000000
247.000000 88.000000
234.000000 65.000000
211.000000 52.000000
146.000000 114.000000
131.000000 110.000000
118.000000 108.000000
105.000000 109.000000
96.000000 118.000000
99.000000 124.000000
108.000000 119.000000
118.000000 119.000000
130.000000 120.000000
143.000000 123.000000
243.000000 109.000000
230.000000 103.000000
218.000000 103.000000
205.000000 107.000000
192.000000 112.000000
194.000000 121.000000
207.000000 116.000000
220.000000 113.000000
230.000000 113.000000
240.000000 116.000000
145.000000 147.000000
138.000000 140.000000
129.000000 136.000000
120.000000 138.000000
112.000000 143.000000
120.000000 149.000000
127.000000 150.000000
135.000000 150.000000
228.000000 138.000000
220.000000 134.000000
210.000000 133.000000
201.000000 137.000000
194.000000 144.000000
202.000000 146.000000
213.000000 147.000000
223.000000 144.000000
128.000000 142.000000
212.000000 140.000000
156.000000 142.000000
153.000000 157.000000
151.000000 171.000000
146.000000 185.000000
142.000000 201.000000
154.000000 207.000000
170.000000 210.000000
184.000000 206.000000
196.000000 199.000000
193.000000 185.000000
188.000000 171.000000
184.000000 158.000000
182.000000 142.000000
202.000000 235.000000
190.000000 233.000000
179.000000 229.000000
171.000000 233.000000
162.000000 230.000000
153.000000 235.000000
140.000000 239.000000
147.000000 247.000000
156.000000 252.000000
166.000000 254.000000
177.000000 254.000000
186.000000 250.000000
194.000000 244.000000
