176.000000 70.000000
127.000000 63.000000
99.000000 84.000000
91.000000 117.000000
87.000000 141.000000
83.000000 170.000000
84.000000 201.000000
89.000000 231.000000
99.000000 260.000000
118.000000 284.000000
143.000000 305.000000
180.000000 317.000000
216.000000 302.000000
239.000000 281.000000
256.000000 256.000000
264.000000 226.000000
270.000000 197.000000
271.000000 167.000000
266.000000 138.000000
257.000000 114.000000
250.000000 86.000000
225.000000 70.000000
156.000000 141.000000
142.000000 137.000000
129.000000 134.000000
115.000000 134.000000
103.000000 140.000000
106.000000 149.000000
117.000000 146.000000
129.000000 146.000000
141.000000 148.000000
153.000000 151.000000
250.000000 140.000000
238.000000 135.000000
225.000000 135.000000
211.000000 137.000000
198.000000 142.000000
200.000000 151.000000
214.000000 147.000000
226.000000 145.000000
238.000000 145.000000
248.000000 148.000000
153.000000 168.000000
146.000000 161.000000
136.000000 158.000000
127.000000 159.000000
120.000000 165.000000
126.000000 170.000000
135.000000 171.000000
145.000000 171.000000
235.000000 164.000000
228.000000 158.000000
219.000000 156.000000
210.000000 159.000000
202.000000 165.000000
210.000000 169.000000
220.000000 169.000000
229.000000 169.000000
135.000000 164.000000
219.000000 163.000000
164.000000 163.000000
162.000000 178.000000
158.000000 191.000000
154.000000 205.000000
151.000000 219.000000
164.000000 225.000000
178.000000 227.000000
192.000000 225.000000
205.000000 218.000000
202.000000 205.000000
196.000000 192.000000
192.000000 178.000000
189.000000 162.000000
207.000000 254.000000
198.000000 247.000000
188.000000 243.000000
179.000000 247.000000
168.000000 244.000000
158.000000 248.000000
148.000000 256.000000
155.000000 264.000000
163.000000 269.000000
173.000000 272.000000
184.000000 272.000000
193.000000 267.000000
201.000000 262.000000
