177.000000 63.000000
135.000000 60.000000
102.000000 73.000000
89.000000 108.000000
83.000000 139.000000
81.000000 178.000000
86.000000 211.000000
94.000000 244.000000
104.000000 270.000000
126.000000 298.000000
148.000000 317.000000
182.000000 325.000000
210.000000 316.000000
233.000000 297.000000
252.000000 274.000000
261.000000 245.000000
272.000000 210.000000
274.000000 177.000000
274.000000 141.000000
265.000000 102.000000
255.000000 69.000000
220.000000 57.000000
154.000000 153.000000
141.000000 148.000000
129.000000 145.000000
117.000000 145.000000
105.000000 149.000000
106.000000 157.000000
118.000000 156.000000
129.000000 157.000000
140.000000 159.000000
151.000000 162.000000
253.000000 152.000000
242.000000 147.000000
231.000000 148.000000
218.000000 151.000000
205.000000 155.000000
206.000000 163.000000
220.000000 161.000000
232.000000 158.000000
242.000000 157.000000
252.000000 159.000000
152.000000 185.000000
146.000000 177.000000
136.000000 173.000000
126.000000 174.000000
118.000000 178.000000
124.000000 184.000000
134.000000 187.000000
143.000000 187.000000
239.000000 179.000000
231.000000 175.000000
222.000000 174.000000
214.000000 178.000000
207.000000 184.000000
216.000000 187.000000
225.000000 188.000000
234.000000 186.000000
135.000000 180.000000
222.000000 181.000000
166.000000 181.000000
164.000000 197.000000
161.000000 212.000000
156.000000 225.000000
152.000000 239.000000
164.000000 247.000000
180.000000 252.000000
195.000000 247.000000
207.000000 239.000000
202.000000 226.000000
198.000000 212.000000
195.000000 198.000000
193.000000 181.000000
212.000000 267.000000
200.000000 267.000000
189.000000 265.000000
181.000000 268.000000
172.000000 266.000000
161.000000 268.000000
148.000000 268.000000
155.000000 278.000000
164.000000 285.000000
175.000000 289.000000
186.000000 289.000000
196.000000 284.000000
203.000000 278.000000
