170.000000 53.000000
126.000000 49.000000
90.000000 66.000000
75.000000 87.000000
69.000000 115.000000
66.000000 145.000000
69.000000 184.000000
74.000000 219.000000
85.000000 255.000000
106.000000 289.000000
130.000000 310.000000
173.000000 321.000000
216.000000 306.000000
240.000000 282.000000
258.000000 251.000000
268.000000 222.000000
275.000000 191.000000
280.000000 159.000000
277.000000 126.000000
269.000000 98.000000
253.000000 67.000000
223.000000 49.000000
145.000000 127.000000
130.000000 121.000000
114.000000 118.000000
98.000000 118.000000
84.000000 125.000000
86.000000 135.000000
100.000000 131.000000
115.000000 131.000000
128.000000 133.000000
142.000000 136.000000
256.000000 127.000000
242.000000 121.000000
226.000000 119.000000
212.000000 122.000000
198.000000 126.000000
201.000000 136.000000
214.000000 133.000000
228.000000 132.000000
242.000000 134.000000
254.000000 137.000000
144.000000 159.000000
135.000000 149.000000
122.000000 144.000000
110.000000 146.000000
102.000000 153.000000
109.000000 159.000000
122.000000 160.000000
133.000000 159.000000
239.000000 154.000000
230.000000 147.000000
218.000000 146.000000
207.000000 149.000000
199.000000 158.000000
210.000000 160.000000
221.000000 160.000000
231.000000 159.000000
121.000000 151.000000
220.000000 153.000000
158.000000 157.000000
154.000000 175.000000
149.000000 192.000000
142.000000 208.000000
138.000000 225.000000
150.000000 235.000000
169.000000 241.000000
187.000000 235.000000
203.000000 224.000000
200.000000 208.000000
194.000000 191.000000
189.000000 175.000000
186.000000 158.000000
208.000000 259.000000
193.000000 254.000000
180.000000 252.000000
169.000000 255.000000
158.000000 252.000000
145.000000 256.000000
129.000000 258.000000
140.000000 269.000000
150.000000 276.000000
163.000000 281.000000
177.000000 281.000000
189.000000 275.000000
199.000000 269.000000
