178.000000 57.000000
141.000000 62.000000
111.000000 78.000000
98.000000 102.000000
87.000000 133.000000
81.000000 178.000000
85.000000 211.000000
88.000000 236.000000
98.000000 261.000000
117.000000 287.000000
137.000000 305.000000
172.000000 318.000000
208.000000 307.000000
231.000000 286.000000
249.000000 263.000000
258.000000 241.000000
265.000000 217.000000
267.000000 187.000000
267.000000 141.000000
258.000000 106.000000
242.000000 78.000000
216.000000 64.000000
156.000000 130.000000
142.000000 125.000000
128.000000 122.000000
114.000000 124.000000
102.000000 132.000000
104.000000 138.000000
116.000000 134.000000
129.000000 134.000000
141.000000 135.000000
153.000000 139.000000
252.000000 135.000000
240.000000 128.000000
225.000000 125.000000
211.000000 128.000000
198.000000 133.000000
201.000000 141.000000
213.000000 138.000000
226.000000 137.000000
239.000000 138.000000
249.000000 142.000000
151.000000 163.000000
145.000000 155.000000
135.000000 150.000000
125.000000 151.000000
116.000000 155.000000
122.000000 162.000000
133.000000 164.000000
144.000000 164.000000
234.000000 160.000000
226.000000 155.000000
217.000000 153.000000
208.000000 155.000000
201.000000 162.000000
209.000000 165.000000
218.000000 165.000000
228.000000 164.000000
134.000000 156.000000
216.000000 159.000000
162.000000 158.000000
160.000000 174.000000
157.000000 190.000000
151.000000 204.000000
146.000000 218.000000
159.000000 226.000000
175.000000 230.000000
192.000000 227.000000
205.000000 220.000000
201.000000 206.000000
195.000000 192.000000
191.000000 175.000000
190.000000 159.000000
207.000000 252.000000
194.000000 248.000000
184.000000 244.000000
174.000000 247.000000
164.000000 244.000000
154.000000 247.000000
141.000000 251.000000
149.000000 261.000000
158.000000 267.000000
168.000000 270.000000
179.000000 270.000000
190.000000 266.000000
199.000000 260.000000
