177.000000 59.000000
136.000000 62.000000
103.000000 77.000000
92.000000 106.000000
88.000000 140.000000
86.000000 180.000000
92.000000 204.000000
100.000000 236.000000
113.000000 264.000000
131.000000 285.000000
152.000000 305.000000
185.000000 311.000000
218.000000 300.000000
239.000000 282.000000
255.000000 259.000000
262.000000 231.000000
267.000000 206.000000
270.000000 180.000000
269.000000 132.000000
261.000000 103.000000
245.000000 81.000000
219.000000 63.000000
156.000000 133.000000
143.000000 128.000000
130.000000 126.000000
116.000000 127.000000
105.000000 134.000000
108.000000 141.000000
119.000000 137.000000
131.000000 137.000000
143.000000 139.000000
154.000000 142.000000
249.000000 132.000000
237.000000 126.000000
225.000000 126.000000
212.000000 130.000000
201.000000 135.000000
204.000000 142.000000
215.000000 139.000000
227.000000 136.000000
237.000000 136.000000
247.000000 138.000000
155.000000 167.000000
148.000000 160.000000
138.000000 156.000000
128.000000 157.000000
121.000000 162.000000
126.000000 168.000000
137.000000 169.000000
147.000000 168.000000
236.000000 159.000000
228.000000 155.000000
220.000000 155.000000
211.000000 158.000000
205.000000 164.000000
213.000000 167.000000
222.000000 167.000000
231.000000 164.000000
136.000000 163.000000
220.000000 161.000000
168.000000 165.000000
167.000000 180.000000
165.000000 195.000000
161.000000 208.000000
156.000000 221.000000
168.000000 228.000000
184.000000 232.000000
198.000000 227.000000
209.000000 220.000000
203.000000 207.000000
199.000000 195.000000
195.000000 178.000000
193.000000 164.000000
214.000000 251.000000
203.000000 249.000000
194.000000 247.000000
185.000000 250.000000
173.000000 248.000000
163.000000 251.000000
152.000000 255.000000
159.000000 263.000000
168.000000 268.000000
179.000000 271.000000
190.000000 271.000000
199.000000 266.000000
206.000000 260.000000
