172.000000 59.000000
138.000000 62.000000
110.000000 70.000000
99.000000 98.000000
93.000000 130.000000
92.000000 160.000000
97.000000 188.000000
97.000000 212.000000
107.000000 238.000000
123.000000 260.000000
144.000000 279.000000
177.000000 289.000000
210.000000 278.000000
230.000000 257.000000
246.000000 234.000000
254.000000 212.000000
258.000000 185.000000
260.000000 159.000000
256.000000 127.000000
251.000000 94.000000
236.000000 68.000000
207.000000 62.000000
151.000000 123.000000
140.000000 120.000000
129.000000 118.000000
118.000000 118.000000
109.000000 122.000000
111.000000 128.000000
120.000000 126.000000
129.000000 127.000000
139.000000 129.000000
149.000000 131.000000
238.000000 122.000000
228.000000 118.000000
217.000000 117.000000
206.000000 118.000000
196.000000 122.000000
198.000000 130.000000
208.000000 127.000000
218.000000 125.000000
228.000000 125.000000
236.000000 128.000000
150.000000 151.000000
144.000000 144.000000
136.000000 141.000000
128.000000 142.000000
122.000000 147.000000
128.000000 151.000000
136.000000 153.000000
143.000000 152.000000
226.000000 145.000000
219.000000 140.000000
211.000000 139.000000
203.000000 142.000000
197.000000 148.000000
204.000000 151.000000
213.000000 151.000000
221.000000 150.000000
136.000000 146.000000
211.000000 145.000000
162.000000 147.000000
159.000000 161.000000
157.000000 174.000000
153.000000 185.000000
149.000000 198.000000
160.000000 206.000000
174.000000 209.000000
187.000000 206.000000
197.000000 197.000000
194.000000 186.000000
189.000000 174.000000
186.000000 161.000000
185.000000 147.000000
202.000000 233.000000
191.000000 228.000000
181.000000 224.000000
174.000000 227.000000
166.000000 224.000000
157.000000 229.000000
146.000000 234.000000
152.000000 242.000000
160.000000 246.000000
169.000000 249.000000
180.000000 249.000000
189.000000 245.000000
197.000000 240.000000
