178.000000 59.000000
139.000000 65.000000
117.000000 79.000000
110.000000 106.000000
101.000000 133.000000
97.000000 165.000000
102.000000 193.000000
107.000000 216.000000
114.000000 236.000000
126.000000 255.000000
145.000000 273.000000
174.000000 282.000000
202.000000 271.000000
220.000000 254.000000
234.000000 235.000000
243.000000 213.000000
249.000000 190.000000
251.000000 160.000000
248.000000 136.000000
243.000000 107.000000
231.000000 83.000000
210.000000 66.000000
158.000000 134.000000
146.000000 129.000000
136.000000 126.000000
125.000000 126.000000
115.000000 130.000000
117.000000 135.000000
126.000000 134.000000
136.000000 135.000000
145.000000 137.000000
155.000000 141.000000
232.000000 131.000000
222.000000 128.000000
213.000000 129.000000
203.000000 131.000000
193.000000 135.000000
195.000000 142.000000
205.000000 139.000000
214.000000 137.000000
222.000000 136.000000
230.000000 137.000000
155.000000 158.000000
149.000000 151.000000
140.000000 147.000000
131.000000 148.000000
124.000000 153.000000
130.000000 158.000000
138.000000 160.000000
146.000000 160.000000
225.000000 154.000000
218.000000 149.000000
209.000000 148.000000
201.000000 151.000000
194.000000 157.000000
202.000000 160.000000
211.000000 161.000000
220.000000 159.000000
138.000000 152.000000
210.000000 154.000000
164.000000 155.000000
161.000000 167.000000
157.000000 178.000000
153.000000 189.000000
151.000000 201.000000
161.000000 207.000000
173.000000 211.000000
185.000000 208.000000
195.000000 202.000000
194.000000 191.000000
190.000000 180.000000
188.000000 169.000000
186.000000 156.000000
198.000000 233.000000
189.000000 228.000000
181.000000 224.000000
174.000000 228.000000
166.000000 224.000000
157.000000 228.000000
148.000000 234.000000
153.000000 241.000000
160.000000 246.000000
169.000000 249.000000
178.000000 249.000000
186.000000 245.000000
193.000000 240.000000
