176.000000 59.000000
141.000000 63.000000
111.000000 76.000000
94.000000 106.000000
86.000000 134.000000
84.000000 161.000000
86.000000 192.000000
90.000000 222.000000
98.000000 251.000000
118.000000 276.000000
144.000000 294.000000
183.000000 303.000000
218.000000 293.000000
245.000000 273.000000
264.000000 246.000000
268.000000 215.000000
274.000000 183.000000
272.000000 156.000000
268.000000 128.000000
262.000000 99.000000
246.000000 72.000000
204.000000 59.000000
155.000000 128.000000
142.000000 125.000000
130.000000 123.000000
117.000000 124.000000
104.000000 129.000000
105.000000 137.000000
118.000000 134.000000
130.000000 133.000000
142.000000 134.000000
153.000000 136.000000
252.000000 124.000000
241.000000 119.000000
229.000000 119.000000
216.000000 120.000000
203.000000 125.000000
205.000000 133.000000
217.000000 130.000000
229.000000 128.000000
241.000000 128.000000
251.000000 130.000000
154.000000 156.000000
148.000000 149.000000
137.000000 147.000000
127.000000 149.000000
120.000000 154.000000
128.000000 159.000000
137.000000 161.000000
146.000000 159.000000
238.000000 149.000000
229.000000 145.000000
220.000000 144.000000
211.000000 147.000000
203.000000 153.000000
212.000000 156.000000
222.000000 156.000000
231.000000 155.000000
137.000000 153.000000
220.000000 150.000000
166.000000 151.000000
164.000000 165.000000
161.000000 178.000000
156.000000 192.000000
151.000000 206.000000
166.000000 213.000000
180.000000 215.000000
193.000000 213.000000
207.000000 206.000000
203.000000 193.000000
198.000000 180.000000
195.000000 166.000000
192.000000 150.000000
212.000000 240.000000
198.000000 237.000000
189.000000 233.000000
179.000000 237.000000
170.000000 234.000000
158.000000 237.000000
145.000000 241.000000
155.000000 249.000000
164.000000 254.000000
174.000000 257.000000
186.000000 257.000000
196.000000 254.000000
204.000000 248.000000
