171.000000 48.000000
133.000000 48.000000
102.000000 65.000000
93.000000 94.000000
84.000000 123.000000
81.000000 153.000000
81.000000 182.000000
85.000000 212.000000
94.000000 243.000000
116.000000 273.000000
141.000000 286.000000
178.000000 292.000000
212.000000 283.000000
242.000000 267.000000
259.000000 239.000000
268.000000 210.000000
273.000000 177.000000
269.000000 143.000000
263.000000 114.000000
249.000000 88.000000
237.000000 57.000000
202.000000 43.000000
149.000000 115.000000
135.000000 111.000000
123.000000 109.000000
110.000000 110.000000
99.000000 117.000000
101.000000 124.000000
113.000000 122.000000
124.000000 122.000000
136.000000 124.000000
147.000000 126.000000
248.000000 112.000000
237.000000 106.000000
225.000000 105.000000
211.000000 108.000000
198.000000 112.000000
201.000000 122.000000
214.000000 119.000000
226.000000 117.000000
237.000000 116.000000
247.000000 118.000000
150.000000 149.000000
142.000000 142.000000
132.000000 139.000000
122.000000 141.000000
110.000000 148.000000
123.000000 151.000000
132.000000 152.000000
141.000000 150.000000
241.000000 143.000000
229.000000 135.000000
215.000000 135.000000
206.000000 139.000000
199.000000 145.000000
208.000000 147.000000
219.000000 147.000000
231.000000 146.000000
131.000000 145.000000
215.000000 142.000000
160.000000 142.000000
159.000000 157.000000
156.000000 171.000000
151.000000 184.000000
147.000000 197.000000
160.000000 199.000000
174.000000 202.000000
188.000000 199.000000
202.000000 199.000000
198.000000 183.000000
192.000000 171.000000
189.000000 157.000000
187.000000 141.000000
209.000000 230.000000
197.000000 224.000000
186.000000 220.000000
176.000000 223.000000
166.000000 220.000000
153.000000 224.000000
141.000000 230.000000
150.000000 237.000000
160.000000 243.000000
171.000000 247.000000
182.000000 247.000000
192.000000 243.000000
201.000000 237.000000
