203.000000 24.000000
169.000000 24.000000
128.000000 34.000000
98.000000 62.000000
79.000000 105.000000
74.000000 140.000000
72.000000 181.000000
70.000000 224.000000
80.000000 261.000000
104.000000 292.000000
132.000000 320.000000
167.000000 336.000000
208.000000 330.000000
240.000000 302.000000
260.000000 276.000000
272.000000 243.000000
289.000000 211.000000
294.000000 173.000000
300.000000 138.000000
299.000000 82.000000
282.000000 50.000000
247.000000 29.000000
174.000000 108.000000
161.000000 105.000000
144.000000 104.000000
127.000000 109.000000
112.000000 111.000000
112.000000 120.000000
129.000000 116.000000
145.000000 114.000000
161.000000 116.000000
175.000000 119.000000
284.000000 136.000000
271.000000 127.000000
258.000000 125.000000
244.000000 127.000000
231.000000 131.000000
234.000000 142.000000
245.000000 137.000000
258.000000 135.000000
270.000000 141.000000
280.000000 147.000000
166.000000 160.000000
157.000000 151.000000
146.000000 144.000000
129.000000 145.000000
112.000000 152.000000
128.000000 158.000000
140.000000 162.000000
151.000000 164.000000
276.000000 177.000000
264.000000 167.000000
250.000000 160.000000
236.000000 161.000000
227.000000 171.000000
237.000000 176.000000
249.000000 178.000000
260.000000 177.000000
142.000000 151.000000
246.000000 167.000000
180.000000 159.000000
175.000000 178.000000
168.000000 195.000000
159.000000 212.000000
153.000000 233.000000
173.000000 241.000000
192.000000 246.000000
209.000000 245.000000
223.000000 241.000000
220.000000 221.000000
216.000000 203.000000
213.000000 183.000000
213.000000 163.000000
224.000000 290.000000
208.000000 274.000000
194.000000 275.000000
182.000000 270.000000
169.000000 269.000000
158.000000 273.000000
140.000000 278.000000
150.000000 293.000000
161.000000 301.000000
171.000000 306.000000
186.000000 309.000000
201.000000 308.000000
214.000000 298.000000
