184.000000 65.000000
150.000000 69.000000
120.000000 82.000000
108.000000 107.000000
97.000000 137.000000
96.000000 170.000000
96.000000 200.000000
101.000000 228.000000
110.000000 256.000000
129.000000 277.000000
154.000000 293.000000
184.000000 300.000000
213.000000 290.000000
235.000000 272.000000
249.000000 251.000000
257.000000 224.000000
261.000000 197.000000
261.000000 169.000000
259.000000 142.000000
251.000000 110.000000
239.000000 86.000000
213.000000 67.000000
158.000000 134.000000
147.000000 130.000000
139.000000 131.000000
130.000000 135.000000
121.000000 136.000000
124.000000 144.000000
133.000000 142.000000
140.000000 141.000000
148.000000 141.000000
156.000000 143.000000
239.000000 139.000000
233.000000 135.000000
222.000000 130.000000
212.000000 130.000000
202.000000 135.000000
205.000000 141.000000
214.000000 139.000000
223.000000 139.000000
231.000000 144.000000
239.000000 147.000000
160.000000 165.000000
153.000000 159.000000
144.000000 156.000000
133.000000 160.000000
125.000000 166.000000
134.000000 168.000000
143.000000 170.000000
152.000000 169.000000
239.000000 162.000000
229.000000 158.000000
217.000000 154.000000
209.000000 157.000000
203.000000 164.000000
211.000000 167.000000
220.000000 168.000000
228.000000 165.000000
142.000000 162.000000
217.000000 161.000000
170.000000 163.000000
168.000000 177.000000
165.000000 189.000000
160.000000 202.000000
155.000000 215.000000
167.000000 218.000000
184.000000 220.000000
196.000000 217.000000
207.000000 217.000000
203.000000 200.000000
198.000000 189.000000
194.000000 176.000000
192.000000 162.000000
211.000000 246.000000
201.000000 242.000000
190.000000 239.000000
182.000000 242.000000
173.000000 240.000000
164.000000 244.000000
152.000000 248.000000
159.000000 256.000000
167.000000 261.000000
177.000000 264.000000
188.000000 264.000000
197.000000 260.000000
205.000000 254.000000
