173.000000 62.000000
140.000000 69.000000
104.000000 80.000000
86.000000 109.000000
85.000000 134.000000
81.000000 161.000000
83.000000 191.000000
88.000000 221.000000
97.000000 251.000000
116.000000 275.000000
140.000000 294.000000
174.000000 304.000000
208.000000 294.000000
228.000000 273.000000
249.000000 250.000000
256.000000 220.000000
261.000000 189.000000
261.000000 166.000000
260.000000 137.000000
257.000000 108.000000
242.000000 74.000000
207.000000 66.000000
153.000000 133.000000
139.000000 128.000000
126.000000 126.000000
112.000000 127.000000
100.000000 135.000000
103.000000 141.000000
114.000000 138.000000
127.000000 137.000000
138.000000 139.000000
151.000000 143.000000
242.000000 135.000000
230.000000 129.000000
218.000000 127.000000
204.000000 129.000000
192.000000 134.000000
194.000000 143.000000
207.000000 139.000000
219.000000 137.000000
230.000000 138.000000
240.000000 142.000000
151.000000 163.000000
144.000000 155.000000
135.000000 151.000000
126.000000 153.000000
114.000000 158.000000
124.000000 163.000000
133.000000 166.000000
142.000000 165.000000
226.000000 160.000000
218.000000 154.000000
209.000000 153.000000
201.000000 157.000000
194.000000 163.000000
203.000000 165.000000
212.000000 166.000000
221.000000 164.000000
133.000000 158.000000
211.000000 159.000000
161.000000 159.000000
158.000000 174.000000
155.000000 187.000000
150.000000 199.000000
146.000000 212.000000
159.000000 219.000000
171.000000 223.000000
184.000000 220.000000
198.000000 212.000000
194.000000 201.000000
190.000000 189.000000
186.000000 175.000000
184.000000 160.000000
203.000000 247.000000
192.000000 241.000000
181.000000 239.000000
172.000000 243.000000
162.000000 239.000000
151.000000 241.000000
140.000000 247.000000
146.000000 254.000000
155.000000 259.000000
164.000000 264.000000
178.000000 262.000000
188.000000 258.000000
196.000000 251.000000
