177.000000 65.000000
138.000000 62.000000
109.000000 68.000000
85.000000 106.000000
78.000000 140.000000
73.000000 171.000000
72.000000 205.000000
78.000000 236.000000
88.000000 269.000000
104.000000 295.000000
132.000000 318.000000
172.000000 332.000000
209.000000 323.000000
245.000000 299.000000
259.000000 274.000000
271.000000 245.000000
274.000000 213.000000
274.000000 175.000000
272.000000 142.000000
261.000000 108.000000
235.000000 71.000000
209.000000 64.000000
150.000000 144.000000
136.000000 139.000000
122.000000 136.000000
107.000000 135.000000
93.000000 142.000000
97.000000 150.000000
109.000000 147.000000
122.000000 148.000000
135.000000 151.000000
147.000000 154.000000
249.000000 139.000000
236.000000 134.000000
223.000000 135.000000
210.000000 138.000000
196.000000 143.000000
199.000000 152.000000
212.000000 148.000000
224.000000 146.000000
237.000000 146.000000
247.000000 147.000000
146.000000 172.000000
139.000000 167.000000
126.000000 162.000000
113.000000 164.000000
105.000000 170.000000
117.000000 175.000000
127.000000 177.000000
136.000000 177.000000
243.000000 170.000000
230.000000 164.000000
217.000000 162.000000
206.000000 166.000000
198.000000 174.000000
208.000000 176.000000
219.000000 177.000000
230.000000 174.000000
126.000000 169.000000
217.000000 169.000000
157.000000 171.000000
154.000000 189.000000
151.000000 204.000000
146.000000 218.000000
142.000000 233.000000
156.000000 240.000000
172.000000 245.000000
187.000000 240.000000
201.000000 232.000000
198.000000 217.000000
193.000000 204.000000
188.000000 188.000000
186.000000 172.000000
207.000000 275.000000
193.000000 265.000000
182.000000 262.000000
173.000000 265.000000
161.000000 263.000000
147.000000 267.000000
136.000000 273.000000
146.000000 279.000000
156.000000 284.000000
167.000000 288.000000
178.000000 288.000000
189.000000 284.000000
197.000000 279.000000
