188.000000 50.000000
157.000000 51.000000
121.000000 62.000000
101.000000 87.000000
94.000000 117.000000
89.000000 146.000000
86.000000 178.000000
89.000000 207.000000
98.000000 237.000000
111.000000 271.000000
136.000000 292.000000
176.000000 307.000000
208.000000 294.000000
236.000000 265.000000
251.000000 237.000000
260.000000 212.000000
266.000000 182.000000
267.000000 153.000000
263.000000 126.000000
257.000000 94.000000
242.000000 70.000000
218.000000 53.000000
154.000000 113.000000
141.000000 111.000000
130.000000 110.000000
118.000000 113.000000
109.000000 123.000000
117.000000 130.000000
123.000000 124.000000
130.000000 117.000000
141.000000 119.000000
152.000000 121.000000
250.000000 123.000000
242.000000 115.000000
229.000000 110.000000
217.000000 113.000000
206.000000 115.000000
207.000000 123.000000
218.000000 121.000000
229.000000 121.000000
239.000000 124.000000
247.000000 130.000000
157.000000 145.000000
150.000000 137.000000
139.000000 135.000000
131.000000 138.000000
125.000000 142.000000
133.000000 147.000000
139.000000 149.000000
147.000000 148.000000
239.000000 146.000000
229.000000 140.000000
219.000000 138.000000
210.000000 141.000000
204.000000 145.000000
212.000000 150.000000
221.000000 151.000000
232.000000 150.000000
138.000000 141.000000
220.000000 144.000000
167.000000 144.000000
164.000000 158.000000
162.000000 172.000000
155.000000 185.000000
153.000000 196.000000
167.000000 200.000000
180.000000 200.000000
189.000000 199.000000
204.000000 197.000000
200.000000 186.000000
195.000000 173.000000
193.000000 160.000000
192.000000 145.000000
208.000000 231.000000
200.000000 223.000000
187.000000 220.000000
178.000000 222.000000
167.000000 219.000000
155.000000 224.000000
145.000000 231.000000
152.000000 238.000000
161.000000 242.000000
171.000000 244.000000
182.000000 245.000000
191.000000 244.000000
201.000000 239.000000
