174.000000 43.000000
141.000000 44.000000
89.000000 56.000000
78.000000 91.000000
72.000000 123.000000
71.000000 157.000000
73.000000 191.000000
84.000000 228.000000
95.000000 262.000000
113.000000 292.000000
139.000000 317.000000
178.000000 330.000000
218.000000 315.000000
245.000000 290.000000
264.000000 256.000000
272.000000 223.000000
278.000000 190.000000
282.000000 155.000000
276.000000 122.000000
272.000000 94.000000
258.000000 67.000000
217.000000 46.000000
150.000000 123.000000
134.000000 117.000000
118.000000 113.000000
102.000000 114.000000
89.000000 123.000000
92.000000 132.000000
105.000000 127.000000
119.000000 127.000000
134.000000 129.000000
149.000000 134.000000
260.000000 118.000000
246.000000 110.000000
232.000000 111.000000
218.000000 115.000000
202.000000 121.000000
204.000000 132.000000
220.000000 127.000000
234.000000 123.000000
246.000000 123.000000
257.000000 126.000000
149.000000 156.000000
141.000000 146.000000
129.000000 140.000000
116.000000 142.000000
106.000000 149.000000
114.000000 156.000000
126.000000 158.000000
137.000000 157.000000
245.000000 148.000000
237.000000 141.000000
225.000000 140.000000
212.000000 144.000000
204.000000 154.000000
215.000000 156.000000
226.000000 156.000000
237.000000 154.000000
127.000000 149.000000
225.000000 147.000000
162.000000 151.000000
159.000000 170.000000
156.000000 187.000000
151.000000 202.000000
145.000000 218.000000
157.000000 228.000000
176.000000 233.000000
195.000000 227.000000
207.000000 216.000000
200.000000 202.000000
195.000000 185.000000
191.000000 170.000000
188.000000 151.000000
223.000000 248.000000
204.000000 247.000000
189.000000 245.000000
177.000000 248.000000
167.000000 247.000000
150.000000 249.000000
131.000000 250.000000
145.000000 263.000000
157.000000 270.000000
171.000000 274.000000
184.000000 274.000000
197.000000 269.000000
209.000000 262.000000
