178.000000 64.000000
146.000000 66.000000
111.000000 74.000000
94.000000 101.000000
85.000000 128.000000
82.000000 155.000000
83.000000 185.000000
89.000000 213.000000
98.000000 240.000000
115.000000 265.000000
138.000000 283.000000
171.000000 292.000000
205.000000 282.000000
226.000000 266.000000
245.000000 242.000000
256.000000 214.000000
261.000000 186.000000
262.000000 155.000000
259.000000 127.000000
254.000000 96.000000
231.000000 71.000000
204.000000 66.000000
150.000000 126.000000
138.000000 122.000000
126.000000 120.000000
113.000000 120.000000
102.000000 125.000000
104.000000 131.000000
115.000000 129.000000
126.000000 129.000000
137.000000 131.000000
147.000000 133.000000
243.000000 125.000000
231.000000 121.000000
219.000000 120.000000
207.000000 123.000000
196.000000 127.000000
198.000000 134.000000
209.000000 132.000000
220.000000 130.000000
231.000000 130.000000
240.000000 131.000000
148.000000 154.000000
142.000000 145.000000
131.000000 143.000000
122.000000 146.000000
112.000000 151.000000
121.000000 155.000000
132.000000 157.000000
140.000000 156.000000
232.000000 153.000000
225.000000 146.000000
214.000000 144.000000
204.000000 148.000000
198.000000 155.000000
206.000000 158.000000
215.000000 159.000000
223.000000 157.000000
133.000000 150.000000
212.000000 151.000000
159.000000 150.000000
158.000000 166.000000
156.000000 180.000000
151.000000 194.000000
145.000000 208.000000
157.000000 214.000000
172.000000 218.000000
188.000000 215.000000
199.000000 209.000000
195.000000 196.000000
191.000000 182.000000
188.000000 167.000000
188.000000 151.000000
203.000000 238.000000
190.000000 235.000000
181.000000 232.000000
172.000000 235.000000
162.000000 232.000000
151.000000 234.000000
142.000000 236.000000
148.000000 245.000000
156.000000 250.000000
166.000000 253.000000
177.000000 254.000000
186.000000 251.000000
194.000000 245.000000
