173.000000 21.000000
128.000000 26.000000
105.000000 50.000000
97.000000 80.000000
92.000000 115.000000
86.000000 147.000000
86.000000 182.000000
90.000000 216.000000
102.000000 250.000000
124.000000 279.000000
152.000000 302.000000
189.000000 314.000000
225.000000 302.000000
251.000000 278.000000
272.000000 249.000000
283.000000 218.000000
290.000000 187.000000
294.000000 155.000000
298.000000 121.000000
290.000000 92.000000
274.000000 49.000000
230.000000 27.000000
170.000000 117.000000
157.000000 113.000000
143.000000 110.000000
130.000000 110.000000
116.000000 116.000000
119.000000 125.000000
131.000000 122.000000
144.000000 121.000000
156.000000 123.000000
168.000000 127.000000
271.000000 119.000000
259.000000 113.000000
246.000000 112.000000
233.000000 115.000000
219.000000 120.000000
221.000000 128.000000
234.000000 125.000000
246.000000 122.000000
258.000000 122.000000
268.000000 126.000000
168.000000 149.000000
161.000000 140.000000
149.000000 135.000000
138.000000 136.000000
128.000000 142.000000
136.000000 148.000000
147.000000 151.000000
158.000000 151.000000
261.000000 147.000000
252.000000 140.000000
241.000000 138.000000
230.000000 142.000000
222.000000 150.000000
232.000000 154.000000
243.000000 154.000000
253.000000 152.000000
148.000000 142.000000
241.000000 145.000000
183.000000 145.000000
180.000000 163.000000
176.000000 179.000000
170.000000 192.000000
164.000000 208.000000
178.000000 217.000000
195.000000 223.000000
211.000000 219.000000
225.000000 209.000000
220.000000 195.000000
215.000000 181.000000
211.000000 164.000000
209.000000 146.000000
227.000000 248.000000
216.000000 243.000000
205.000000 240.000000
195.000000 243.000000
185.000000 239.000000
172.000000 243.000000
155.000000 244.000000
166.000000 255.000000
176.000000 261.000000
188.000000 266.000000
200.000000 266.000000
211.000000 262.000000
220.000000 256.000000
