171.000000 53.000000
139.000000 60.000000
114.000000 70.000000
97.000000 97.000000
95.000000 123.000000
98.000000 150.000000
101.000000 178.000000
107.000000 205.000000
115.000000 232.000000
129.000000 254.000000
150.000000 271.000000
182.000000 278.000000
211.000000 269.000000
231.000000 249.000000
244.000000 225.000000
250.000000 197.000000
256.000000 172.000000
257.000000 144.000000
252.000000 120.000000
249.000000 92.000000
228.000000 68.000000
202.000000 57.000000
154.000000 117.000000
143.000000 113.000000
133.000000 111.000000
123.000000 112.000000
113.000000 116.000000
115.000000 122.000000
124.000000 119.000000
134.000000 119.000000
143.000000 121.000000
151.000000 124.000000
238.000000 114.000000
229.000000 110.000000
218.000000 109.000000
207.000000 112.000000
198.000000 116.000000
201.000000 123.000000
210.000000 119.000000
220.000000 117.000000
229.000000 117.000000
237.000000 119.000000
154.000000 146.000000
148.000000 140.000000
139.000000 136.000000
131.000000 138.000000
123.000000 142.000000
129.000000 147.000000
139.000000 149.000000
148.000000 147.000000
229.000000 140.000000
222.000000 135.000000
214.000000 134.000000
207.000000 137.000000
201.000000 143.000000
208.000000 145.000000
216.000000 146.000000
224.000000 144.000000
139.000000 142.000000
214.000000 140.000000
164.000000 141.000000
163.000000 155.000000
161.000000 167.000000
157.000000 180.000000
153.000000 192.000000
165.000000 197.000000
179.000000 199.000000
191.000000 196.000000
203.000000 190.000000
199.000000 178.000000
194.000000 166.000000
192.000000 154.000000
189.000000 140.000000
207.000000 222.000000
197.000000 215.000000
187.000000 211.000000
180.000000 214.000000
170.000000 212.000000
161.000000 217.000000
151.000000 224.000000
157.000000 231.000000
165.000000 235.000000
175.000000 237.000000
185.000000 237.000000
193.000000 234.000000
200.000000 228.000000
