183.000000 45.000000
149.000000 47.000000
117.000000 60.000000
95.000000 82.000000
83.000000 112.000000
76.000000 152.000000
76.000000 184.000000
80.000000 214.000000
84.000000 247.000000
110.000000 269.000000
136.000000 288.000000
173.000000 295.000000
206.000000 284.000000
230.000000 272.000000
249.000000 246.000000
260.000000 216.000000
266.000000 184.000000
267.000000 154.000000
263.000000 125.000000
257.000000 90.000000
232.000000 63.000000
207.000000 51.000000
155.000000 107.000000
141.000000 102.000000
127.000000 100.000000
113.000000 100.000000
100.000000 106.000000
102.000000 113.000000
115.000000 111.000000
128.000000 112.000000
140.000000 114.000000
153.000000 118.000000
252.000000 115.000000
241.000000 107.000000
228.000000 104.000000
214.000000 106.000000
201.000000 109.000000
204.000000 119.000000
216.000000 116.000000
229.000000 115.000000
240.000000 117.000000
250.000000 121.000000
150.000000 145.000000
143.000000 137.000000
134.000000 132.000000
124.000000 133.000000
115.000000 138.000000
122.000000 144.000000
132.000000 147.000000
141.000000 147.000000
235.000000 143.000000
226.000000 137.000000
217.000000 136.000000
208.000000 139.000000
200.000000 146.000000
209.000000 149.000000
218.000000 151.000000
228.000000 149.000000
132.000000 139.000000
217.000000 143.000000
164.000000 140.000000
160.000000 157.000000
156.000000 172.000000
151.000000 185.000000
146.000000 199.000000
160.000000 205.000000
175.000000 209.000000
189.000000 207.000000
203.000000 200.000000
199.000000 187.000000
194.000000 173.000000
192.000000 160.000000
190.000000 142.000000
206.000000 234.000000
194.000000 230.000000
184.000000 226.000000
175.000000 229.000000
163.000000 226.000000
151.000000 229.000000
136.000000 233.000000
144.000000 242.000000
154.000000 250.000000
167.000000 254.000000
179.000000 254.000000
190.000000 250.000000
199.000000 243.000000
