176.000000 56.000000
147.000000 60.000000
121.000000 72.000000
100.000000 92.000000
86.000000 117.000000
80.000000 145.000000
80.000000 176.000000
84.000000 207.000000
92.000000 237.000000
112.000000 261.000000
137.000000 279.000000
169.000000 289.000000
203.000000 279.000000
227.000000 262.000000
247.000000 240.000000
257.000000 212.000000
264.000000 184.000000
265.000000 152.000000
261.000000 123.000000
249.000000 97.000000
229.000000 76.000000
204.000000 62.000000
153.000000 121.000000
139.000000 116.000000
126.000000 114.000000
113.000000 113.000000
101.000000 118.000000
102.000000 124.000000
113.000000 122.000000
126.000000 123.000000
138.000000 125.000000
150.000000 129.000000
239.000000 121.000000
228.000000 117.000000
216.000000 117.000000
204.000000 119.000000
192.000000 123.000000
194.000000 130.000000
206.000000 127.000000
217.000000 126.000000
227.000000 125.000000
237.000000 127.000000
148.000000 147.000000
141.000000 139.000000
132.000000 136.000000
123.000000 137.000000
116.000000 142.000000
121.000000 147.000000
130.000000 150.000000
139.000000 150.000000
227.000000 145.000000
220.000000 139.000000
211.000000 137.000000
203.000000 140.000000
196.000000 146.000000
203.000000 150.000000
212.000000 151.000000
222.000000 150.000000
130.000000 142.000000
211.000000 144.000000
161.000000 143.000000
158.000000 156.000000
154.000000 169.000000
150.000000 182.000000
145.000000 195.000000
157.000000 203.000000
171.000000 206.000000
185.000000 204.000000
197.000000 196.000000
193.000000 184.000000
189.000000 171.000000
186.000000 158.000000
184.000000 144.000000
202.000000 229.000000
190.000000 225.000000
181.000000 221.000000
171.000000 224.000000
160.000000 221.000000
149.000000 224.000000
138.000000 229.000000
145.000000 238.000000
153.000000 243.000000
164.000000 246.000000
176.000000 247.000000
186.000000 243.000000
195.000000 237.000000
