177.000000 60.000000
140.000000 62.000000
112.000000 69.000000
89.000000 90.000000
79.000000 126.000000
79.000000 158.000000
81.000000 187.000000
87.000000 216.000000
97.000000 246.000000
115.000000 272.000000
140.000000 294.000000
175.000000 306.000000
211.000000 295.000000
240.000000 272.000000
258.000000 246.000000
268.000000 219.000000
272.000000 188.000000
274.000000 158.000000
274.000000 127.000000
264.000000 100.000000
241.000000 72.000000
209.000000 61.000000
151.000000 128.000000
137.000000 124.000000
123.000000 121.000000
110.000000 121.000000
98.000000 127.000000
100.000000 134.000000
111.000000 131.000000
123.000000 131.000000
136.000000 134.000000
148.000000 136.000000
250.000000 124.000000
238.000000 120.000000
224.000000 119.000000
212.000000 121.000000
198.000000 125.000000
199.000000 133.000000
214.000000 131.000000
226.000000 128.000000
237.000000 127.000000
248.000000 130.000000
146.000000 156.000000
140.000000 148.000000
130.000000 144.000000
119.000000 144.000000
111.000000 150.000000
118.000000 156.000000
127.000000 158.000000
136.000000 157.000000
238.000000 150.000000
230.000000 144.000000
219.000000 143.000000
209.000000 146.000000
201.000000 153.000000
210.000000 156.000000
221.000000 156.000000
231.000000 155.000000
128.000000 150.000000
220.000000 149.000000
160.000000 151.000000
158.000000 167.000000
155.000000 180.000000
150.000000 194.000000
145.000000 210.000000
157.000000 216.000000
171.000000 217.000000
188.000000 216.000000
200.000000 208.000000
196.000000 195.000000
191.000000 182.000000
187.000000 166.000000
186.000000 152.000000
203.000000 246.000000
191.000000 240.000000
182.000000 235.000000
172.000000 239.000000
163.000000 235.000000
152.000000 239.000000
142.000000 245.000000
149.000000 254.000000
157.000000 260.000000
167.000000 264.000000
179.000000 264.000000
189.000000 261.000000
198.000000 255.000000
