175.000000 72.000000
145.000000 76.000000
116.000000 83.000000
95.000000 108.000000
88.000000 135.000000
83.000000 163.000000
83.000000 194.000000
87.000000 223.000000
97.000000 251.000000
116.000000 273.000000
141.000000 289.000000
176.000000 296.000000
206.000000 288.000000
229.000000 271.000000
249.000000 250.000000
256.000000 223.000000
261.000000 197.000000
263.000000 168.000000
260.000000 140.000000
251.000000 114.000000
231.000000 92.000000
204.000000 76.000000
154.000000 132.000000
141.000000 129.000000
127.000000 129.000000
115.000000 130.000000
103.000000 136.000000
105.000000 142.000000
116.000000 140.000000
128.000000 139.000000
140.000000 139.000000
152.000000 141.000000
244.000000 134.000000
232.000000 130.000000
220.000000 129.000000
206.000000 130.000000
193.000000 134.000000
195.000000 143.000000
208.000000 140.000000
221.000000 138.000000
232.000000 138.000000
242.000000 141.000000
150.000000 162.000000
143.000000 156.000000
134.000000 153.000000
125.000000 154.000000
117.000000 159.000000
124.000000 164.000000
133.000000 166.000000
142.000000 165.000000
232.000000 158.000000
224.000000 154.000000
215.000000 152.000000
206.000000 156.000000
199.000000 162.000000
208.000000 164.000000
217.000000 165.000000
226.000000 163.000000
132.000000 159.000000
216.000000 159.000000
162.000000 158.000000
159.000000 171.000000
156.000000 184.000000
151.000000 195.000000
148.000000 208.000000
160.000000 216.000000
175.000000 220.000000
190.000000 216.000000
202.000000 208.000000
198.000000 197.000000
194.000000 185.000000
190.000000 173.000000
188.000000 158.000000
208.000000 241.000000
196.000000 237.000000
185.000000 233.000000
176.000000 236.000000
166.000000 233.000000
154.000000 237.000000
141.000000 241.000000
149.000000 251.000000
158.000000 258.000000
170.000000 261.000000
182.000000 261.000000
193.000000 257.000000
201.000000 250.000000
