181.000000 81.000000
137.000000 82.000000
104.000000 92.000000
93.000000 122.000000
85.000000 154.000000
88.000000 183.000000
89.000000 213.000000
93.000000 242.000000
102.000000 272.000000
121.000000 296.000000
146.000000 315.000000
180.000000 324.000000
215.000000 314.000000
242.000000 294.000000
265.000000 269.000000
270.000000 240.000000
274.000000 211.000000
275.000000 181.000000
279.000000 150.000000
271.000000 115.000000
251.000000 83.000000
222.000000 80.000000
156.000000 160.000000
143.000000 155.000000
130.000000 152.000000
118.000000 150.000000
107.000000 153.000000
108.000000 160.000000
119.000000 160.000000
129.000000 162.000000
142.000000 165.000000
153.000000 168.000000
250.000000 155.000000
239.000000 151.000000
228.000000 152.000000
217.000000 154.000000
204.000000 158.000000
205.000000 166.000000
219.000000 164.000000
230.000000 161.000000
239.000000 160.000000
249.000000 161.000000
155.000000 188.000000
149.000000 180.000000
140.000000 176.000000
130.000000 177.000000
122.000000 181.000000
127.000000 187.000000
136.000000 190.000000
146.000000 190.000000
236.000000 182.000000
228.000000 177.000000
218.000000 177.000000
210.000000 180.000000
204.000000 187.000000
212.000000 190.000000
222.000000 191.000000
231.000000 188.000000
139.000000 183.000000
220.000000 183.000000
167.000000 186.000000
164.000000 201.000000
161.000000 214.000000
156.000000 228.000000
151.000000 241.000000
163.000000 249.000000
179.000000 253.000000
194.000000 248.000000
205.000000 240.000000
200.000000 228.000000
195.000000 215.000000
192.000000 200.000000
190.000000 185.000000
212.000000 270.000000
199.000000 264.000000
188.000000 262.000000
178.000000 264.000000
169.000000 262.000000
157.000000 264.000000
145.000000 268.000000
153.000000 277.000000
162.000000 284.000000
173.000000 288.000000
185.000000 288.000000
195.000000 284.000000
205.000000 278.000000
