175.000000 68.000000
147.000000 73.000000
113.000000 76.000000
95.000000 103.000000
90.000000 132.000000
87.000000 160.000000
89.000000 190.000000
95.000000 220.000000
103.000000 251.000000
119.000000 274.000000
143.000000 292.000000
178.000000 302.000000
214.000000 291.000000
240.000000 272.000000
252.000000 247.000000
258.000000 216.000000
263.000000 189.000000
268.000000 156.000000
263.000000 128.000000
251.000000 100.000000
232.000000 79.000000
204.000000 71.000000
152.000000 129.000000
140.000000 124.000000
127.000000 122.000000
115.000000 123.000000
104.000000 128.000000
106.000000 135.000000
117.000000 134.000000
127.000000 133.000000
139.000000 135.000000
149.000000 137.000000
245.000000 124.000000
234.000000 119.000000
222.000000 119.000000
210.000000 121.000000
197.000000 126.000000
199.000000 134.000000
212.000000 132.000000
224.000000 129.000000
234.000000 129.000000
243.000000 130.000000
151.000000 156.000000
144.000000 150.000000
134.000000 146.000000
125.000000 148.000000
118.000000 153.000000
124.000000 158.000000
133.000000 160.000000
142.000000 158.000000
233.000000 151.000000
225.000000 146.000000
216.000000 146.000000
208.000000 149.000000
201.000000 155.000000
209.000000 158.000000
218.000000 158.000000
227.000000 157.000000
133.000000 153.000000
217.000000 151.000000
162.000000 153.000000
160.000000 168.000000
157.000000 181.000000
152.000000 194.000000
148.000000 208.000000
160.000000 215.000000
175.000000 219.000000
190.000000 215.000000
203.000000 206.000000
198.000000 194.000000
194.000000 182.000000
190.000000 167.000000
188.000000 152.000000
208.000000 243.000000
196.000000 236.000000
185.000000 231.000000
176.000000 235.000000
168.000000 231.000000
158.000000 236.000000
146.000000 243.000000
153.000000 252.000000
160.000000 259.000000
171.000000 264.000000
183.000000 264.000000
193.000000 259.000000
200.000000 252.000000
