173.000000 71.000000
146.000000 73.000000
119.000000 80.000000
98.000000 96.000000
93.000000 122.000000
90.000000 148.000000
90.000000 177.000000
95.000000 203.000000
105.000000 226.000000
121.000000 246.000000
143.000000 262.000000
175.000000 270.000000
205.000000 261.000000
229.000000 244.000000
245.000000 222.000000
253.000000 197.000000
258.000000 171.000000
257.000000 143.000000
252.000000 118.000000
244.000000 91.000000
226.000000 75.000000
199.000000 72.000000
154.000000 120.000000
142.000000 117.000000
130.000000 116.000000
119.000000 117.000000
109.000000 123.000000
111.000000 130.000000
121.000000 127.000000
132.000000 126.000000
142.000000 127.000000
153.000000 129.000000
237.000000 120.000000
227.000000 114.000000
216.000000 112.000000
205.000000 114.000000
193.000000 118.000000
196.000000 127.000000
207.000000 123.000000
218.000000 122.000000
227.000000 123.000000
236.000000 126.000000
150.000000 150.000000
145.000000 143.000000
136.000000 140.000000
127.000000 142.000000
120.000000 147.000000
127.000000 152.000000
135.000000 154.000000
143.000000 153.000000
227.000000 145.000000
220.000000 140.000000
211.000000 139.000000
203.000000 142.000000
197.000000 149.000000
204.000000 152.000000
214.000000 153.000000
222.000000 150.000000
136.000000 146.000000
211.000000 145.000000
161.000000 143.000000
159.000000 157.000000
156.000000 169.000000
152.000000 181.000000
148.000000 194.000000
161.000000 200.000000
174.000000 203.000000
188.000000 200.000000
200.000000 193.000000
196.000000 181.000000
192.000000 169.000000
187.000000 156.000000
186.000000 143.000000
205.000000 223.000000
194.000000 219.000000
184.000000 216.000000
176.000000 219.000000
165.000000 216.000000
154.000000 221.000000
142.000000 224.000000
152.000000 230.000000
161.000000 234.000000
171.000000 236.000000
181.000000 236.000000
190.000000 233.000000
198.000000 228.000000
