177.000000 50.000000
138.000000 47.000000
104.000000 66.000000
93.000000 96.000000
89.000000 126.000000
84.000000 154.000000
85.000000 186.000000
92.000000 216.000000
103.000000 244.000000
119.000000 272.000000
144.000000 292.000000
181.000000 305.000000
215.000000 294.000000
235.000000 272.000000
254.000000 242.000000
263.000000 212.000000
268.000000 184.000000
270.000000 155.000000
265.000000 126.000000
252.000000 100.000000
250.000000 67.000000
215.000000 49.000000
148.000000 109.000000
135.000000 107.000000
123.000000 106.000000
111.000000 110.000000
101.000000 118.000000
104.000000 124.000000
114.000000 120.000000
124.000000 117.000000
135.000000 118.000000
146.000000 119.000000
244.000000 115.000000
235.000000 109.000000
224.000000 107.000000
212.000000 108.000000
202.000000 111.000000
204.000000 120.000000
215.000000 118.000000
225.000000 117.000000
234.000000 118.000000
242.000000 122.000000
149.000000 150.000000
143.000000 142.000000
133.000000 138.000000
123.000000 139.000000
116.000000 145.000000
123.000000 151.000000
133.000000 153.000000
142.000000 152.000000
233.000000 143.000000
225.000000 138.000000
217.000000 136.000000
207.000000 139.000000
201.000000 146.000000
210.000000 150.000000
218.000000 149.000000
227.000000 148.000000
133.000000 145.000000
215.000000 143.000000
162.000000 144.000000
160.000000 161.000000
157.000000 175.000000
152.000000 188.000000
149.000000 202.000000
162.000000 208.000000
176.000000 210.000000
190.000000 208.000000
203.000000 202.000000
200.000000 189.000000
195.000000 176.000000
191.000000 161.000000
189.000000 144.000000
208.000000 234.000000
196.000000 230.000000
186.000000 226.000000
177.000000 230.000000
167.000000 227.000000
158.000000 231.000000
147.000000 235.000000
153.000000 245.000000
162.000000 252.000000
172.000000 255.000000
184.000000 255.000000
194.000000 250.000000
202.000000 243.000000
