178.000000 69.000000
147.000000 68.000000
112.000000 71.000000
93.000000 102.000000
91.000000 135.000000
85.000000 163.000000
86.000000 195.000000
92.000000 224.000000
100.000000 253.000000
115.000000 279.000000
136.000000 302.000000
169.000000 317.000000
203.000000 306.000000
226.000000 284.000000
245.000000 258.000000
255.000000 229.000000
263.000000 200.000000
266.000000 170.000000
263.000000 142.000000
258.000000 105.000000
239.000000 75.000000
209.000000 68.000000
149.000000 138.000000
137.000000 135.000000
126.000000 133.000000
115.000000 133.000000
104.000000 137.000000
107.000000 144.000000
117.000000 142.000000
127.000000 142.000000
137.000000 143.000000
146.000000 146.000000
245.000000 139.000000
234.000000 135.000000
223.000000 134.000000
211.000000 136.000000
200.000000 139.000000
202.000000 147.000000
213.000000 144.000000
224.000000 142.000000
234.000000 142.000000
243.000000 146.000000
149.000000 170.000000
143.000000 162.000000
133.000000 158.000000
124.000000 160.000000
116.000000 164.000000
122.000000 169.000000
132.000000 172.000000
140.000000 171.000000
232.000000 167.000000
225.000000 162.000000
215.000000 161.000000
206.000000 165.000000
198.000000 171.000000
207.000000 173.000000
216.000000 173.000000
225.000000 172.000000
132.000000 164.000000
216.000000 167.000000
161.000000 165.000000
158.000000 182.000000
155.000000 196.000000
150.000000 209.000000
146.000000 223.000000
157.000000 230.000000
171.000000 234.000000
186.000000 231.000000
200.000000 224.000000
196.000000 211.000000
192.000000 198.000000
188.000000 182.000000
188.000000 166.000000
201.000000 263.000000
191.000000 258.000000
180.000000 254.000000
172.000000 257.000000
162.000000 253.000000
152.000000 257.000000
141.000000 262.000000
146.000000 270.000000
155.000000 278.000000
164.000000 282.000000
176.000000 283.000000
186.000000 279.000000
194.000000 272.000000
