179.000000 69.000000
149.000000 73.000000
118.000000 79.000000
102.000000 104.000000
100.000000 133.000000
95.000000 158.000000
96.000000 186.000000
105.000000 215.000000
106.000000 241.000000
122.000000 264.000000
144.000000 283.000000
174.000000 293.000000
206.000000 283.000000
229.000000 265.000000
246.000000 242.000000
254.000000 217.000000
258.000000 191.000000
262.000000 162.000000
258.000000 136.000000
250.000000 110.000000
234.000000 85.000000
210.000000 72.000000
156.000000 135.000000
145.000000 131.000000
133.000000 128.000000
121.000000 127.000000
110.000000 130.000000
111.000000 136.000000
122.000000 135.000000
133.000000 136.000000
145.000000 140.000000
154.000000 143.000000
242.000000 132.000000
231.000000 129.000000
220.000000 129.000000
207.000000 132.000000
197.000000 136.000000
199.000000 143.000000
209.000000 140.000000
220.000000 138.000000
231.000000 137.000000
240.000000 137.000000
156.000000 160.000000
149.000000 151.000000
140.000000 147.000000
130.000000 149.000000
122.000000 154.000000
129.000000 160.000000
138.000000 162.000000
146.000000 162.000000
231.000000 156.000000
224.000000 150.000000
213.000000 148.000000
204.000000 152.000000
198.000000 159.000000
206.000000 162.000000
215.000000 164.000000
225.000000 161.000000
139.000000 155.000000
214.000000 156.000000
165.000000 156.000000
163.000000 170.000000
161.000000 183.000000
157.000000 196.000000
153.000000 208.000000
163.000000 216.000000
176.000000 221.000000
192.000000 217.000000
202.000000 208.000000
196.000000 195.000000
192.000000 183.000000
189.000000 171.000000
187.000000 156.000000
211.000000 237.000000
197.000000 236.000000
185.000000 234.000000
176.000000 236.000000
168.000000 234.000000
155.000000 236.000000
142.000000 238.000000
152.000000 247.000000
160.000000 253.000000
171.000000 257.000000
182.000000 257.000000
192.000000 253.000000
201.000000 247.000000
