170.000000 73.000000
142.000000 75.000000
116.000000 86.000000
100.000000 109.000000
93.000000 133.000000
90.000000 159.000000
91.000000 185.000000
96.000000 212.000000
105.000000 238.000000
123.000000 260.000000
147.000000 276.000000
178.000000 283.000000
208.000000 272.000000
227.000000 253.000000
239.000000 230.000000
248.000000 206.000000
254.000000 179.000000
255.000000 153.000000
250.000000 127.000000
246.000000 103.000000
226.000000 80.000000
198.000000 73.000000
152.000000 123.000000
140.000000 120.000000
128.000000 118.000000
116.000000 119.000000
107.000000 126.000000
110.000000 131.000000
119.000000 128.000000
129.000000 128.000000
140.000000 130.000000
151.000000 131.000000
237.000000 121.000000
227.000000 115.000000
217.000000 116.000000
207.000000 118.000000
198.000000 122.000000
200.000000 129.000000
209.000000 126.000000
218.000000 124.000000
227.000000 124.000000
236.000000 126.000000
153.000000 153.000000
146.000000 146.000000
136.000000 143.000000
128.000000 146.000000
122.000000 151.000000
130.000000 155.000000
137.000000 155.000000
144.000000 154.000000
226.000000 147.000000
219.000000 142.000000
210.000000 141.000000
203.000000 144.000000
197.000000 150.000000
204.000000 152.000000
212.000000 153.000000
221.000000 151.000000
136.000000 149.000000
211.000000 147.000000
164.000000 149.000000
163.000000 163.000000
161.000000 175.000000
157.000000 187.000000
152.000000 198.000000
163.000000 203.000000
178.000000 206.000000
192.000000 203.000000
201.000000 196.000000
196.000000 185.000000
191.000000 173.000000
189.000000 163.000000
187.000000 149.000000
206.000000 227.000000
195.000000 224.000000
186.000000 222.000000
178.000000 225.000000
169.000000 223.000000
158.000000 226.000000
146.000000 231.000000
155.000000 238.000000
164.000000 241.000000
173.000000 243.000000
183.000000 243.000000
191.000000 240.000000
198.000000 235.000000
