166.000000 27.000000
128.000000 40.000000
100.000000 58.000000
83.000000 92.000000
80.000000 123.000000
75.000000 156.000000
77.000000 192.000000
82.000000 228.000000
88.000000 263.000000
110.000000 295.000000
153.000000 306.000000
191.000000 319.000000
226.000000 313.000000
259.000000 294.000000
276.000000 254.000000
282.000000 220.000000
286.000000 186.000000
288.000000 151.000000
282.000000 118.000000
275.000000 84.000000
252.000000 50.000000
215.000000 33.000000
162.000000 119.000000
146.000000 114.000000
130.000000 112.000000
115.000000 113.000000
102.000000 121.000000
105.000000 128.000000
117.000000 124.000000
130.000000 124.000000
144.000000 126.000000
160.000000 130.000000
267.000000 121.000000
256.000000 115.000000
242.000000 114.000000
228.000000 116.000000
214.000000 122.000000
216.000000 132.000000
231.000000 128.000000
244.000000 125.000000
255.000000 125.000000
265.000000 128.000000
162.000000 157.000000
153.000000 148.000000
142.000000 144.000000
130.000000 145.000000
121.000000 152.000000
129.000000 158.000000
140.000000 160.000000
152.000000 160.000000
253.000000 151.000000
244.000000 145.000000
233.000000 144.000000
223.000000 148.000000
216.000000 156.000000
226.000000 160.000000
237.000000 161.000000
247.000000 158.000000
140.000000 151.000000
234.000000 152.000000
177.000000 153.000000
173.000000 169.000000
168.000000 183.000000
162.000000 197.000000
159.000000 213.000000
174.000000 222.000000
190.000000 225.000000
204.000000 222.000000
217.000000 213.000000
214.000000 199.000000
209.000000 183.000000
205.000000 170.000000
202.000000 153.000000
224.000000 250.000000
211.000000 245.000000
199.000000 241.000000
190.000000 244.000000
179.000000 241.000000
166.000000 245.000000
148.000000 250.000000
159.000000 259.000000
170.000000 267.000000
184.000000 270.000000
197.000000 270.000000
208.000000 265.000000
217.000000 258.000000
