164.000000 39.000000
127.000000 47.000000
106.000000 64.000000
95.000000 83.000000
91.000000 113.000000
86.000000 142.000000
86.000000 175.000000
92.000000 208.000000
100.000000 237.000000
126.000000 260.000000
151.000000 279.000000
182.000000 292.000000
219.000000 275.000000
240.000000 253.000000
255.000000 227.000000
264.000000 200.000000
266.000000 171.000000
268.000000 142.000000
268.000000 114.000000
263.000000 89.000000
238.000000 63.000000
204.000000 44.000000
161.000000 119.000000
149.000000 115.000000
138.000000 113.000000
126.000000 112.000000
113.000000 117.000000
115.000000 125.000000
127.000000 122.000000
139.000000 124.000000
149.000000 125.000000
160.000000 129.000000
255.000000 120.000000
245.000000 115.000000
233.000000 114.000000
221.000000 116.000000
210.000000 120.000000
212.000000 129.000000
223.000000 125.000000
234.000000 123.000000
245.000000 124.000000
254.000000 127.000000
158.000000 151.000000
152.000000 143.000000
142.000000 139.000000
132.000000 140.000000
124.000000 146.000000
129.000000 151.000000
140.000000 153.000000
151.000000 152.000000
242.000000 145.000000
233.000000 140.000000
224.000000 140.000000
215.000000 143.000000
209.000000 151.000000
217.000000 153.000000
227.000000 154.000000
236.000000 151.000000
141.000000 145.000000
223.000000 146.000000
171.000000 146.000000
168.000000 161.000000
165.000000 176.000000
160.000000 189.000000
156.000000 205.000000
170.000000 212.000000
186.000000 216.000000
202.000000 211.000000
214.000000 203.000000
210.000000 188.000000
205.000000 175.000000
200.000000 161.000000
198.000000 146.000000
218.000000 230.000000
205.000000 226.000000
195.000000 224.000000
186.000000 227.000000
177.000000 225.000000
163.000000 228.000000
146.000000 227.000000
155.000000 238.000000
166.000000 246.000000
180.000000 251.000000
192.000000 251.000000
204.000000 247.000000
213.000000 239.000000
