170.000000 70.000000
143.000000 75.000000
111.000000 85.000000
96.000000 105.000000
89.000000 133.000000
86.000000 160.000000
88.000000 189.000000
93.000000 217.000000
102.000000 242.000000
118.000000 263.000000
142.000000 278.000000
175.000000 284.000000
207.000000 276.000000
229.000000 259.000000
246.000000 238.000000
254.000000 212.000000
259.000000 184.000000
260.000000 154.000000
255.000000 127.000000
241.000000 103.000000
221.000000 85.000000
197.000000 73.000000
150.000000 135.000000
137.000000 130.000000
125.000000 128.000000
113.000000 127.000000
103.000000 132.000000
105.000000 137.000000
114.000000 135.000000
124.000000 136.000000
136.000000 138.000000
147.000000 141.000000
238.000000 131.000000
227.000000 126.000000
215.000000 124.000000
203.000000 127.000000
190.000000 132.000000
193.000000 139.000000
205.000000 135.000000
216.000000 132.000000
226.000000 132.000000
235.000000 135.000000
146.000000 161.000000
140.000000 154.000000
131.000000 151.000000
123.000000 153.000000
116.000000 157.000000
122.000000 162.000000
131.000000 164.000000
139.000000 163.000000
223.000000 154.000000
215.000000 150.000000
207.000000 149.000000
200.000000 152.000000
194.000000 158.000000
201.000000 161.000000
210.000000 161.000000
219.000000 159.000000
131.000000 157.000000
209.000000 155.000000
157.000000 157.000000
156.000000 170.000000
154.000000 182.000000
149.000000 194.000000
146.000000 206.000000
158.000000 210.000000
172.000000 213.000000
185.000000 209.000000
196.000000 203.000000
192.000000 192.000000
186.000000 181.000000
183.000000 169.000000
181.000000 155.000000
200.000000 236.000000
190.000000 229.000000
181.000000 225.000000
173.000000 228.000000
162.000000 226.000000
154.000000 230.000000
145.000000 237.000000
152.000000 244.000000
159.000000 248.000000
168.000000 250.000000
178.000000 249.000000
187.000000 246.000000
193.000000 241.000000
