173.000000 27.000000
131.000000 40.000000
100.000000 57.000000
87.000000 86.000000
80.000000 115.000000
75.000000 145.000000
74.000000 179.000000
79.000000 211.000000
82.000000 244.000000
98.000000 271.000000
127.000000 297.000000
172.000000 303.000000
211.000000 299.000000
242.000000 284.000000
262.000000 256.000000
274.000000 216.000000
269.000000 179.000000
270.000000 146.000000
266.000000 116.000000
265.000000 84.000000
245.000000 56.000000
214.000000 36.000000
144.000000 104.000000
129.000000 101.000000
116.000000 100.000000
102.000000 104.000000
92.000000 112.000000
95.000000 118.000000
105.000000 113.000000
117.000000 111.000000
128.000000 111.000000
142.000000 114.000000
248.000000 116.000000
237.000000 107.000000
224.000000 103.000000
209.000000 103.000000
196.000000 107.000000
198.000000 116.000000
211.000000 113.000000
224.000000 113.000000
235.000000 116.000000
244.000000 122.000000
144.000000 143.000000
135.000000 135.000000
124.000000 131.000000
114.000000 133.000000
106.000000 139.000000
114.000000 144.000000
125.000000 147.000000
135.000000 146.000000
233.000000 141.000000
225.000000 135.000000
215.000000 133.000000
205.000000 136.000000
197.000000 143.000000
207.000000 146.000000
216.000000 147.000000
226.000000 146.000000
125.000000 138.000000
216.000000 140.000000
156.000000 137.000000
153.000000 154.000000
149.000000 169.000000
142.000000 182.000000
139.000000 196.000000
153.000000 203.000000
168.000000 207.000000
183.000000 205.000000
198.000000 198.000000
195.000000 184.000000
190.000000 171.000000
186.000000 155.000000
185.000000 138.000000
201.000000 237.000000
190.000000 232.000000
178.000000 228.000000
169.000000 232.000000
157.000000 228.000000
146.000000 232.000000
134.000000 236.000000
142.000000 246.000000
151.000000 252.000000
162.000000 255.000000
174.000000 256.000000
185.000000 251.000000
193.000000 244.000000
