173.000000 72.000000
139.000000 75.000000
109.000000 85.000000
91.000000 111.000000
85.000000 143.000000
82.000000 171.000000
84.000000 201.000000
90.000000 228.000000
99.000000 255.000000
118.000000 277.000000
142.000000 294.000000
175.000000 302.000000
205.000000 291.000000
230.000000 270.000000
248.000000 248.000000
255.000000 222.000000
262.000000 196.000000
266.000000 167.000000
261.000000 138.000000
251.000000 105.000000
235.000000 86.000000
208.000000 73.000000
145.000000 134.000000
133.000000 131.000000
121.000000 129.000000
109.000000 131.000000
97.000000 137.000000
99.000000 144.000000
110.000000 141.000000
122.000000 140.000000
133.000000 141.000000
143.000000 142.000000
243.000000 135.000000
232.000000 130.000000
219.000000 129.000000
206.000000 130.000000
195.000000 134.000000
197.000000 141.000000
208.000000 139.000000
220.000000 137.000000
231.000000 138.000000
240.000000 140.000000
146.000000 165.000000
140.000000 157.000000
130.000000 153.000000
121.000000 154.000000
113.000000 158.000000
119.000000 164.000000
128.000000 166.000000
138.000000 166.000000
229.000000 159.000000
222.000000 154.000000
212.000000 152.000000
203.000000 156.000000
196.000000 163.000000
206.000000 165.000000
215.000000 166.000000
223.000000 163.000000
128.000000 159.000000
212.000000 159.000000
158.000000 160.000000
157.000000 176.000000
154.000000 189.000000
149.000000 202.000000
144.000000 216.000000
156.000000 222.000000
172.000000 226.000000
188.000000 222.000000
199.000000 214.000000
194.000000 202.000000
189.000000 191.000000
186.000000 177.000000
184.000000 160.000000
202.000000 246.000000
191.000000 243.000000
181.000000 240.000000
172.000000 243.000000
163.000000 241.000000
152.000000 243.000000
140.000000 247.000000
147.000000 256.000000
155.000000 263.000000
166.000000 267.000000
178.000000 267.000000
188.000000 263.000000
196.000000 255.000000
