189.000000 45.000000
148.000000 48.000000
108.000000 59.000000
95.000000 90.000000
88.000000 123.000000
82.000000 154.000000
80.000000 188.000000
82.000000 225.000000
90.000000 260.000000
113.000000 294.000000
145.000000 314.000000
185.000000 318.000000
221.000000 305.000000
243.000000 282.000000
260.000000 256.000000
272.000000 226.000000
280.000000 194.000000
285.000000 161.000000
281.000000 130.000000
276.000000 98.000000
253.000000 63.000000
224.000000 45.000000
166.000000 124.000000
152.000000 119.000000
137.000000 116.000000
123.000000 117.000000
112.000000 123.000000
115.000000 130.000000
126.000000 128.000000
138.000000 127.000000
151.000000 129.000000
164.000000 133.000000
264.000000 128.000000
253.000000 123.000000
241.000000 122.000000
228.000000 125.000000
215.000000 129.000000
217.000000 137.000000
231.000000 135.000000
243.000000 133.000000
253.000000 133.000000
262.000000 135.000000
162.000000 160.000000
155.000000 151.000000
145.000000 146.000000
135.000000 147.000000
125.000000 151.000000
132.000000 158.000000
142.000000 161.000000
152.000000 161.000000
250.000000 156.000000
242.000000 151.000000
232.000000 150.000000
223.000000 154.000000
216.000000 160.000000
225.000000 163.000000
235.000000 164.000000
244.000000 162.000000
142.000000 153.000000
232.000000 157.000000
175.000000 156.000000
172.000000 173.000000
169.000000 188.000000
163.000000 202.000000
159.000000 216.000000
173.000000 224.000000
190.000000 229.000000
205.000000 225.000000
218.000000 217.000000
214.000000 204.000000
209.000000 191.000000
205.000000 174.000000
204.000000 157.000000
221.000000 255.000000
210.000000 249.000000
199.000000 245.000000
189.000000 248.000000
179.000000 245.000000
167.000000 249.000000
154.000000 255.000000
161.000000 266.000000
170.000000 273.000000
182.000000 277.000000
194.000000 277.000000
204.000000 272.000000
212.000000 265.000000
