169.000000 43.000000
126.000000 51.000000
103.000000 80.000000
98.000000 111.000000
93.000000 138.000000
90.000000 164.000000
90.000000 192.000000
96.000000 218.000000
106.000000 244.000000
123.000000 266.000000
146.000000 282.000000
179.000000 289.000000
209.000000 279.000000
232.000000 260.000000
247.000000 238.000000
254.000000 211.000000
260.000000 185.000000
260.000000 157.000000
255.000000 130.000000
249.000000 104.000000
234.000000 64.000000
207.000000 46.000000
152.000000 127.000000
140.000000 124.000000
130.000000 123.000000
118.000000 125.000000
108.000000 132.000000
110.000000 137.000000
121.000000 134.000000
130.000000 132.000000
140.000000 133.000000
149.000000 134.000000
242.000000 129.000000
232.000000 123.000000
220.000000 121.000000
208.000000 122.000000
197.000000 125.000000
199.000000 132.000000
210.000000 130.000000
221.000000 129.000000
231.000000 130.000000
239.000000 134.000000
150.000000 159.000000
144.000000 152.000000
135.000000 149.000000
127.000000 151.000000
120.000000 157.000000
127.000000 161.000000
135.000000 163.000000
143.000000 161.000000
230.000000 153.000000
223.000000 148.000000
214.000000 147.000000
206.000000 149.000000
199.000000 156.000000
207.000000 159.000000
216.000000 160.000000
225.000000 158.000000
135.000000 156.000000
214.000000 153.000000
161.000000 153.000000
160.000000 168.000000
157.000000 182.000000
153.000000 194.000000
149.000000 209.000000
161.000000 214.000000
175.000000 217.000000
190.000000 214.000000
202.000000 206.000000
197.000000 193.000000
192.000000 180.000000
188.000000 168.000000
187.000000 153.000000
201.000000 239.000000
192.000000 234.000000
183.000000 230.000000
176.000000 233.000000
167.000000 231.000000
159.000000 235.000000
148.000000 240.000000
154.000000 247.000000
161.000000 252.000000
171.000000 255.000000
182.000000 255.000000
190.000000 251.000000
196.000000 246.000000
