178.000000 50.000000
139.000000 55.000000
111.000000 65.000000
97.000000 94.000000
97.000000 122.000000
92.000000 148.000000
94.000000 175.000000
98.000000 202.000000
106.000000 227.000000
122.000000 249.000000
145.000000 266.000000
178.000000 275.000000
209.000000 266.000000
230.000000 248.000000
247.000000 227.000000
255.000000 202.000000
258.000000 174.000000
262.000000 148.000000
258.000000 122.000000
251.000000 98.000000
236.000000 70.000000
210.000000 54.000000
154.000000 118.000000
143.000000 114.000000
132.000000 112.000000
121.000000 111.000000
111.000000 115.000000
112.000000 121.000000
121.000000 119.000000
132.000000 120.000000
143.000000 123.000000
154.000000 126.000000
239.000000 115.000000
229.000000 110.000000
218.000000 111.000000
206.000000 114.000000
196.000000 118.000000
197.000000 125.000000
208.000000 122.000000
219.000000 119.000000
229.000000 118.000000
237.000000 119.000000
152.000000 146.000000
146.000000 139.000000
137.000000 136.000000
128.000000 137.000000
121.000000 142.000000
127.000000 146.000000
136.000000 147.000000
145.000000 147.000000
229.000000 140.000000
223.000000 136.000000
215.000000 135.000000
207.000000 137.000000
200.000000 143.000000
207.000000 146.000000
216.000000 147.000000
225.000000 145.000000
136.000000 141.000000
214.000000 141.000000
163.000000 141.000000
162.000000 153.000000
159.000000 165.000000
155.000000 177.000000
152.000000 189.000000
164.000000 193.000000
178.000000 196.000000
191.000000 193.000000
203.000000 188.000000
199.000000 177.000000
195.000000 166.000000
191.000000 153.000000
189.000000 141.000000
205.000000 221.000000
195.000000 215.000000
186.000000 211.000000
178.000000 213.000000
169.000000 211.000000
159.000000 215.000000
148.000000 220.000000
155.000000 228.000000
163.000000 232.000000
173.000000 235.000000
183.000000 235.000000
191.000000 233.000000
199.000000 228.000000
