174.000000 32.000000
133.000000 34.000000
102.000000 49.000000
85.000000 78.000000
81.000000 111.000000
76.000000 142.000000
77.000000 176.000000
82.000000 208.000000
92.000000 240.000000
114.000000 268.000000
139.000000 292.000000
175.000000 304.000000
212.000000 291.000000
236.000000 268.000000
255.000000 242.000000
267.000000 211.000000
274.000000 179.000000
275.000000 147.000000
274.000000 118.000000
271.000000 86.000000
247.000000 47.000000
212.000000 35.000000
151.000000 108.000000
137.000000 104.000000
124.000000 102.000000
111.000000 102.000000
99.000000 107.000000
101.000000 115.000000
113.000000 114.000000
125.000000 114.000000
136.000000 115.000000
149.000000 118.000000
256.000000 107.000000
243.000000 102.000000
229.000000 102.000000
215.000000 105.000000
200.000000 109.000000
202.000000 118.000000
217.000000 115.000000
231.000000 113.000000
243.000000 113.000000
254.000000 115.000000
148.000000 139.000000
140.000000 132.000000
130.000000 128.000000
120.000000 129.000000
111.000000 134.000000
118.000000 140.000000
129.000000 142.000000
139.000000 141.000000
243.000000 137.000000
234.000000 131.000000
224.000000 130.000000
214.000000 133.000000
205.000000 140.000000
215.000000 142.000000
226.000000 143.000000
236.000000 142.000000
128.000000 134.000000
224.000000 136.000000
163.000000 135.000000
159.000000 153.000000
155.000000 169.000000
149.000000 183.000000
144.000000 199.000000
159.000000 206.000000
177.000000 212.000000
195.000000 207.000000
209.000000 198.000000
205.000000 185.000000
198.000000 171.000000
194.000000 154.000000
191.000000 135.000000
212.000000 238.000000
200.000000 233.000000
188.000000 229.000000
178.000000 233.000000
167.000000 229.000000
155.000000 234.000000
140.000000 238.000000
149.000000 249.000000
159.000000 257.000000
170.000000 262.000000
184.000000 262.000000
196.000000 257.000000
206.000000 249.000000
