173.000000 65.000000
141.000000 68.000000
111.000000 78.000000
92.000000 103.000000
87.000000 129.000000
83.000000 158.000000
85.000000 188.000000
90.000000 215.000000
100.000000 243.000000
119.000000 266.000000
146.000000 281.000000
180.000000 287.000000
207.000000 279.000000
230.000000 263.000000
251.000000 240.000000
259.000000 213.000000
264.000000 185.000000
266.000000 154.000000
261.000000 126.000000
255.000000 99.000000
237.000000 71.000000
206.000000 66.000000
151.000000 116.000000
137.000000 112.000000
124.000000 112.000000
112.000000 115.000000
101.000000 122.000000
105.000000 127.000000
115.000000 123.000000
126.000000 121.000000
137.000000 121.000000
148.000000 124.000000
243.000000 120.000000
233.000000 114.000000
222.000000 112.000000
210.000000 112.000000
199.000000 115.000000
201.000000 123.000000
212.000000 121.000000
223.000000 120.000000
232.000000 121.000000
240.000000 124.000000
151.000000 151.000000
144.000000 144.000000
135.000000 141.000000
126.000000 142.000000
118.000000 147.000000
125.000000 152.000000
134.000000 154.000000
144.000000 153.000000
231.000000 144.000000
223.000000 140.000000
214.000000 139.000000
205.000000 143.000000
197.000000 149.000000
206.000000 152.000000
215.000000 152.000000
224.000000 149.000000
134.000000 147.000000
214.000000 146.000000
162.000000 146.000000
160.000000 162.000000
158.000000 175.000000
153.000000 188.000000
149.000000 201.000000
161.000000 207.000000
175.000000 209.000000
189.000000 207.000000
201.000000 200.000000
196.000000 187.000000
190.000000 175.000000
187.000000 162.000000
185.000000 146.000000
205.000000 233.000000
195.000000 230.000000
185.000000 228.000000
176.000000 230.000000
166.000000 229.000000
157.000000 232.000000
146.000000 236.000000
153.000000 244.000000
161.000000 250.000000
171.000000 252.000000
182.000000 252.000000
190.000000 247.000000
197.000000 241.000000
