176.000000 60.000000
134.000000 65.000000
97.000000 86.000000
85.000000 119.000000
79.000000 152.000000
74.000000 186.000000
77.000000 220.000000
82.000000 252.000000
93.000000 285.000000
117.000000 313.000000
146.000000 333.000000
186.000000 340.000000
224.000000 328.000000
253.000000 307.000000
277.000000 279.000000
285.000000 248.000000
289.000000 215.000000
289.000000 183.000000
284.000000 149.000000
282.000000 119.000000
264.000000 79.000000
223.000000 63.000000
159.000000 157.000000
145.000000 152.000000
131.000000 150.000000
116.000000 149.000000
102.000000 154.000000
104.000000 161.000000
117.000000 159.000000
131.000000 159.000000
145.000000 161.000000
156.000000 165.000000
259.000000 151.000000
247.000000 148.000000
235.000000 148.000000
222.000000 151.000000
210.000000 156.000000
212.000000 164.000000
224.000000 160.000000
236.000000 157.000000
247.000000 156.000000
256.000000 157.000000
157.000000 183.000000
149.000000 175.000000
138.000000 173.000000
128.000000 174.000000
118.000000 179.000000
126.000000 184.000000
136.000000 187.000000
147.000000 187.000000
247.000000 176.000000
238.000000 171.000000
227.000000 170.000000
217.000000 175.000000
210.000000 182.000000
220.000000 185.000000
231.000000 186.000000
241.000000 182.000000
137.000000 179.000000
228.000000 177.000000
171.000000 180.000000
169.000000 196.000000
165.000000 212.000000
161.000000 227.000000
155.000000 242.000000
169.000000 249.000000
185.000000 253.000000
201.000000 249.000000
215.000000 241.000000
210.000000 227.000000
205.000000 214.000000
201.000000 197.000000
198.000000 179.000000
222.000000 280.000000
208.000000 277.000000
197.000000 274.000000
187.000000 278.000000
176.000000 275.000000
162.000000 278.000000
147.000000 282.000000
158.000000 290.000000
168.000000 296.000000
180.000000 299.000000
192.000000 299.000000
203.000000 295.000000
212.000000 288.000000
