176.000000 49.000000
139.000000 48.000000
104.000000 61.000000
87.000000 86.000000
84.000000 126.000000
82.000000 156.000000
82.000000 189.000000
87.000000 222.000000
98.000000 253.000000
121.000000 277.000000
148.000000 295.000000
181.000000 301.000000
215.000000 292.000000
244.000000 275.000000
262.000000 247.000000
271.000000 217.000000
275.000000 184.000000
276.000000 153.000000
271.000000 123.000000
267.000000 95.000000
251.000000 63.000000
216.000000 48.000000
158.000000 131.000000
145.000000 127.000000
132.000000 123.000000
118.000000 122.000000
106.000000 128.000000
107.000000 137.000000
119.000000 134.000000
132.000000 135.000000
144.000000 137.000000
156.000000 140.000000
252.000000 129.000000
241.000000 123.000000
228.000000 124.000000
215.000000 126.000000
203.000000 131.000000
206.000000 139.000000
217.000000 136.000000
229.000000 134.000000
240.000000 133.000000
250.000000 135.000000
156.000000 161.000000
149.000000 152.000000
137.000000 148.000000
126.000000 149.000000
118.000000 155.000000
126.000000 161.000000
135.000000 163.000000
145.000000 163.000000
240.000000 153.000000
230.000000 147.000000
220.000000 146.000000
211.000000 150.000000
205.000000 158.000000
214.000000 162.000000
225.000000 162.000000
235.000000 159.000000
136.000000 155.000000
221.000000 154.000000
170.000000 158.000000
167.000000 172.000000
164.000000 187.000000
158.000000 201.000000
154.000000 216.000000
167.000000 223.000000
182.000000 227.000000
197.000000 223.000000
209.000000 214.000000
205.000000 200.000000
200.000000 187.000000
195.000000 172.000000
192.000000 157.000000
211.000000 249.000000
200.000000 245.000000
191.000000 242.000000
182.000000 245.000000
173.000000 242.000000
162.000000 246.000000
149.000000 250.000000
159.000000 256.000000
167.000000 260.000000
177.000000 262.000000
188.000000 262.000000
197.000000 259.000000
205.000000 255.000000
