187.000000 66.000000
155.000000 68.000000
120.000000 76.000000
101.000000 101.000000
97.000000 126.000000
91.000000 152.000000
91.000000 180.000000
92.000000 209.000000
94.000000 240.000000
113.000000 266.000000
141.000000 280.000000
172.000000 293.000000
206.000000 285.000000
230.000000 268.000000
249.000000 244.000000
257.000000 217.000000
261.000000 190.000000
263.000000 163.000000
262.000000 137.000000
260.000000 105.000000
245.000000 75.000000
217.000000 66.000000
164.000000 127.000000
153.000000 122.000000
140.000000 120.000000
128.000000 120.000000
117.000000 125.000000
119.000000 130.000000
129.000000 127.000000
141.000000 128.000000
152.000000 130.000000
162.000000 133.000000
249.000000 132.000000
239.000000 127.000000
227.000000 125.000000
217.000000 127.000000
207.000000 131.000000
209.000000 137.000000
218.000000 134.000000
228.000000 133.000000
238.000000 134.000000
247.000000 137.000000
163.000000 154.000000
157.000000 146.000000
147.000000 142.000000
138.000000 143.000000
130.000000 147.000000
137.000000 152.000000
145.000000 154.000000
153.000000 154.000000
237.000000 155.000000
229.000000 149.000000
221.000000 147.000000
212.000000 150.000000
206.000000 156.000000
213.000000 158.000000
221.000000 159.000000
230.000000 158.000000
145.000000 148.000000
220.000000 153.000000
174.000000 153.000000
172.000000 165.000000
168.000000 177.000000
163.000000 189.000000
156.000000 200.000000
166.000000 209.000000
181.000000 214.000000
196.000000 211.000000
207.000000 203.000000
203.000000 191.000000
199.000000 180.000000
197.000000 167.000000
196.000000 154.000000
215.000000 232.000000
201.000000 229.000000
189.000000 226.000000
179.000000 227.000000
171.000000 224.000000
158.000000 226.000000
143.000000 228.000000
152.000000 240.000000
161.000000 247.000000
172.000000 252.000000
183.000000 252.000000
195.000000 249.000000
205.000000 242.000000
