168.000000 52.000000
124.000000 52.000000
89.000000 58.000000
76.000000 83.000000
74.000000 119.000000
70.000000 150.000000
70.000000 184.000000
74.000000 216.000000
83.000000 249.000000
102.000000 276.000000
130.000000 295.000000
170.000000 305.000000
207.000000 296.000000
238.000000 277.000000
266.000000 253.000000
273.000000 215.000000
269.000000 181.000000
270.000000 147.000000
264.000000 116.000000
262.000000 90.000000
245.000000 63.000000
209.000000 52.000000
143.000000 113.000000
127.000000 108.000000
112.000000 107.000000
97.000000 110.000000
85.000000 117.000000
87.000000 124.000000
99.000000 119.000000
113.000000 117.000000
126.000000 118.000000
138.000000 121.000000
249.000000 116.000000
237.000000 110.000000
221.000000 106.000000
207.000000 107.000000
194.000000 111.000000
195.000000 120.000000
208.000000 117.000000
222.000000 116.000000
235.000000 118.000000
246.000000 122.000000
141.000000 148.000000
134.000000 142.000000
122.000000 139.000000
112.000000 140.000000
103.000000 146.000000
111.000000 150.000000
122.000000 151.000000
133.000000 150.000000
232.000000 143.000000
222.000000 138.000000
212.000000 137.000000
202.000000 140.000000
194.000000 146.000000
203.000000 148.000000
213.000000 149.000000
223.000000 147.000000
123.000000 145.000000
213.000000 143.000000
154.000000 146.000000
151.000000 162.000000
146.000000 177.000000
140.000000 190.000000
138.000000 205.000000
153.000000 211.000000
168.000000 213.000000
182.000000 210.000000
198.000000 202.000000
194.000000 189.000000
188.000000 176.000000
184.000000 162.000000
181.000000 145.000000
207.000000 238.000000
192.000000 232.000000
178.000000 228.000000
168.000000 230.000000
158.000000 228.000000
145.000000 232.000000
130.000000 237.000000
139.000000 246.000000
150.000000 251.000000
162.000000 254.000000
175.000000 254.000000
186.000000 251.000000
196.000000 245.000000
