182.000000 27.000000
143.000000 36.000000
113.000000 53.000000
96.000000 82.000000
85.000000 112.000000
79.000000 141.000000
78.000000 172.000000
82.000000 204.000000
89.000000 235.000000
104.000000 262.000000
124.000000 287.000000
160.000000 301.000000
201.000000 294.000000
225.000000 270.000000
242.000000 245.000000
254.000000 213.000000
257.000000 181.000000
258.000000 154.000000
257.000000 124.000000
253.000000 95.000000
243.000000 69.000000
220.000000 43.000000
151.000000 103.000000
136.000000 99.000000
122.000000 97.000000
108.000000 97.000000
96.000000 104.000000
99.000000 111.000000
111.000000 110.000000
124.000000 110.000000
136.000000 112.000000
150.000000 115.000000
249.000000 109.000000
236.000000 101.000000
222.000000 100.000000
207.000000 101.000000
193.000000 105.000000
194.000000 116.000000
209.000000 113.000000
223.000000 112.000000
236.000000 113.000000
247.000000 117.000000
146.000000 138.000000
138.000000 130.000000
128.000000 125.000000
118.000000 126.000000
109.000000 131.000000
117.000000 137.000000
126.000000 140.000000
135.000000 139.000000
232.000000 137.000000
223.000000 131.000000
212.000000 130.000000
202.000000 133.000000
194.000000 140.000000
203.000000 142.000000
214.000000 143.000000
225.000000 142.000000
126.000000 131.000000
214.000000 136.000000
157.000000 136.000000
152.000000 152.000000
148.000000 166.000000
142.000000 179.000000
137.000000 193.000000
150.000000 202.000000
166.000000 208.000000
182.000000 204.000000
197.000000 195.000000
194.000000 182.000000
189.000000 167.000000
185.000000 154.000000
184.000000 137.000000
201.000000 234.000000
189.000000 229.000000
176.000000 224.000000
165.000000 227.000000
155.000000 223.000000
144.000000 227.000000
130.000000 231.000000
137.000000 242.000000
146.000000 249.000000
158.000000 255.000000
171.000000 256.000000
183.000000 252.000000
193.000000 245.000000
