182.000000 32.000000
146.000000 36.000000
108.000000 49.000000
90.000000 83.000000
82.000000 114.000000
82.000000 147.000000
82.000000 182.000000
87.000000 213.000000
94.000000 249.000000
112.000000 278.000000
137.000000 303.000000
177.000000 315.000000
213.000000 303.000000
242.000000 279.000000
262.000000 251.000000
272.000000 220.000000
278.000000 187.000000
280.000000 154.000000
276.000000 123.000000
274.000000 95.000000
255.000000 57.000000
223.000000 39.000000
160.000000 115.000000
145.000000 110.000000
130.000000 108.000000
115.000000 109.000000
102.000000 115.000000
105.000000 122.000000
117.000000 119.000000
131.000000 119.000000
145.000000 122.000000
158.000000 125.000000
263.000000 116.000000
250.000000 111.000000
237.000000 110.000000
223.000000 112.000000
209.000000 117.000000
211.000000 127.000000
225.000000 123.000000
238.000000 121.000000
250.000000 121.000000
261.000000 124.000000
156.000000 149.000000
148.000000 140.000000
138.000000 135.000000
127.000000 136.000000
117.000000 141.000000
125.000000 149.000000
136.000000 151.000000
146.000000 151.000000
250.000000 148.000000
241.000000 142.000000
230.000000 140.000000
219.000000 143.000000
211.000000 150.000000
221.000000 153.000000
232.000000 155.000000
243.000000 153.000000
135.000000 142.000000
230.000000 146.000000
168.000000 144.000000
165.000000 161.000000
160.000000 177.000000
154.000000 190.000000
149.000000 207.000000
164.000000 215.000000
181.000000 220.000000
198.000000 216.000000
212.000000 208.000000
208.000000 195.000000
203.000000 180.000000
200.000000 165.000000
198.000000 146.000000
219.000000 246.000000
204.000000 242.000000
191.000000 237.000000
181.000000 241.000000
170.000000 236.000000
155.000000 241.000000
137.000000 245.000000
148.000000 257.000000
159.000000 266.000000
172.000000 270.000000
187.000000 271.000000
200.000000 266.000000
211.000000 257.000000
