146.000000 44.000000
110.000000 54.000000
83.000000 72.000000
73.000000 115.000000
77.000000 149.000000
76.000000 179.000000
81.000000 211.000000
91.000000 240.000000
107.000000 268.000000
129.000000 287.000000
156.000000 303.000000
187.000000 311.000000
225.000000 303.000000
252.000000 283.000000
271.000000 258.000000
281.000000 223.000000
279.000000 188.000000
282.000000 155.000000
279.000000 124.000000
264.000000 92.000000
243.000000 45.000000
190.000000 38.000000
148.000000 139.000000
134.000000 137.000000
122.000000 136.000000
109.000000 137.000000
97.000000 143.000000
101.000000 149.000000
112.000000 146.000000
124.000000 145.000000
135.000000 146.000000
148.000000 148.000000
242.000000 120.000000
229.000000 118.000000
217.000000 121.000000
205.000000 125.000000
193.000000 131.000000
196.000000 139.000000
208.000000 133.000000
221.000000 129.000000
232.000000 127.000000
242.000000 127.000000
148.000000 167.000000
140.000000 160.000000
130.000000 158.000000
121.000000 161.000000
114.000000 167.000000
122.000000 171.000000
130.000000 172.000000
139.000000 170.000000
232.000000 150.000000
223.000000 145.000000
213.000000 146.000000
205.000000 151.000000
199.000000 159.000000
208.000000 160.000000
218.000000 160.000000
227.000000 157.000000
130.000000 164.000000
215.000000 152.000000
160.000000 159.000000
158.000000 175.000000
156.000000 190.000000
153.000000 203.000000
150.000000 218.000000
163.000000 223.000000
180.000000 225.000000
196.000000 219.000000
207.000000 209.000000
202.000000 197.000000
195.000000 185.000000
190.000000 172.000000
186.000000 157.000000
219.000000 237.000000
205.000000 237.000000
192.000000 236.000000
183.000000 241.000000
172.000000 239.000000
160.000000 244.000000
145.000000 248.000000
155.000000 257.000000
166.000000 263.000000
179.000000 266.000000
192.000000 264.000000
203.000000 258.000000
212.000000 249.000000
