180.000000 72.000000
147.000000 72.000000
113.000000 82.000000
97.000000 107.000000
88.000000 136.000000
83.000000 166.000000
85.000000 196.000000
91.000000 226.000000
103.000000 254.000000
122.000000 281.000000
145.000000 303.000000
179.000000 313.000000
214.000000 301.000000
237.000000 278.000000
255.000000 264.000000
271.000000 235.000000
275.000000 203.000000
278.000000 167.000000
275.000000 137.000000
269.000000 113.000000
243.000000 80.000000
212.000000 74.000000
161.000000 139.000000
146.000000 134.000000
133.000000 131.000000
119.000000 130.000000
107.000000 136.000000
110.000000 142.000000
121.000000 140.000000
134.000000 140.000000
146.000000 143.000000
158.000000 147.000000
255.000000 136.000000
243.000000 132.000000
231.000000 133.000000
219.000000 136.000000
207.000000 141.000000
210.000000 147.000000
221.000000 144.000000
232.000000 141.000000
243.000000 140.000000
253.000000 142.000000
159.000000 167.000000
152.000000 159.000000
141.000000 155.000000
130.000000 156.000000
121.000000 162.000000
130.000000 167.000000
139.000000 169.000000
148.000000 168.000000
244.000000 162.000000
236.000000 157.000000
225.000000 156.000000
215.000000 160.000000
208.000000 166.000000
217.000000 169.000000
228.000000 170.000000
237.000000 168.000000
139.000000 161.000000
226.000000 162.000000
172.000000 163.000000
169.000000 178.000000
165.000000 192.000000
159.000000 205.000000
155.000000 219.000000
167.000000 225.000000
183.000000 230.000000
198.000000 226.000000
210.000000 219.000000
206.000000 206.000000
201.000000 193.000000
198.000000 179.000000
196.000000 164.000000
216.000000 252.000000
204.000000 248.000000
193.000000 246.000000
184.000000 249.000000
170.000000 246.000000
158.000000 248.000000
145.000000 251.000000
155.000000 261.000000
164.000000 268.000000
176.000000 271.000000
188.000000 272.000000
199.000000 268.000000
208.000000 261.000000
