169.000000 55.000000
136.000000 61.000000
107.000000 77.000000
84.000000 102.000000
69.000000 132.000000
65.000000 165.000000
67.000000 201.000000
73.000000 237.000000
85.000000 272.000000
108.000000 301.000000
139.000000 324.000000
181.000000 335.000000
222.000000 321.000000
258.000000 298.000000
281.000000 268.000000
286.000000 227.000000
287.000000 195.000000
284.000000 160.000000
273.000000 126.000000
257.000000 97.000000
232.000000 74.000000
202.000000 59.000000
153.000000 130.000000
137.000000 124.000000
121.000000 121.000000
106.000000 122.000000
95.000000 128.000000
98.000000 136.000000
110.000000 134.000000
122.000000 133.000000
137.000000 135.000000
150.000000 139.000000
259.000000 123.000000
246.000000 117.000000
233.000000 117.000000
219.000000 122.000000
205.000000 128.000000
209.000000 136.000000
223.000000 132.000000
235.000000 128.000000
247.000000 127.000000
257.000000 130.000000
152.000000 162.000000
143.000000 152.000000
131.000000 148.000000
119.000000 152.000000
110.000000 158.000000
121.000000 163.000000
130.000000 165.000000
139.000000 164.000000
245.000000 154.000000
235.000000 148.000000
223.000000 147.000000
213.000000 152.000000
206.000000 159.000000
216.000000 162.000000
226.000000 162.000000
237.000000 160.000000
129.000000 156.000000
225.000000 154.000000
157.000000 156.000000
163.000000 174.000000
160.000000 191.000000
154.000000 206.000000
151.000000 219.000000
166.000000 227.000000
183.000000 232.000000
201.000000 225.000000
213.000000 215.000000
207.000000 202.000000
200.000000 190.000000
194.000000 171.000000
192.000000 156.000000
231.000000 250.000000
210.000000 246.000000
195.000000 243.000000
183.000000 247.000000
170.000000 244.000000
154.000000 249.000000
135.000000 254.000000
151.000000 268.000000
163.000000 276.000000
176.000000 282.000000
190.000000 282.000000
203.000000 275.000000
214.000000 266.000000
