164.000000 32.000000
117.000000 37.000000
84.000000 61.000000
72.000000 88.000000
56.000000 119.000000
51.000000 154.000000
59.000000 190.000000
58.000000 226.000000
70.000000 263.000000
96.000000 290.000000
126.000000 319.000000
170.000000 334.000000
217.000000 324.000000
245.000000 304.000000
284.000000 260.000000
294.000000 224.000000
294.000000 186.000000
297.000000 151.000000
269.000000 120.000000
273.000000 88.000000
251.000000 58.000000
205.000000 32.000000
141.000000 122.000000
125.000000 117.000000
110.000000 113.000000
96.000000 112.000000
82.000000 116.000000
83.000000 124.000000
97.000000 122.000000
111.000000 124.000000
124.000000 127.000000
139.000000 132.000000
256.000000 117.000000
242.000000 111.000000
226.000000 112.000000
211.000000 115.000000
196.000000 120.000000
198.000000 130.000000
214.000000 126.000000
229.000000 122.000000
242.000000 121.000000
255.000000 124.000000
139.000000 161.000000
131.000000 151.000000
119.000000 145.000000
103.000000 147.000000
91.000000 153.000000
102.000000 161.000000
117.000000 163.000000
128.000000 162.000000
248.000000 152.000000
236.000000 148.000000
222.000000 146.000000
208.000000 150.000000
200.000000 159.000000
210.000000 162.000000
225.000000 165.000000
239.000000 161.000000
114.000000 152.000000
230.000000 153.000000
154.000000 156.000000
151.000000 172.000000
147.000000 189.000000
140.000000 205.000000
136.000000 221.000000
150.000000 230.000000
165.000000 230.000000
188.000000 227.000000
208.000000 216.000000
198.000000 205.000000
191.000000 190.000000
187.000000 171.000000
184.000000 155.000000
232.000000 251.000000
194.000000 250.000000
181.000000 247.000000
169.000000 250.000000
155.000000 247.000000
137.000000 251.000000
114.000000 250.000000
128.000000 266.000000
148.000000 274.000000
162.000000 280.000000
176.000000 280.000000
195.000000 272.000000
210.000000 263.000000
