181.000000 40.000000
133.000000 53.000000
104.000000 82.000000
92.000000 115.000000
84.000000 141.000000
79.000000 173.000000
83.000000 204.000000
85.000000 234.000000
91.000000 265.000000
109.000000 292.000000
136.000000 315.000000
176.000000 331.000000
215.000000 317.000000
240.000000 292.000000
258.000000 264.000000
269.000000 232.000000
274.000000 200.000000
276.000000 173.000000
272.000000 143.000000
268.000000 104.000000
254.000000 80.000000
227.000000 52.000000
150.000000 136.000000
137.000000 133.000000
124.000000 132.000000
110.000000 132.000000
98.000000 136.000000
99.000000 144.000000
111.000000 142.000000
125.000000 143.000000
137.000000 144.000000
150.000000 147.000000
257.000000 137.000000
245.000000 131.000000
231.000000 131.000000
216.000000 132.000000
203.000000 135.000000
205.000000 146.000000
218.000000 142.000000
232.000000 140.000000
245.000000 141.000000
255.000000 144.000000
152.000000 168.000000
142.000000 159.000000
130.000000 154.000000
119.000000 156.000000
110.000000 163.000000
117.000000 169.000000
129.000000 171.000000
143.000000 170.000000
243.000000 164.000000
235.000000 157.000000
223.000000 154.000000
212.000000 158.000000
202.000000 167.000000
213.000000 169.000000
224.000000 170.000000
235.000000 169.000000
129.000000 162.000000
222.000000 162.000000
164.000000 163.000000
161.000000 180.000000
157.000000 195.000000
152.000000 210.000000
149.000000 225.000000
161.000000 232.000000
177.000000 237.000000
194.000000 232.000000
209.000000 223.000000
205.000000 209.000000
199.000000 195.000000
195.000000 179.000000
192.000000 163.000000
221.000000 252.000000
204.000000 251.000000
190.000000 249.000000
178.000000 252.000000
166.000000 249.000000
150.000000 252.000000
134.000000 253.000000
143.000000 268.000000
154.000000 280.000000
170.000000 287.000000
185.000000 287.000000
201.000000 279.000000
213.000000 268.000000
