184.000000 54.000000
143.000000 57.000000
107.000000 72.000000
82.000000 92.000000
76.000000 134.000000
70.000000 167.000000
72.000000 206.000000
77.000000 243.000000
88.000000 279.000000
108.000000 308.000000
133.000000 332.000000
173.000000 346.000000
211.000000 334.000000
242.000000 309.000000
267.000000 279.000000
277.000000 246.000000
284.000000 210.000000
288.000000 172.000000
283.000000 138.000000
268.000000 108.000000
245.000000 83.000000
215.000000 67.000000
141.000000 140.000000
128.000000 136.000000
114.000000 133.000000
100.000000 133.000000
88.000000 138.000000
90.000000 145.000000
101.000000 141.000000
114.000000 142.000000
127.000000 145.000000
139.000000 148.000000
261.000000 142.000000
249.000000 137.000000
235.000000 136.000000
220.000000 138.000000
207.000000 142.000000
209.000000 150.000000
222.000000 147.000000
235.000000 145.000000
248.000000 145.000000
258.000000 148.000000
146.000000 171.000000
137.000000 159.000000
125.000000 155.000000
113.000000 157.000000
104.000000 164.000000
114.000000 170.000000
125.000000 173.000000
135.000000 172.000000
247.000000 166.000000
238.000000 158.000000
226.000000 156.000000
214.000000 160.000000
205.000000 169.000000
217.000000 173.000000
228.000000 174.000000
239.000000 172.000000
124.000000 163.000000
230.000000 165.000000
158.000000 167.000000
156.000000 185.000000
152.000000 202.000000
146.000000 218.000000
141.000000 235.000000
153.000000 243.000000
169.000000 247.000000
187.000000 244.000000
201.000000 235.000000
198.000000 220.000000
194.000000 204.000000
191.000000 187.000000
190.000000 168.000000
214.000000 274.000000
196.000000 271.000000
182.000000 268.000000
171.000000 272.000000
158.000000 268.000000
144.000000 271.000000
129.000000 274.000000
141.000000 285.000000
153.000000 292.000000
165.000000 295.000000
178.000000 295.000000
191.000000 291.000000
201.000000 284.000000
