151.000000 36.000000
117.000000 46.000000
86.000000 66.000000
64.000000 95.000000
52.000000 129.000000
50.000000 165.000000
56.000000 207.000000
65.000000 246.000000
81.000000 280.000000
109.000000 306.000000
144.000000 323.000000
192.000000 327.000000
232.000000 311.000000
265.000000 300.000000
291.000000 253.000000
297.000000 212.000000
300.000000 172.000000
299.000000 135.000000
274.000000 101.000000
254.000000 69.000000
222.000000 50.000000
188.000000 37.000000
137.000000 117.000000
121.000000 113.000000
105.000000 111.000000
88.000000 115.000000
76.000000 125.000000
80.000000 132.000000
92.000000 125.000000
107.000000 123.000000
122.000000 124.000000
136.000000 126.000000
250.000000 108.000000
237.000000 101.000000
221.000000 100.000000
207.000000 103.000000
195.000000 110.000000
199.000000 118.000000
211.000000 113.000000
224.000000 109.000000
237.000000 110.000000
248.000000 114.000000
139.000000 156.000000
128.000000 146.000000
115.000000 144.000000
103.000000 146.000000
90.000000 158.000000
104.000000 160.000000
116.000000 158.000000
126.000000 157.000000
239.000000 138.000000
228.000000 132.000000
216.000000 133.000000
207.000000 137.000000
200.000000 146.000000
210.000000 148.000000
221.000000 147.000000
231.000000 144.000000
114.000000 151.000000
218.000000 140.000000
157.000000 152.000000
157.000000 166.000000
149.000000 179.000000
143.000000 189.000000
137.000000 204.000000
153.000000 207.000000
173.000000 206.000000
191.000000 204.000000
205.000000 196.000000
204.000000 184.000000
197.000000 174.000000
187.000000 164.000000
184.000000 149.000000
231.000000 239.000000
216.000000 235.000000
199.000000 233.000000
185.000000 236.000000
168.000000 239.000000
144.000000 237.000000
125.000000 252.000000
146.000000 266.000000
162.000000 270.000000
177.000000 271.000000
192.000000 269.000000
206.000000 264.000000
223.000000 255.000000
