111.000000 61.000000
86.000000 86.000000
71.000000 115.000000
58.000000 147.000000
56.000000 182.000000
64.000000 215.000000
76.000000 248.000000
92.000000 278.000000
115.000000 308.000000
144.000000 326.000000
180.000000 336.000000
221.000000 335.000000
256.000000 306.000000
280.000000 273.000000
298.000000 235.000000
295.000000 194.000000
290.000000 163.000000
275.000000 126.000000
248.000000 99.000000
224.000000 73.000000
191.000000 53.000000
146.000000 45.000000
121.000000 169.000000
106.000000 166.000000
93.000000 172.000000
82.000000 179.000000
72.000000 188.000000
76.000000 199.000000
87.000000 191.000000
96.000000 181.000000
109.000000 180.000000
123.000000 178.000000
222.000000 115.000000
206.000000 117.000000
193.000000 120.000000
182.000000 128.000000
170.000000 136.000000
178.000000 151.000000
187.000000 140.000000
201.000000 132.000000
214.000000 130.000000
223.000000 125.000000
132.000000 186.000000
119.000000 181.000000
107.000000 181.000000
97.000000 188.000000
91.000000 198.000000
100.000000 201.000000
113.000000 198.000000
124.000000 192.000000
222.000000 141.000000
210.000000 138.000000
198.000000 141.000000
188.000000 149.000000
183.000000 162.000000
195.000000 161.000000
207.000000 157.000000
217.000000 149.000000
110.000000 189.000000
203.000000 149.000000
143.000000 178.000000
145.000000 195.000000
146.000000 211.000000
144.000000 225.000000
146.000000 241.000000
162.000000 244.000000
181.000000 241.000000
197.000000 229.000000
207.000000 213.000000
197.000000 203.000000
186.000000 193.000000
177.000000 182.000000
168.000000 168.000000
241.000000 238.000000
216.000000 247.000000
198.000000 251.000000
187.000000 257.000000
175.000000 259.000000
162.000000 268.000000
146.000000 276.000000
160.000000 285.000000
175.000000 291.000000
193.000000 292.000000
208.000000 286.000000
220.000000 275.000000
228.000000 261.000000
