175.000000 39.000000
134.000000 40.000000
102.000000 59.000000
84.000000 92.000000
73.000000 128.000000
67.000000 161.000000
71.000000 198.000000
79.000000 233.000000
90.000000 268.000000
111.000000 297.000000
138.000000 322.000000
177.000000 338.000000
218.000000 323.000000
247.000000 299.000000
268.000000 269.000000
278.000000 235.000000
284.000000 199.000000
284.000000 163.000000
279.000000 130.000000
264.000000 99.000000
246.000000 63.000000
214.000000 45.000000
148.000000 135.000000
133.000000 129.000000
118.000000 126.000000
104.000000 125.000000
92.000000 129.000000
94.000000 137.000000
106.000000 136.000000
119.000000 136.000000
132.000000 139.000000
146.000000 143.000000
261.000000 127.000000
247.000000 124.000000
234.000000 125.000000
221.000000 128.000000
207.000000 133.000000
209.000000 142.000000
224.000000 138.000000
237.000000 135.000000
248.000000 133.000000
260.000000 134.000000
149.000000 165.000000
140.000000 154.000000
127.000000 150.000000
115.000000 152.000000
106.000000 158.000000
113.000000 164.000000
124.000000 167.000000
136.000000 166.000000
248.000000 158.000000
238.000000 152.000000
225.000000 151.000000
214.000000 156.000000
204.000000 164.000000
216.000000 166.000000
228.000000 167.000000
239.000000 164.000000
125.000000 158.000000
226.000000 158.000000
164.000000 163.000000
161.000000 181.000000
156.000000 197.000000
150.000000 211.000000
146.000000 226.000000
160.000000 234.000000
176.000000 238.000000
193.000000 232.000000
208.000000 223.000000
203.000000 211.000000
197.000000 198.000000
193.000000 181.000000
190.000000 163.000000
224.000000 256.000000
206.000000 254.000000
189.000000 252.000000
177.000000 256.000000
164.000000 253.000000
147.000000 250.000000
129.000000 256.000000
140.000000 274.000000
152.000000 286.000000
169.000000 291.000000
185.000000 291.000000
201.000000 284.000000
214.000000 273.000000
