170.000000 37.000000
125.000000 45.000000
93.000000 69.000000
78.000000 103.000000
69.000000 140.000000
65.000000 174.000000
69.000000 212.000000
76.000000 249.000000
89.000000 284.000000
115.000000 312.000000
147.000000 335.000000
190.000000 345.000000
228.000000 324.000000
248.000000 296.000000
264.000000 265.000000
274.000000 233.000000
279.000000 197.000000
280.000000 160.000000
272.000000 128.000000
263.000000 90.000000
246.000000 58.000000
215.000000 36.000000
147.000000 136.000000
131.000000 133.000000
116.000000 131.000000
101.000000 132.000000
87.000000 138.000000
90.000000 145.000000
103.000000 142.000000
118.000000 142.000000
133.000000 144.000000
148.000000 146.000000
259.000000 126.000000
246.000000 123.000000
232.000000 124.000000
218.000000 128.000000
204.000000 133.000000
207.000000 142.000000
221.000000 137.000000
235.000000 134.000000
247.000000 132.000000
257.000000 133.000000
149.000000 170.000000
139.000000 159.000000
126.000000 155.000000
113.000000 157.000000
103.000000 164.000000
113.000000 172.000000
124.000000 173.000000
135.000000 172.000000
247.000000 155.000000
237.000000 148.000000
224.000000 148.000000
213.000000 153.000000
205.000000 163.000000
216.000000 165.000000
228.000000 165.000000
240.000000 162.000000
124.000000 163.000000
224.000000 156.000000
162.000000 164.000000
160.000000 181.000000
158.000000 198.000000
154.000000 214.000000
151.000000 231.000000
166.000000 238.000000
183.000000 241.000000
201.000000 236.000000
211.000000 225.000000
206.000000 211.000000
200.000000 197.000000
195.000000 179.000000
191.000000 162.000000
226.000000 258.000000
211.000000 258.000000
197.000000 256.000000
185.000000 260.000000
171.000000 258.000000
155.000000 263.000000
138.000000 266.000000
150.000000 282.000000
164.000000 291.000000
180.000000 296.000000
197.000000 296.000000
211.000000 289.000000
219.000000 276.000000
