153.000000 33.000000
111.000000 41.000000
78.000000 61.000000
56.000000 97.000000
51.000000 137.000000
47.000000 171.000000
50.000000 210.000000
57.000000 244.000000
71.000000 278.000000
97.000000 305.000000
127.000000 327.000000
169.000000 336.000000
222.000000 325.000000
249.000000 305.000000
272.000000 270.000000
287.000000 238.000000
291.000000 200.000000
287.000000 159.000000
281.000000 116.000000
263.000000 75.000000
237.000000 44.000000
198.000000 35.000000
128.000000 139.000000
115.000000 136.000000
101.000000 134.000000
87.000000 134.000000
74.000000 137.000000
76.000000 146.000000
89.000000 144.000000
101.000000 144.000000
113.000000 145.000000
125.000000 147.000000
241.000000 133.000000
227.000000 130.000000
213.000000 131.000000
199.000000 133.000000
187.000000 136.000000
189.000000 144.000000
201.000000 142.000000
214.000000 140.000000
227.000000 140.000000
239.000000 141.000000
131.000000 167.000000
123.000000 158.000000
110.000000 155.000000
99.000000 157.000000
90.000000 163.000000
100.000000 168.000000
110.000000 169.000000
121.000000 168.000000
227.000000 158.000000
218.000000 152.000000
207.000000 152.000000
197.000000 156.000000
189.000000 163.000000
199.000000 165.000000
209.000000 165.000000
218.000000 163.000000
110.000000 161.000000
209.000000 158.000000
145.000000 164.000000
143.000000 181.000000
141.000000 198.000000
136.000000 213.000000
133.000000 228.000000
147.000000 236.000000
163.000000 239.000000
179.000000 235.000000
191.000000 225.000000
187.000000 211.000000
181.000000 198.000000
176.000000 179.000000
174.000000 163.000000
214.000000 252.000000
194.000000 249.000000
177.000000 251.000000
162.000000 254.000000
150.000000 250.000000
133.000000 249.000000
119.000000 251.000000
129.000000 266.000000
139.000000 276.000000
155.000000 282.000000
172.000000 282.000000
189.000000 275.000000
201.000000 266.000000
