165.000000 16.000000
128.000000 25.000000
96.000000 46.000000
80.000000 83.000000
71.000000 117.000000
69.000000 150.000000
67.000000 182.000000
71.000000 216.000000
79.000000 252.000000
98.000000 289.000000
133.000000 316.000000
183.000000 324.000000
240.000000 306.000000
268.000000 272.000000
286.000000 236.000000
291.000000 197.000000
290.000000 163.000000
284.000000 129.000000
275.000000 98.000000
255.000000 71.000000
232.000000 40.000000
203.000000 21.000000
143.000000 109.000000
130.000000 106.000000
116.000000 105.000000
103.000000 105.000000
93.000000 112.000000
95.000000 119.000000
105.000000 116.000000
117.000000 115.000000
130.000000 117.000000
142.000000 119.000000
251.000000 95.000000
239.000000 90.000000
225.000000 91.000000
211.000000 94.000000
197.000000 101.000000
200.000000 111.000000
214.000000 105.000000
228.000000 101.000000
239.000000 99.000000
249.000000 102.000000
149.000000 143.000000
138.000000 135.000000
127.000000 132.000000
116.000000 134.000000
107.000000 141.000000
114.000000 147.000000
126.000000 148.000000
137.000000 146.000000
241.000000 128.000000
232.000000 122.000000
220.000000 122.000000
210.000000 127.000000
200.000000 136.000000
212.000000 137.000000
223.000000 137.000000
234.000000 134.000000
124.000000 139.000000
222.000000 129.000000
162.000000 139.000000
160.000000 153.000000
158.000000 165.000000
152.000000 175.000000
145.000000 187.000000
160.000000 198.000000
180.000000 204.000000
196.000000 198.000000
210.000000 185.000000
206.000000 173.000000
198.000000 162.000000
192.000000 151.000000
187.000000 136.000000
228.000000 226.000000
214.000000 216.000000
196.000000 213.000000
182.000000 219.000000
169.000000 218.000000
151.000000 223.000000
130.000000 237.000000
149.000000 251.000000
167.000000 259.000000
185.000000 260.000000
199.000000 259.000000
212.000000 253.000000
221.000000 244.000000
