178.000000 29.000000
137.000000 38.000000
99.000000 62.000000
76.000000 98.000000
70.000000 135.000000
70.000000 171.000000
72.000000 206.000000
80.000000 243.000000
92.000000 280.000000
117.000000 309.000000
151.000000 328.000000
198.000000 335.000000
235.000000 322.000000
265.000000 296.000000
285.000000 263.000000
288.000000 227.000000
289.000000 191.000000
289.000000 157.000000
281.000000 123.000000
267.000000 90.000000
251.000000 57.000000
219.000000 33.000000
155.000000 127.000000
140.000000 123.000000
125.000000 122.000000
111.000000 123.000000
98.000000 130.000000
100.000000 138.000000
113.000000 134.000000
126.000000 134.000000
141.000000 134.000000
154.000000 137.000000
266.000000 120.000000
254.000000 115.000000
239.000000 113.000000
224.000000 116.000000
212.000000 122.000000
215.000000 132.000000
228.000000 127.000000
242.000000 125.000000
255.000000 125.000000
265.000000 127.000000
157.000000 164.000000
147.000000 155.000000
136.000000 151.000000
124.000000 153.000000
115.000000 160.000000
124.000000 166.000000
134.000000 168.000000
145.000000 166.000000
253.000000 150.000000
242.000000 144.000000
232.000000 144.000000
222.000000 148.000000
215.000000 158.000000
226.000000 160.000000
237.000000 159.000000
248.000000 158.000000
131.000000 158.000000
234.000000 151.000000
171.000000 161.000000
169.000000 176.000000
166.000000 192.000000
160.000000 207.000000
157.000000 222.000000
174.000000 227.000000
192.000000 233.000000
210.000000 228.000000
225.000000 215.000000
219.000000 202.000000
212.000000 189.000000
206.000000 174.000000
202.000000 158.000000
236.000000 255.000000
220.000000 249.000000
204.000000 246.000000
192.000000 249.000000
179.000000 247.000000
162.000000 254.000000
145.000000 261.000000
158.000000 273.000000
171.000000 281.000000
187.000000 284.000000
203.000000 283.000000
217.000000 276.000000
228.000000 267.000000
