125.000000 56.000000
93.000000 67.000000
66.000000 87.000000
51.000000 122.000000
50.000000 160.000000
59.000000 199.000000
67.000000 224.000000
79.000000 256.000000
98.000000 281.000000
118.000000 306.000000
139.000000 328.000000
176.000000 342.000000
214.000000 322.000000
245.000000 292.000000
268.000000 265.000000
276.000000 231.000000
273.000000 195.000000
266.000000 151.000000
244.000000 117.000000
229.000000 86.000000
198.000000 59.000000
160.000000 53.000000
94.000000 170.000000
85.000000 168.000000
75.000000 168.000000
67.000000 169.000000
59.000000 172.000000
61.000000 178.000000
68.000000 177.000000
76.000000 176.000000
84.000000 177.000000
94.000000 178.000000
214.000000 137.000000
202.000000 137.000000
188.000000 141.000000
173.000000 147.000000
156.000000 155.000000
160.000000 165.000000
175.000000 156.000000
189.000000 149.000000
203.000000 147.000000
214.000000 146.000000
111.000000 190.000000
101.000000 182.000000
90.000000 188.000000
75.000000 182.000000
70.000000 190.000000
78.000000 198.000000
88.000000 195.000000
102.000000 194.000000
206.000000 161.000000
195.000000 156.000000
184.000000 157.000000
172.000000 166.000000
166.000000 181.000000
180.000000 181.000000
193.000000 176.000000
201.000000 169.000000
89.000000 183.000000
187.000000 165.000000
117.000000 188.000000
119.000000 198.000000
120.000000 214.000000
121.000000 232.000000
120.000000 249.000000
130.000000 255.000000
142.000000 260.000000
158.000000 254.000000
177.000000 239.000000
168.000000 221.000000
158.000000 207.000000
153.000000 192.000000
151.000000 176.000000
206.000000 257.000000
182.000000 265.000000
169.000000 268.000000
157.000000 270.000000
146.000000 273.000000
136.000000 274.000000
126.000000 274.000000
134.000000 289.000000
144.000000 295.000000
158.000000 298.000000
172.000000 295.000000
187.000000 290.000000
197.000000 275.000000
