139.000000 40.000000
99.000000 38.000000
73.000000 70.000000
63.000000 101.000000
59.000000 140.000000
60.000000 176.000000
59.000000 209.000000
67.000000 241.000000
80.000000 273.000000
101.000000 298.000000
122.000000 320.000000
163.000000 340.000000
214.000000 319.000000
239.000000 294.000000
262.000000 265.000000
277.000000 234.000000
281.000000 190.000000
280.000000 145.000000
268.000000 101.000000
250.000000 62.000000
220.000000 35.000000
181.000000 36.000000
120.000000 141.000000
107.000000 137.000000
94.000000 135.000000
81.000000 136.000000
70.000000 141.000000
73.000000 148.000000
84.000000 146.000000
95.000000 146.000000
108.000000 148.000000
119.000000 150.000000
230.000000 131.000000
217.000000 126.000000
203.000000 127.000000
190.000000 131.000000
175.000000 136.000000
176.000000 145.000000
192.000000 141.000000
206.000000 137.000000
218.000000 136.000000
228.000000 137.000000
125.000000 172.000000
116.000000 162.000000
105.000000 157.000000
93.000000 158.000000
84.000000 164.000000
90.000000 171.000000
102.000000 174.000000
114.000000 173.000000
216.000000 156.000000
207.000000 150.000000
195.000000 150.000000
185.000000 156.000000
176.000000 166.000000
188.000000 168.000000
200.000000 167.000000
211.000000 163.000000
102.000000 164.000000
198.000000 158.000000
134.000000 167.000000
133.000000 184.000000
131.000000 201.000000
127.000000 216.000000
123.000000 231.000000
135.000000 239.000000
153.000000 243.000000
172.000000 235.000000
184.000000 224.000000
176.000000 211.000000
170.000000 199.000000
164.000000 180.000000
161.000000 165.000000
207.000000 254.000000
186.000000 255.000000
170.000000 256.000000
156.000000 260.000000
143.000000 258.000000
130.000000 260.000000
112.000000 257.000000
124.000000 275.000000
137.000000 286.000000
153.000000 291.000000
169.000000 291.000000
182.000000 286.000000
194.000000 275.000000
