168.000000 50.000000
121.000000 56.000000
83.000000 79.000000
68.000000 117.000000
65.000000 154.000000
70.000000 185.000000
81.000000 216.000000
94.000000 245.000000
109.000000 274.000000
132.000000 298.000000
159.000000 317.000000
197.000000 325.000000
230.000000 307.000000
258.000000 281.000000
271.000000 244.000000
278.000000 208.000000
279.000000 180.000000
275.000000 150.000000
268.000000 119.000000
254.000000 87.000000
237.000000 66.000000
210.000000 49.000000
125.000000 149.000000
114.000000 150.000000
103.000000 149.000000
90.000000 147.000000
78.000000 155.000000
83.000000 160.000000
93.000000 155.000000
104.000000 158.000000
114.000000 159.000000
126.000000 158.000000
236.000000 123.000000
222.000000 123.000000
209.000000 126.000000
194.000000 132.000000
179.000000 140.000000
186.000000 147.000000
198.000000 141.000000
211.000000 134.000000
223.000000 132.000000
237.000000 132.000000
138.000000 174.000000
129.000000 166.000000
116.000000 163.000000
106.000000 166.000000
99.000000 174.000000
108.000000 179.000000
119.000000 180.000000
129.000000 177.000000
224.000000 149.000000
215.000000 145.000000
203.000000 145.000000
193.000000 152.000000
187.000000 163.000000
198.000000 163.000000
208.000000 161.000000
218.000000 156.000000
117.000000 171.000000
205.000000 153.000000
148.000000 166.000000
150.000000 184.000000
150.000000 201.000000
147.000000 216.000000
145.000000 233.000000
157.000000 242.000000
175.000000 245.000000
191.000000 235.000000
201.000000 221.000000
193.000000 209.000000
185.000000 195.000000
177.000000 178.000000
173.000000 160.000000
216.000000 257.000000
203.000000 257.000000
189.000000 257.000000
180.000000 263.000000
170.000000 261.000000
160.000000 266.000000
148.000000 270.000000
160.000000 279.000000
169.000000 285.000000
181.000000 288.000000
193.000000 286.000000
203.000000 278.000000
210.000000 269.000000
