142.000000 23.000000
98.000000 40.000000
68.000000 64.000000
57.000000 101.000000
53.000000 136.000000
53.000000 172.000000
58.000000 208.000000
64.000000 247.000000
82.000000 277.000000
109.000000 304.000000
141.000000 324.000000
186.000000 331.000000
240.000000 313.000000
264.000000 285.000000
282.000000 250.000000
288.000000 211.000000
282.000000 172.000000
276.000000 135.000000
264.000000 102.000000
256.000000 66.000000
232.000000 35.000000
186.000000 20.000000
119.000000 125.000000
105.000000 122.000000
92.000000 122.000000
81.000000 124.000000
70.000000 131.000000
73.000000 140.000000
83.000000 133.000000
95.000000 132.000000
108.000000 135.000000
120.000000 136.000000
238.000000 108.000000
226.000000 106.000000
211.000000 105.000000
196.000000 110.000000
183.000000 117.000000
188.000000 126.000000
200.000000 120.000000
213.000000 113.000000
226.000000 114.000000
238.000000 116.000000
129.000000 155.000000
118.000000 146.000000
106.000000 144.000000
95.000000 147.000000
87.000000 154.000000
97.000000 158.000000
107.000000 158.000000
117.000000 156.000000
225.000000 132.000000
214.000000 128.000000
202.000000 129.000000
193.000000 135.000000
186.000000 144.000000
197.000000 143.000000
208.000000 142.000000
218.000000 139.000000
105.000000 151.000000
206.000000 135.000000
140.000000 150.000000
140.000000 168.000000
138.000000 187.000000
135.000000 203.000000
133.000000 219.000000
148.000000 225.000000
166.000000 228.000000
184.000000 218.000000
198.000000 206.000000
190.000000 194.000000
182.000000 181.000000
175.000000 163.000000
170.000000 144.000000
222.000000 239.000000
201.000000 239.000000
184.000000 243.000000
170.000000 246.000000
157.000000 247.000000
143.000000 247.000000
122.000000 250.000000
139.000000 267.000000
152.000000 276.000000
169.000000 280.000000
184.000000 279.000000
199.000000 269.000000
210.000000 256.000000
