201.000000 10.000000
156.000000 10.000000
106.000000 26.000000
79.000000 61.000000
68.000000 102.000000
60.000000 138.000000
58.000000 178.000000
62.000000 218.000000
71.000000 258.000000
88.000000 292.000000
115.000000 322.000000
163.000000 340.000000
211.000000 326.000000
247.000000 300.000000
270.000000 266.000000
283.000000 231.000000
292.000000 194.000000
295.000000 154.000000
291.000000 117.000000
282.000000 85.000000
268.000000 56.000000
247.000000 29.000000
148.000000 117.000000
131.000000 111.000000
115.000000 108.000000
98.000000 109.000000
83.000000 116.000000
86.000000 123.000000
100.000000 119.000000
115.000000 119.000000
130.000000 122.000000
145.000000 127.000000
269.000000 129.000000
253.000000 117.000000
237.000000 114.000000
221.000000 115.000000
205.000000 119.000000
206.000000 130.000000
222.000000 125.000000
237.000000 124.000000
251.000000 126.000000
266.000000 137.000000
143.000000 151.000000
135.000000 140.000000
121.000000 135.000000
108.000000 137.000000
97.000000 144.000000
106.000000 152.000000
119.000000 155.000000
132.000000 155.000000
253.000000 151.000000
243.000000 142.000000
229.000000 139.000000
217.000000 143.000000
207.000000 153.000000
219.000000 158.000000
232.000000 160.000000
245.000000 158.000000
121.000000 144.000000
231.000000 148.000000
158.000000 146.000000
153.000000 165.000000
148.000000 182.000000
143.000000 198.000000
137.000000 216.000000
151.000000 227.000000
168.000000 232.000000
185.000000 229.000000
200.000000 220.000000
199.000000 204.000000
195.000000 185.000000
192.000000 169.000000
191.000000 148.000000
210.000000 270.000000
192.000000 260.000000
180.000000 254.000000
168.000000 258.000000
156.000000 253.000000
141.000000 258.000000
121.000000 266.000000
138.000000 273.000000
149.000000 279.000000
161.000000 283.000000
174.000000 284.000000
186.000000 280.000000
196.000000 274.000000
