121.000000 15.000000
83.000000 23.000000
49.000000 42.000000
23.000000 71.000000
27.000000 95.000000
34.000000 149.000000
35.000000 182.000000
55.000000 233.000000
67.000000 261.000000
81.000000 290.000000
101.000000 322.000000
133.000000 341.000000
188.000000 329.000000
227.000000 305.000000
263.000000 268.000000
272.000000 228.000000
281.000000 179.000000
270.000000 128.000000
254.000000 86.000000
223.000000 61.000000
194.000000 35.000000
159.000000 20.000000
82.000000 133.000000
60.000000 122.000000
50.000000 123.000000
39.000000 121.000000
30.000000 116.000000
34.000000 130.000000
48.000000 130.000000
61.000000 129.000000
77.000000 130.000000
72.000000 127.000000
212.000000 113.000000
196.000000 106.000000
180.000000 106.000000
163.000000 109.000000
145.000000 117.000000
149.000000 126.000000
167.000000 117.000000
181.000000 117.000000
195.000000 116.000000
207.000000 117.000000
90.000000 153.000000
82.000000 141.000000
67.000000 136.000000
53.000000 138.000000
43.000000 145.000000
52.000000 152.000000
65.000000 155.000000
78.000000 155.000000
197.000000 140.000000
187.000000 133.000000
173.000000 131.000000
159.000000 133.000000
150.000000 147.000000
163.000000 151.000000
177.000000 151.000000
189.000000 147.000000
67.000000 145.000000
174.000000 141.000000
104.000000 148.000000
101.000000 168.000000
98.000000 186.000000
93.000000 204.000000
90.000000 222.000000
104.000000 231.000000
122.000000 235.000000
141.000000 229.000000
156.000000 217.000000
150.000000 200.000000
143.000000 184.000000
138.000000 166.000000
134.000000 146.000000
173.000000 259.000000
154.000000 260.000000
138.000000 256.000000
125.000000 259.000000
113.000000 257.000000
99.000000 261.000000
85.000000 264.000000
96.000000 275.000000
107.000000 282.000000
119.000000 288.000000
131.000000 289.000000
148.000000 279.000000
160.000000 271.000000
