169.000000 35.000000
120.000000 43.000000
87.000000 52.000000
77.000000 91.000000
72.000000 138.000000
70.000000 172.000000
70.000000 207.000000
80.000000 244.000000
92.000000 276.000000
124.000000 303.000000
158.000000 325.000000
198.000000 334.000000
233.000000 314.000000
257.000000 288.000000
273.000000 255.000000
278.000000 220.000000
280.000000 191.000000
281.000000 154.000000
277.000000 124.000000
263.000000 88.000000
248.000000 52.000000
217.000000 36.000000
155.000000 132.000000
139.000000 127.000000
123.000000 124.000000
107.000000 125.000000
94.000000 132.000000
97.000000 140.000000
110.000000 136.000000
124.000000 136.000000
140.000000 139.000000
154.000000 142.000000
261.000000 119.000000
251.000000 113.000000
238.000000 114.000000
223.000000 119.000000
208.000000 126.000000
210.000000 135.000000
226.000000 130.000000
240.000000 125.000000
251.000000 123.000000
259.000000 124.000000
155.000000 168.000000
145.000000 157.000000
133.000000 152.000000
120.000000 154.000000
111.000000 163.000000
120.000000 170.000000
131.000000 172.000000
142.000000 171.000000
248.000000 151.000000
239.000000 145.000000
226.000000 144.000000
216.000000 150.000000
208.000000 161.000000
219.000000 165.000000
232.000000 165.000000
244.000000 160.000000
130.000000 162.000000
227.000000 155.000000
170.000000 161.000000
169.000000 178.000000
166.000000 194.000000
162.000000 209.000000
158.000000 224.000000
172.000000 231.000000
189.000000 235.000000
207.000000 228.000000
218.000000 217.000000
210.000000 205.000000
203.000000 192.000000
198.000000 175.000000
194.000000 158.000000
237.000000 248.000000
217.000000 250.000000
203.000000 247.000000
190.000000 251.000000
179.000000 250.000000
162.000000 253.000000
144.000000 260.000000
158.000000 274.000000
170.000000 279.000000
186.000000 282.000000
201.000000 281.000000
212.000000 274.000000
222.000000 264.000000
