171.000000 16.000000
132.000000 24.000000
102.000000 37.000000
81.000000 71.000000
73.000000 105.000000
67.000000 141.000000
66.000000 178.000000
68.000000 219.000000
75.000000 252.000000
95.000000 288.000000
124.000000 316.000000
168.000000 336.000000
212.000000 316.000000
245.000000 289.000000
270.000000 256.000000
280.000000 219.000000
282.000000 183.000000
283.000000 144.000000
277.000000 114.000000
270.000000 76.000000
249.000000 42.000000
214.000000 20.000000
136.000000 110.000000
124.000000 104.000000
109.000000 101.000000
96.000000 103.000000
82.000000 107.000000
83.000000 116.000000
96.000000 114.000000
109.000000 114.000000
121.000000 117.000000
131.000000 121.000000
253.000000 107.000000
242.000000 101.000000
228.000000 98.000000
214.000000 98.000000
201.000000 103.000000
205.000000 114.000000
217.000000 111.000000
229.000000 108.000000
240.000000 111.000000
252.000000 114.000000
136.000000 145.000000
127.000000 134.000000
115.000000 129.000000
103.000000 131.000000
94.000000 138.000000
102.000000 145.000000
113.000000 148.000000
124.000000 147.000000
243.000000 139.000000
233.000000 132.000000
222.000000 130.000000
209.000000 134.000000
199.000000 143.000000
210.000000 146.000000
222.000000 147.000000
234.000000 145.000000
116.000000 138.000000
222.000000 138.000000
148.000000 141.000000
146.000000 160.000000
141.000000 178.000000
135.000000 195.000000
133.000000 213.000000
148.000000 224.000000
165.000000 228.000000
184.000000 221.000000
201.000000 211.000000
197.000000 194.000000
192.000000 178.000000
186.000000 158.000000
184.000000 141.000000
225.000000 243.000000
196.000000 241.000000
178.000000 243.000000
165.000000 246.000000
153.000000 243.000000
133.000000 241.000000
110.000000 241.000000
120.000000 263.000000
132.000000 275.000000
152.000000 282.000000
172.000000 283.000000
194.000000 274.000000
207.000000 262.000000
