164.000000 28.000000
125.000000 35.000000
91.000000 52.000000
70.000000 89.000000
61.000000 127.000000
57.000000 162.000000
67.000000 198.000000
75.000000 233.000000
88.000000 267.000000
109.000000 295.000000
136.000000 319.000000
179.000000 334.000000
222.000000 318.000000
250.000000 289.000000
273.000000 259.000000
286.000000 226.000000
285.000000 187.000000
281.000000 149.000000
273.000000 114.000000
260.000000 82.000000
241.000000 52.000000
207.000000 34.000000
130.000000 134.000000
114.000000 132.000000
100.000000 132.000000
89.000000 132.000000
79.000000 137.000000
83.000000 145.000000
91.000000 141.000000
100.000000 140.000000
114.000000 141.000000
128.000000 142.000000
249.000000 128.000000
235.000000 124.000000
224.000000 124.000000
207.000000 126.000000
193.000000 131.000000
194.000000 139.000000
208.000000 134.000000
224.000000 133.000000
236.000000 133.000000
247.000000 135.000000
136.000000 164.000000
128.000000 155.000000
116.000000 150.000000
104.000000 153.000000
95.000000 160.000000
104.000000 165.000000
115.000000 167.000000
125.000000 167.000000
233.000000 152.000000
224.000000 146.000000
211.000000 145.000000
200.000000 150.000000
192.000000 161.000000
204.000000 162.000000
215.000000 161.000000
226.000000 158.000000
114.000000 158.000000
212.000000 153.000000
149.000000 161.000000
147.000000 179.000000
144.000000 197.000000
140.000000 214.000000
140.000000 231.000000
153.000000 237.000000
168.000000 242.000000
184.000000 235.000000
198.000000 225.000000
194.000000 210.000000
188.000000 196.000000
182.000000 177.000000
179.000000 159.000000
217.000000 258.000000
198.000000 259.000000
183.000000 258.000000
171.000000 261.000000
160.000000 259.000000
146.000000 263.000000
132.000000 268.000000
142.000000 279.000000
152.000000 290.000000
167.000000 293.000000
182.000000 291.000000
196.000000 286.000000
206.000000 275.000000
