125.000000 21.000000
86.000000 41.000000
65.000000 72.000000
64.000000 110.000000
63.000000 146.000000
68.000000 180.000000
68.000000 212.000000
76.000000 247.000000
100.000000 277.000000
123.000000 298.000000
149.000000 320.000000
182.000000 333.000000
223.000000 312.000000
249.000000 281.000000
268.000000 247.000000
279.000000 211.000000
277.000000 170.000000
272.000000 128.000000
260.000000 89.000000
243.000000 59.000000
211.000000 33.000000
175.000000 19.000000
109.000000 141.000000
96.000000 139.000000
88.000000 139.000000
79.000000 141.000000
70.000000 145.000000
72.000000 152.000000
80.000000 149.000000
89.000000 148.000000
98.000000 149.000000
109.000000 150.000000
214.000000 113.000000
201.000000 109.000000
186.000000 111.000000
173.000000 118.000000
161.000000 127.000000
167.000000 135.000000
179.000000 128.000000
191.000000 122.000000
203.000000 119.000000
213.000000 120.000000
116.000000 175.000000
107.000000 167.000000
96.000000 164.000000
87.000000 167.000000
80.000000 174.000000
89.000000 178.000000
98.000000 179.000000
106.000000 176.000000
204.000000 145.000000
194.000000 142.000000
184.000000 143.000000
176.000000 149.000000
171.000000 159.000000
180.000000 158.000000
190.000000 157.000000
199.000000 152.000000
95.000000 171.000000
186.000000 150.000000
126.000000 167.000000
126.000000 182.000000
124.000000 196.000000
120.000000 214.000000
119.000000 230.000000
133.000000 235.000000
152.000000 242.000000
168.000000 230.000000
183.000000 217.000000
178.000000 202.000000
169.000000 190.000000
161.000000 175.000000
155.000000 159.000000
214.000000 244.000000
190.000000 244.000000
174.000000 248.000000
164.000000 253.000000
153.000000 253.000000
139.000000 256.000000
126.000000 260.000000
137.000000 274.000000
150.000000 285.000000
167.000000 290.000000
183.000000 288.000000
196.000000 277.000000
206.000000 265.000000
