135.000000 36.000000
97.000000 47.000000
64.000000 71.000000
54.000000 105.000000
51.000000 141.000000
55.000000 173.000000
56.000000 205.000000
64.000000 241.000000
76.000000 276.000000
95.000000 304.000000
122.000000 326.000000
164.000000 339.000000
203.000000 322.000000
237.000000 297.000000
263.000000 267.000000
271.000000 228.000000
276.000000 187.000000
270.000000 144.000000
259.000000 111.000000
242.000000 73.000000
219.000000 47.000000
180.000000 31.000000
110.000000 135.000000
95.000000 132.000000
82.000000 132.000000
70.000000 133.000000
60.000000 139.000000
62.000000 145.000000
72.000000 142.000000
83.000000 140.000000
94.000000 141.000000
109.000000 143.000000
217.000000 122.000000
204.000000 118.000000
193.000000 119.000000
179.000000 118.000000
163.000000 125.000000
165.000000 134.000000
179.000000 128.000000
192.000000 127.000000
204.000000 127.000000
215.000000 130.000000
114.000000 164.000000
103.000000 156.000000
90.000000 154.000000
78.000000 157.000000
72.000000 165.000000
80.000000 169.000000
92.000000 169.000000
102.000000 167.000000
210.000000 149.000000
198.000000 141.000000
187.000000 142.000000
178.000000 147.000000
168.000000 157.000000
179.000000 155.000000
191.000000 155.000000
202.000000 154.000000
91.000000 161.000000
191.000000 148.000000
125.000000 160.000000
124.000000 176.000000
122.000000 191.000000
119.000000 207.000000
116.000000 223.000000
129.000000 228.000000
148.000000 230.000000
164.000000 222.000000
177.000000 212.000000
170.000000 200.000000
163.000000 185.000000
159.000000 172.000000
154.000000 156.000000
201.000000 246.000000
178.000000 243.000000
163.000000 243.000000
147.000000 247.000000
134.000000 247.000000
125.000000 252.000000
107.000000 258.000000
122.000000 273.000000
134.000000 281.000000
151.000000 280.000000
165.000000 276.000000
177.000000 269.000000
187.000000 260.000000
