151.000000 39.000000
119.000000 45.000000
88.000000 59.000000
69.000000 93.000000
67.000000 128.000000
65.000000 160.000000
67.000000 195.000000
76.000000 229.000000
90.000000 265.000000
110.000000 298.000000
141.000000 323.000000
187.000000 337.000000
230.000000 320.000000
257.000000 286.000000
277.000000 252.000000
287.000000 214.000000
284.000000 175.000000
280.000000 138.000000
272.000000 105.000000
258.000000 73.000000
229.000000 47.000000
188.000000 37.000000
132.000000 121.000000
117.000000 118.000000
102.000000 118.000000
88.000000 119.000000
77.000000 126.000000
79.000000 132.000000
90.000000 129.000000
103.000000 128.000000
117.000000 128.000000
131.000000 130.000000
239.000000 104.000000
225.000000 100.000000
210.000000 102.000000
195.000000 106.000000
181.000000 112.000000
184.000000 121.000000
198.000000 115.000000
213.000000 110.000000
226.000000 108.000000
237.000000 110.000000
135.000000 151.000000
124.000000 144.000000
112.000000 142.000000
103.000000 146.000000
95.000000 153.000000
105.000000 157.000000
113.000000 158.000000
121.000000 156.000000
230.000000 133.000000
219.000000 127.000000
207.000000 127.000000
197.000000 132.000000
188.000000 142.000000
199.000000 143.000000
210.000000 142.000000
222.000000 139.000000
113.000000 149.000000
210.000000 134.000000
147.000000 150.000000
145.000000 165.000000
143.000000 181.000000
139.000000 197.000000
138.000000 212.000000
152.000000 219.000000
170.000000 221.000000
187.000000 213.000000
200.000000 201.000000
194.000000 188.000000
187.000000 175.000000
181.000000 161.000000
176.000000 145.000000
227.000000 234.000000
202.000000 234.000000
185.000000 233.000000
173.000000 237.000000
161.000000 236.000000
147.000000 243.000000
127.000000 249.000000
142.000000 263.000000
154.000000 273.000000
170.000000 277.000000
185.000000 277.000000
202.000000 269.000000
212.000000 255.000000
