122.000000 26.000000
84.000000 45.000000
57.000000 71.000000
48.000000 107.000000
45.000000 142.000000
54.000000 177.000000
63.000000 212.000000
76.000000 242.000000
89.000000 275.000000
116.000000 304.000000
159.000000 320.000000
200.000000 318.000000
247.000000 295.000000
272.000000 266.000000
286.000000 232.000000
285.000000 190.000000
279.000000 152.000000
272.000000 117.000000
261.000000 81.000000
245.000000 48.000000
211.000000 23.000000
164.000000 16.000000
111.000000 127.000000
96.000000 127.000000
83.000000 127.000000
71.000000 131.000000
61.000000 139.000000
65.000000 146.000000
73.000000 140.000000
85.000000 137.000000
98.000000 136.000000
112.000000 136.000000
223.000000 89.000000
209.000000 88.000000
193.000000 89.000000
178.000000 95.000000
165.000000 104.000000
169.000000 114.000000
183.000000 105.000000
197.000000 99.000000
211.000000 96.000000
223.000000 97.000000
118.000000 154.000000
109.000000 151.000000
98.000000 149.000000
86.000000 155.000000
80.000000 166.000000
92.000000 164.000000
101.000000 163.000000
109.000000 159.000000
216.000000 121.000000
206.000000 117.000000
194.000000 117.000000
182.000000 124.000000
173.000000 135.000000
185.000000 134.000000
197.000000 131.000000
208.000000 128.000000
95.000000 156.000000
195.000000 123.000000
130.000000 145.000000
131.000000 162.000000
131.000000 179.000000
129.000000 197.000000
130.000000 211.000000
144.000000 211.000000
164.000000 209.000000
178.000000 203.000000
191.000000 191.000000
186.000000 178.000000
175.000000 165.000000
167.000000 153.000000
158.000000 136.000000
215.000000 233.000000
196.000000 229.000000
180.000000 228.000000
169.000000 233.000000
157.000000 235.000000
146.000000 244.000000
135.000000 256.000000
147.000000 261.000000
159.000000 264.000000
172.000000 263.000000
185.000000 260.000000
198.000000 253.000000
208.000000 244.000000
