170.000000 20.000000
132.000000 25.000000
98.000000 46.000000
82.000000 77.000000
70.000000 114.000000
66.000000 150.000000
69.000000 190.000000
72.000000 225.000000
81.000000 264.000000
98.000000 294.000000
124.000000 322.000000
161.000000 336.000000
205.000000 326.000000
234.000000 298.000000
255.000000 266.000000
263.000000 229.000000
268.000000 192.000000
271.000000 155.000000
262.000000 117.000000
257.000000 80.000000
237.000000 48.000000
207.000000 28.000000
135.000000 122.000000
120.000000 118.000000
106.000000 115.000000
93.000000 117.000000
80.000000 121.000000
83.000000 129.000000
94.000000 126.000000
106.000000 126.000000
119.000000 128.000000
133.000000 131.000000
242.000000 126.000000
231.000000 117.000000
215.000000 115.000000
201.000000 118.000000
186.000000 123.000000
188.000000 131.000000
203.000000 127.000000
217.000000 125.000000
228.000000 128.000000
237.000000 133.000000
135.000000 150.000000
125.000000 140.000000
115.000000 136.000000
104.000000 138.000000
96.000000 144.000000
104.000000 151.000000
114.000000 153.000000
124.000000 152.000000
227.000000 144.000000
218.000000 137.000000
206.000000 135.000000
195.000000 139.000000
186.000000 148.000000
197.000000 151.000000
209.000000 151.000000
221.000000 149.000000
113.000000 144.000000
207.000000 143.000000
145.000000 147.000000
141.000000 163.000000
137.000000 178.000000
131.000000 192.000000
129.000000 208.000000
143.000000 215.000000
160.000000 220.000000
179.000000 213.000000
193.000000 207.000000
188.000000 191.000000
182.000000 178.000000
177.000000 163.000000
173.000000 147.000000
212.000000 243.000000
187.000000 235.000000
173.000000 233.000000
161.000000 238.000000
149.000000 234.000000
135.000000 237.000000
114.000000 242.000000
127.000000 259.000000
140.000000 269.000000
156.000000 273.000000
173.000000 272.000000
187.000000 268.000000
201.000000 257.000000
