178.000000 10.000000
135.000000 11.000000
92.000000 31.000000
74.000000 70.000000
56.000000 112.000000
54.000000 158.000000
56.000000 199.000000
65.000000 238.000000
83.000000 272.000000
113.000000 301.000000
149.000000 322.000000
203.000000 335.000000
243.000000 312.000000
271.000000 286.000000
290.000000 259.000000
297.000000 222.000000
301.000000 178.000000
301.000000 138.000000
292.000000 100.000000
278.000000 60.000000
257.000000 28.000000
219.000000 12.000000
147.000000 112.000000
132.000000 109.000000
116.000000 107.000000
101.000000 107.000000
85.000000 116.000000
90.000000 125.000000
102.000000 117.000000
116.000000 118.000000
132.000000 120.000000
147.000000 126.000000
273.000000 104.000000
258.000000 98.000000
240.000000 95.000000
225.000000 99.000000
210.000000 105.000000
214.000000 117.000000
228.000000 110.000000
242.000000 106.000000
257.000000 108.000000
271.000000 114.000000
149.000000 148.000000
138.000000 136.000000
124.000000 132.000000
111.000000 135.000000
101.000000 142.000000
111.000000 149.000000
124.000000 151.000000
137.000000 149.000000
258.000000 131.000000
246.000000 123.000000
233.000000 123.000000
223.000000 129.000000
215.000000 139.000000
226.000000 142.000000
238.000000 142.000000
250.000000 138.000000
122.000000 140.000000
235.000000 132.000000
166.000000 141.000000
164.000000 159.000000
158.000000 177.000000
153.000000 192.000000
146.000000 206.000000
163.000000 220.000000
188.000000 225.000000
210.000000 218.000000
224.000000 205.000000
216.000000 190.000000
207.000000 175.000000
201.000000 156.000000
197.000000 138.000000
240.000000 239.000000
219.000000 238.000000
204.000000 239.000000
189.000000 244.000000
171.000000 240.000000
152.000000 242.000000
135.000000 247.000000
147.000000 263.000000
163.000000 273.000000
182.000000 276.000000
201.000000 276.000000
216.000000 269.000000
227.000000 257.000000
