161.000000 34.000000
113.000000 45.000000
89.000000 72.000000
75.000000 113.000000
67.000000 152.000000
67.000000 186.000000
73.000000 219.000000
78.000000 249.000000
94.000000 278.000000
116.000000 303.000000
143.000000 324.000000
177.000000 338.000000
217.000000 322.000000
249.000000 300.000000
268.000000 272.000000
279.000000 238.000000
281.000000 199.000000
279.000000 159.000000
269.000000 125.000000
263.000000 85.000000
241.000000 50.000000
207.000000 38.000000
137.000000 155.000000
124.000000 154.000000
112.000000 152.000000
100.000000 150.000000
89.000000 154.000000
90.000000 163.000000
101.000000 161.000000
113.000000 162.000000
124.000000 163.000000
137.000000 165.000000
244.000000 144.000000
230.000000 140.000000
217.000000 142.000000
203.000000 145.000000
190.000000 149.000000
192.000000 159.000000
206.000000 155.000000
219.000000 152.000000
231.000000 151.000000
244.000000 153.000000
139.000000 182.000000
131.000000 173.000000
119.000000 170.000000
108.000000 173.000000
100.000000 179.000000
109.000000 184.000000
119.000000 184.000000
129.000000 183.000000
231.000000 168.000000
221.000000 163.000000
209.000000 163.000000
200.000000 168.000000
193.000000 176.000000
203.000000 177.000000
213.000000 176.000000
223.000000 174.000000
119.000000 176.000000
213.000000 168.000000
152.000000 176.000000
149.000000 190.000000
146.000000 205.000000
141.000000 218.000000
137.000000 230.000000
150.000000 239.000000
165.000000 246.000000
183.000000 239.000000
201.000000 230.000000
195.000000 219.000000
188.000000 204.000000
183.000000 190.000000
180.000000 174.000000
224.000000 248.000000
202.000000 251.000000
185.000000 258.000000
172.000000 260.000000
161.000000 259.000000
145.000000 256.000000
124.000000 256.000000
138.000000 271.000000
152.000000 284.000000
172.000000 288.000000
189.000000 286.000000
204.000000 279.000000
216.000000 265.000000
