168.000000 18.000000
126.000000 26.000000
92.000000 45.000000
71.000000 75.000000
56.000000 107.000000
51.000000 143.000000
56.000000 181.000000
65.000000 218.000000
73.000000 268.000000
93.000000 303.000000
125.000000 327.000000
171.000000 342.000000
221.000000 322.000000
267.000000 293.000000
288.000000 252.000000
290.000000 212.000000
295.000000 176.000000
293.000000 132.000000
282.000000 94.000000
263.000000 65.000000
238.000000 34.000000
207.000000 21.000000
125.000000 107.000000
111.000000 102.000000
98.000000 98.000000
85.000000 99.000000
72.000000 105.000000
74.000000 114.000000
87.000000 110.000000
99.000000 111.000000
110.000000 113.000000
121.000000 116.000000
252.000000 101.000000
239.000000 94.000000
221.000000 92.000000
205.000000 97.000000
189.000000 104.000000
192.000000 112.000000
207.000000 107.000000
223.000000 103.000000
237.000000 103.000000
248.000000 108.000000
132.000000 146.000000
124.000000 136.000000
110.000000 129.000000
97.000000 130.000000
83.000000 141.000000
94.000000 146.000000
108.000000 148.000000
120.000000 148.000000
237.000000 135.000000
227.000000 127.000000
214.000000 126.000000
201.000000 131.000000
193.000000 142.000000
205.000000 145.000000
218.000000 145.000000
229.000000 142.000000
109.000000 138.000000
213.000000 135.000000
146.000000 141.000000
145.000000 163.000000
142.000000 182.000000
136.000000 200.000000
131.000000 218.000000
143.000000 224.000000
163.000000 228.000000
186.000000 220.000000
200.000000 213.000000
193.000000 197.000000
185.000000 181.000000
178.000000 160.000000
176.000000 140.000000
224.000000 253.000000
203.000000 246.000000
187.000000 245.000000
167.000000 247.000000
154.000000 245.000000
136.000000 243.000000
116.000000 252.000000
130.000000 268.000000
147.000000 276.000000
161.000000 280.000000
176.000000 281.000000
194.000000 276.000000
210.000000 266.000000
