156.000000 38.000000
119.000000 46.000000
90.000000 66.000000
73.000000 99.000000
67.000000 136.000000
66.000000 171.000000
70.000000 204.000000
77.000000 237.000000
89.000000 269.000000
112.000000 296.000000
142.000000 319.000000
175.000000 334.000000
226.000000 310.000000
254.000000 282.000000
274.000000 252.000000
282.000000 217.000000
285.000000 181.000000
284.000000 145.000000
274.000000 112.000000
259.000000 82.000000
233.000000 55.000000
202.000000 41.000000
135.000000 129.000000
124.000000 123.000000
109.000000 121.000000
93.000000 123.000000
80.000000 130.000000
82.000000 138.000000
96.000000 135.000000
111.000000 133.000000
124.000000 135.000000
134.000000 137.000000
252.000000 111.000000
238.000000 107.000000
223.000000 108.000000
207.000000 112.000000
193.000000 118.000000
196.000000 128.000000
211.000000 123.000000
226.000000 120.000000
239.000000 118.000000
251.000000 119.000000
138.000000 156.000000
129.000000 148.000000
117.000000 145.000000
102.000000 146.000000
88.000000 157.000000
103.000000 162.000000
117.000000 161.000000
128.000000 160.000000
248.000000 144.000000
233.000000 134.000000
220.000000 130.000000
205.000000 138.000000
196.000000 147.000000
209.000000 150.000000
220.000000 150.000000
233.000000 148.000000
116.000000 153.000000
219.000000 142.000000
150.000000 149.000000
151.000000 167.000000
146.000000 183.000000
140.000000 198.000000
138.000000 215.000000
155.000000 220.000000
173.000000 222.000000
191.000000 216.000000
205.000000 206.000000
202.000000 192.000000
192.000000 181.000000
188.000000 165.000000
183.000000 146.000000
226.000000 234.000000
200.000000 236.000000
184.000000 238.000000
172.000000 239.000000
161.000000 240.000000
142.000000 242.000000
123.000000 246.000000
141.000000 263.000000
156.000000 271.000000
173.000000 272.000000
188.000000 271.000000
202.000000 261.000000
216.000000 250.000000
