197.000000 14.000000
153.000000 16.000000
117.000000 33.000000
97.000000 70.000000
95.000000 107.000000
74.000000 137.000000
68.000000 171.000000
65.000000 206.000000
69.000000 240.000000
82.000000 272.000000
101.000000 300.000000
140.000000 331.000000
192.000000 335.000000
229.000000 318.000000
260.000000 284.000000
277.000000 247.000000
285.000000 229.000000
294.000000 195.000000
300.000000 152.000000
285.000000 105.000000
269.000000 73.000000
238.000000 39.000000
149.000000 108.000000
136.000000 102.000000
123.000000 98.000000
112.000000 98.000000
105.000000 100.000000
102.000000 108.000000
110.000000 107.000000
123.000000 108.000000
134.000000 113.000000
145.000000 118.000000
256.000000 128.000000
245.000000 120.000000
232.000000 116.000000
217.000000 115.000000
203.000000 118.000000
204.000000 128.000000
218.000000 126.000000
231.000000 126.000000
243.000000 128.000000
252.000000 134.000000
146.000000 147.000000
137.000000 138.000000
127.000000 131.000000
116.000000 130.000000
98.000000 137.000000
112.000000 142.000000
122.000000 146.000000
132.000000 148.000000
246.000000 165.000000
232.000000 151.000000
220.000000 147.000000
208.000000 148.000000
197.000000 155.000000
208.000000 160.000000
219.000000 162.000000
231.000000 162.000000
124.000000 137.000000
219.000000 154.000000
155.000000 143.000000
148.000000 160.000000
142.000000 174.000000
133.000000 187.000000
128.000000 202.000000
140.000000 206.000000
151.000000 210.000000
173.000000 209.000000
189.000000 210.000000
188.000000 196.000000
184.000000 183.000000
183.000000 166.000000
184.000000 148.000000
197.000000 258.000000
179.000000 245.000000
165.000000 237.000000
153.000000 238.000000
142.000000 233.000000
129.000000 232.000000
113.000000 237.000000
118.000000 252.000000
127.000000 263.000000
140.000000 272.000000
154.000000 275.000000
169.000000 272.000000
183.000000 264.000000
