157.000000 22.000000
119.000000 32.000000
89.000000 50.000000
66.000000 78.000000
58.000000 112.000000
55.000000 144.000000
59.000000 178.000000
65.000000 225.000000
81.000000 261.000000
105.000000 295.000000
134.000000 323.000000
176.000000 337.000000
217.000000 320.000000
252.000000 280.000000
272.000000 242.000000
281.000000 205.000000
285.000000 168.000000
284.000000 130.000000
275.000000 94.000000
258.000000 59.000000
227.000000 30.000000
193.000000 25.000000
132.000000 116.000000
114.000000 112.000000
101.000000 109.000000
87.000000 110.000000
74.000000 118.000000
77.000000 127.000000
88.000000 118.000000
100.000000 118.000000
113.000000 122.000000
129.000000 128.000000
257.000000 108.000000
244.000000 102.000000
227.000000 100.000000
210.000000 104.000000
193.000000 111.000000
197.000000 122.000000
213.000000 113.000000
228.000000 109.000000
243.000000 109.000000
254.000000 117.000000
132.000000 146.000000
123.000000 134.000000
109.000000 129.000000
96.000000 132.000000
88.000000 142.000000
97.000000 148.000000
111.000000 149.000000
123.000000 148.000000
244.000000 138.000000
237.000000 128.000000
222.000000 124.000000
207.000000 130.000000
200.000000 141.000000
211.000000 143.000000
224.000000 143.000000
235.000000 141.000000
110.000000 138.000000
221.000000 132.000000
146.000000 139.000000
145.000000 158.000000
142.000000 178.000000
137.000000 197.000000
134.000000 216.000000
148.000000 225.000000
168.000000 230.000000
187.000000 223.000000
201.000000 212.000000
196.000000 195.000000
190.000000 176.000000
184.000000 155.000000
182.000000 136.000000
220.000000 242.000000
203.000000 241.000000
185.000000 240.000000
170.000000 246.000000
156.000000 242.000000
142.000000 244.000000
123.000000 243.000000
138.000000 261.000000
150.000000 270.000000
166.000000 274.000000
181.000000 272.000000
194.000000 268.000000
207.000000 258.000000
