175.000000 44.000000
126.000000 41.000000
96.000000 64.000000
82.000000 102.000000
74.000000 134.000000
66.000000 167.000000
66.000000 202.000000
68.000000 235.000000
83.000000 262.000000
101.000000 290.000000
117.000000 319.000000
152.000000 339.000000
191.000000 327.000000
224.000000 305.000000
250.000000 279.000000
268.000000 252.000000
279.000000 217.000000
280.000000 182.000000
271.000000 130.000000
264.000000 98.000000
245.000000 69.000000
216.000000 52.000000
138.000000 140.000000
124.000000 135.000000
110.000000 132.000000
96.000000 133.000000
86.000000 134.000000
84.000000 141.000000
97.000000 141.000000
109.000000 143.000000
122.000000 146.000000
135.000000 150.000000
250.000000 153.000000
239.000000 146.000000
223.000000 143.000000
207.000000 141.000000
191.000000 145.000000
192.000000 154.000000
207.000000 152.000000
223.000000 151.000000
238.000000 156.000000
249.000000 161.000000
141.000000 166.000000
130.000000 159.000000
118.000000 153.000000
106.000000 155.000000
91.000000 160.000000
106.000000 169.000000
116.000000 172.000000
129.000000 172.000000
239.000000 175.000000
227.000000 166.000000
214.000000 162.000000
202.000000 166.000000
186.000000 175.000000
203.000000 180.000000
216.000000 182.000000
227.000000 180.000000
119.000000 163.000000
214.000000 171.000000
148.000000 168.000000
146.000000 188.000000
138.000000 204.000000
133.000000 219.000000
127.000000 228.000000
137.000000 236.000000
151.000000 247.000000
172.000000 242.000000
188.000000 232.000000
183.000000 218.000000
178.000000 207.000000
176.000000 192.000000
179.000000 171.000000
214.000000 260.000000
187.000000 259.000000
171.000000 260.000000
155.000000 257.000000
143.000000 254.000000
126.000000 250.000000
109.000000 245.000000
116.000000 266.000000
127.000000 286.000000
146.000000 296.000000
166.000000 295.000000
182.000000 290.000000
196.000000 279.000000
