156.000000 35.000000
111.000000 44.000000
80.000000 70.000000
62.000000 96.000000
53.000000 136.000000
50.000000 161.000000
53.000000 187.000000
56.000000 215.000000
67.000000 243.000000
81.000000 268.000000
102.000000 301.000000
134.000000 320.000000
179.000000 314.000000
215.000000 298.000000
250.000000 271.000000
269.000000 242.000000
277.000000 190.000000
268.000000 150.000000
252.000000 121.000000
231.000000 90.000000
216.000000 63.000000
190.000000 46.000000
106.000000 123.000000
92.000000 120.000000
80.000000 118.000000
67.000000 118.000000
55.000000 122.000000
58.000000 128.000000
68.000000 126.000000
80.000000 127.000000
92.000000 128.000000
103.000000 131.000000
213.000000 125.000000
201.000000 120.000000
188.000000 118.000000
174.000000 119.000000
162.000000 121.000000
163.000000 129.000000
176.000000 127.000000
188.000000 126.000000
200.000000 128.000000
211.000000 131.000000
105.000000 151.000000
99.000000 143.000000
91.000000 140.000000
75.000000 142.000000
67.000000 148.000000
77.000000 152.000000
89.000000 155.000000
96.000000 154.000000
209.000000 154.000000
200.000000 147.000000
187.000000 141.000000
170.000000 145.000000
164.000000 155.000000
172.000000 159.000000
188.000000 161.000000
199.000000 158.000000
91.000000 147.000000
188.000000 152.000000
118.000000 149.000000
114.000000 167.000000
111.000000 182.000000
105.000000 195.000000
103.000000 210.000000
116.000000 216.000000
131.000000 220.000000
146.000000 216.000000
159.000000 208.000000
156.000000 195.000000
151.000000 183.000000
148.000000 166.000000
146.000000 150.000000
187.000000 237.000000
164.000000 236.000000
149.000000 237.000000
132.000000 239.000000
120.000000 238.000000
113.000000 239.000000
105.000000 238.000000
110.000000 253.000000
119.000000 264.000000
132.000000 269.000000
148.000000 268.000000
166.000000 261.000000
176.000000 252.000000
