184.000000 36.000000
141.000000 46.000000
114.000000 66.000000
98.000000 95.000000
82.000000 125.000000
75.000000 158.000000
74.000000 194.000000
78.000000 231.000000
87.000000 267.000000
110.000000 296.000000
140.000000 319.000000
179.000000 331.000000
220.000000 319.000000
250.000000 298.000000
273.000000 268.000000
284.000000 235.000000
289.000000 198.000000
290.000000 165.000000
286.000000 131.000000
275.000000 99.000000
256.000000 68.000000
225.000000 47.000000
163.000000 127.000000
147.000000 120.000000
132.000000 116.000000
117.000000 115.000000
103.000000 122.000000
105.000000 129.000000
117.000000 126.000000
132.000000 126.000000
147.000000 129.000000
161.000000 135.000000
269.000000 128.000000
258.000000 121.000000
243.000000 121.000000
229.000000 124.000000
216.000000 129.000000
218.000000 137.000000
231.000000 132.000000
245.000000 130.000000
257.000000 130.000000
267.000000 133.000000
159.000000 158.000000
149.000000 147.000000
135.000000 142.000000
122.000000 144.000000
108.000000 155.000000
121.000000 158.000000
133.000000 160.000000
146.000000 160.000000
266.000000 160.000000
248.000000 148.000000
236.000000 146.000000
224.000000 149.000000
215.000000 158.000000
225.000000 162.000000
238.000000 164.000000
250.000000 162.000000
135.000000 151.000000
235.000000 154.000000
174.000000 156.000000
171.000000 171.000000
165.000000 186.000000
158.000000 203.000000
155.000000 218.000000
171.000000 226.000000
188.000000 230.000000
205.000000 226.000000
220.000000 218.000000
216.000000 203.000000
210.000000 188.000000
205.000000 171.000000
202.000000 156.000000
230.000000 248.000000
216.000000 247.000000
202.000000 246.000000
186.000000 248.000000
169.000000 247.000000
156.000000 247.000000
135.000000 244.000000
150.000000 265.000000
162.000000 274.000000
176.000000 280.000000
191.000000 280.000000
205.000000 275.000000
217.000000 267.000000
