202.000000 15.000000
159.000000 24.000000
133.000000 43.000000
109.000000 74.000000
94.000000 104.000000
88.000000 137.000000
91.000000 175.000000
98.000000 212.000000
111.000000 246.000000
133.000000 274.000000
161.000000 299.000000
204.000000 315.000000
240.000000 301.000000
264.000000 271.000000
281.000000 243.000000
291.000000 208.000000
299.000000 176.000000
299.000000 150.000000
292.000000 116.000000
292.000000 65.000000
271.000000 30.000000
243.000000 20.000000
174.000000 108.000000
160.000000 104.000000
145.000000 100.000000
130.000000 99.000000
117.000000 103.000000
118.000000 111.000000
131.000000 110.000000
145.000000 111.000000
158.000000 113.000000
172.000000 117.000000
287.000000 104.000000
273.000000 100.000000
258.000000 100.000000
243.000000 103.000000
230.000000 109.000000
233.000000 117.000000
245.000000 113.000000
259.000000 110.000000
274.000000 110.000000
285.000000 113.000000
175.000000 140.000000
166.000000 129.000000
153.000000 124.000000
140.000000 125.000000
127.000000 134.000000
138.000000 138.000000
151.000000 140.000000
164.000000 139.000000
277.000000 134.000000
260.000000 125.000000
249.000000 124.000000
239.000000 128.000000
230.000000 136.000000
241.000000 138.000000
252.000000 139.000000
263.000000 137.000000
148.000000 131.000000
250.000000 131.000000
188.000000 135.000000
186.000000 150.000000
181.000000 165.000000
174.000000 181.000000
169.000000 197.000000
184.000000 206.000000
206.000000 216.000000
224.000000 205.000000
237.000000 196.000000
232.000000 181.000000
226.000000 165.000000
222.000000 151.000000
218.000000 134.000000
257.000000 219.000000
231.000000 219.000000
219.000000 223.000000
201.000000 223.000000
183.000000 222.000000
166.000000 223.000000
144.000000 223.000000
157.000000 243.000000
174.000000 257.000000
194.000000 262.000000
210.000000 262.000000
227.000000 258.000000
242.000000 247.000000
