162.000000 19.000000
122.000000 31.000000
93.000000 57.000000
73.000000 83.000000
64.000000 125.000000
69.000000 158.000000
74.000000 193.000000
82.000000 227.000000
95.000000 260.000000
116.000000 289.000000
142.000000 312.000000
188.000000 335.000000
237.000000 314.000000
262.000000 287.000000
273.000000 248.000000
278.000000 214.000000
281.000000 179.000000
279.000000 145.000000
272.000000 113.000000
264.000000 75.000000
242.000000 46.000000
213.000000 27.000000
147.000000 118.000000
131.000000 114.000000
117.000000 113.000000
102.000000 115.000000
91.000000 122.000000
95.000000 131.000000
105.000000 126.000000
119.000000 124.000000
132.000000 125.000000
146.000000 127.000000
249.000000 116.000000
241.000000 112.000000
228.000000 110.000000
213.000000 112.000000
197.000000 116.000000
200.000000 125.000000
214.000000 121.000000
227.000000 121.000000
238.000000 122.000000
247.000000 127.000000
148.000000 152.000000
138.000000 145.000000
126.000000 141.000000
115.000000 143.000000
100.000000 150.000000
115.000000 154.000000
125.000000 156.000000
135.000000 154.000000
242.000000 145.000000
229.000000 136.000000
219.000000 135.000000
209.000000 140.000000
200.000000 147.000000
211.000000 149.000000
222.000000 149.000000
233.000000 146.000000
123.000000 147.000000
220.000000 142.000000
159.000000 145.000000
156.000000 162.000000
153.000000 178.000000
147.000000 192.000000
145.000000 208.000000
160.000000 213.000000
177.000000 215.000000
193.000000 210.000000
208.000000 203.000000
204.000000 190.000000
197.000000 177.000000
191.000000 160.000000
187.000000 143.000000
223.000000 241.000000
208.000000 238.000000
193.000000 235.000000
180.000000 240.000000
166.000000 241.000000
153.000000 242.000000
139.000000 248.000000
148.000000 261.000000
160.000000 270.000000
175.000000 275.000000
190.000000 274.000000
204.000000 269.000000
216.000000 257.000000
