169.000000 26.000000
127.000000 38.000000
98.000000 61.000000
77.000000 90.000000
62.000000 122.000000
64.000000 158.000000
66.000000 197.000000
73.000000 236.000000
84.000000 272.000000
108.000000 300.000000
137.000000 322.000000
175.000000 341.000000
219.000000 324.000000
253.000000 295.000000
267.000000 260.000000
277.000000 226.000000
284.000000 190.000000
288.000000 152.000000
281.000000 116.000000
264.000000 84.000000
247.000000 51.000000
211.000000 28.000000
141.000000 121.000000
124.000000 116.000000
108.000000 112.000000
92.000000 110.000000
78.000000 116.000000
79.000000 125.000000
94.000000 122.000000
110.000000 123.000000
125.000000 127.000000
139.000000 131.000000
262.000000 109.000000
249.000000 104.000000
234.000000 104.000000
218.000000 108.000000
203.000000 115.000000
205.000000 124.000000
221.000000 118.000000
237.000000 114.000000
249.000000 114.000000
260.000000 116.000000
139.000000 154.000000
132.000000 145.000000
121.000000 140.000000
107.000000 143.000000
94.000000 154.000000
105.000000 155.000000
117.000000 158.000000
128.000000 158.000000
252.000000 149.000000
236.000000 137.000000
223.000000 137.000000
212.000000 142.000000
202.000000 155.000000
215.000000 154.000000
227.000000 155.000000
239.000000 153.000000
118.000000 148.000000
224.000000 145.000000
154.000000 149.000000
152.000000 167.000000
149.000000 184.000000
145.000000 200.000000
137.000000 214.000000
153.000000 223.000000
170.000000 229.000000
192.000000 222.000000
208.000000 213.000000
199.000000 197.000000
195.000000 182.000000
194.000000 166.000000
190.000000 148.000000
223.000000 252.000000
209.000000 246.000000
193.000000 244.000000
176.000000 247.000000
158.000000 246.000000
145.000000 248.000000
119.000000 252.000000
130.000000 268.000000
141.000000 283.000000
162.000000 296.000000
185.000000 295.000000
202.000000 283.000000
218.000000 265.000000
