163.000000 28.000000
117.000000 34.000000
84.000000 56.000000
74.000000 93.000000
60.000000 123.000000
55.000000 156.000000
58.000000 191.000000
63.000000 229.000000
76.000000 264.000000
99.000000 294.000000
125.000000 318.000000
161.000000 330.000000
205.000000 322.000000
240.000000 298.000000
265.000000 265.000000
275.000000 230.000000
280.000000 190.000000
280.000000 154.000000
262.000000 119.000000
260.000000 85.000000
244.000000 52.000000
212.000000 35.000000
138.000000 127.000000
122.000000 121.000000
107.000000 118.000000
92.000000 118.000000
79.000000 124.000000
81.000000 130.000000
94.000000 127.000000
108.000000 128.000000
122.000000 131.000000
136.000000 135.000000
245.000000 124.000000
233.000000 119.000000
219.000000 120.000000
205.000000 123.000000
191.000000 127.000000
192.000000 135.000000
206.000000 131.000000
221.000000 128.000000
233.000000 127.000000
242.000000 129.000000
138.000000 157.000000
129.000000 147.000000
116.000000 143.000000
104.000000 145.000000
90.000000 154.000000
105.000000 158.000000
115.000000 160.000000
124.000000 159.000000
234.000000 151.000000
225.000000 144.000000
213.000000 142.000000
201.000000 146.000000
192.000000 155.000000
203.000000 158.000000
216.000000 159.000000
227.000000 157.000000
114.000000 150.000000
213.000000 150.000000
150.000000 153.000000
145.000000 169.000000
141.000000 184.000000
135.000000 200.000000
130.000000 217.000000
144.000000 225.000000
164.000000 230.000000
183.000000 224.000000
196.000000 215.000000
192.000000 200.000000
187.000000 186.000000
182.000000 170.000000
179.000000 153.000000
211.000000 249.000000
194.000000 247.000000
180.000000 249.000000
166.000000 249.000000
149.000000 249.000000
137.000000 249.000000
122.000000 247.000000
131.000000 263.000000
143.000000 271.000000
159.000000 276.000000
174.000000 276.000000
187.000000 270.000000
198.000000 261.000000
