210.000000 5.000000
171.000000 4.000000
133.000000 15.000000
100.000000 38.000000
77.000000 69.000000
64.000000 106.000000
59.000000 147.000000
59.000000 189.000000
64.000000 230.000000
80.000000 274.000000
114.000000 307.000000
168.000000 338.000000
221.000000 330.000000
257.000000 300.000000
276.000000 266.000000
288.000000 225.000000
301.000000 189.000000
306.000000 148.000000
310.000000 111.000000
300.000000 73.000000
279.000000 41.000000
248.000000 18.000000
169.000000 87.000000
154.000000 79.000000
138.000000 71.000000
122.000000 68.000000
108.000000 71.000000
107.000000 79.000000
121.000000 78.000000
137.000000 82.000000
152.000000 89.000000
167.000000 97.000000
293.000000 108.000000
282.000000 98.000000
266.000000 92.000000
251.000000 93.000000
236.000000 96.000000
237.000000 107.000000
252.000000 104.000000
267.000000 102.000000
280.000000 105.000000
289.000000 113.000000
158.000000 129.000000
154.000000 118.000000
141.000000 110.000000
127.000000 109.000000
116.000000 115.000000
123.000000 123.000000
136.000000 127.000000
150.000000 130.000000
277.000000 154.000000
265.000000 134.000000
249.000000 130.000000
237.000000 132.000000
227.000000 141.000000
238.000000 145.000000
249.000000 148.000000
261.000000 152.000000
139.000000 119.000000
249.000000 139.000000
181.000000 130.000000
175.000000 147.000000
167.000000 165.000000
157.000000 180.000000
148.000000 195.000000
165.000000 203.000000
183.000000 216.000000
207.000000 214.000000
221.000000 206.000000
218.000000 190.000000
214.000000 174.000000
212.000000 153.000000
212.000000 135.000000
232.000000 250.000000
214.000000 242.000000
202.000000 235.000000
188.000000 236.000000
165.000000 230.000000
147.000000 231.000000
128.000000 234.000000
134.000000 250.000000
146.000000 264.000000
162.000000 273.000000
179.000000 277.000000
197.000000 277.000000
216.000000 267.000000
