161.000000 13.000000
119.000000 27.000000
96.000000 47.000000
76.000000 78.000000
70.000000 107.000000
66.000000 138.000000
67.000000 170.000000
71.000000 201.000000
75.000000 233.000000
88.000000 265.000000
117.000000 297.000000
171.000000 322.000000
209.000000 306.000000
241.000000 279.000000
264.000000 250.000000
275.000000 209.000000
277.000000 175.000000
274.000000 139.000000
270.000000 101.000000
257.000000 72.000000
235.000000 41.000000
203.000000 22.000000
133.000000 103.000000
121.000000 100.000000
109.000000 98.000000
99.000000 98.000000
87.000000 102.000000
88.000000 110.000000
99.000000 109.000000
110.000000 110.000000
121.000000 111.000000
132.000000 113.000000
239.000000 104.000000
226.000000 98.000000
213.000000 98.000000
198.000000 100.000000
183.000000 103.000000
184.000000 113.000000
199.000000 110.000000
214.000000 108.000000
226.000000 108.000000
236.000000 111.000000
134.000000 136.000000
127.000000 128.000000
116.000000 123.000000
105.000000 124.000000
90.000000 137.000000
104.000000 138.000000
113.000000 140.000000
124.000000 140.000000
232.000000 136.000000
217.000000 124.000000
205.000000 122.000000
195.000000 126.000000
185.000000 134.000000
196.000000 139.000000
208.000000 140.000000
220.000000 137.000000
114.000000 130.000000
206.000000 130.000000
144.000000 132.000000
140.000000 149.000000
135.000000 165.000000
128.000000 182.000000
125.000000 195.000000
138.000000 204.000000
156.000000 207.000000
176.000000 201.000000
191.000000 196.000000
188.000000 181.000000
182.000000 165.000000
177.000000 149.000000
173.000000 132.000000
211.000000 233.000000
186.000000 230.000000
169.000000 227.000000
158.000000 230.000000
146.000000 227.000000
132.000000 229.000000
119.000000 231.000000
129.000000 242.000000
139.000000 250.000000
152.000000 254.000000
165.000000 255.000000
178.000000 254.000000
192.000000 248.000000
