173.000000 26.000000
130.000000 38.000000
103.000000 61.000000
78.000000 87.000000
63.000000 119.000000
59.000000 155.000000
65.000000 194.000000
72.000000 231.000000
81.000000 267.000000
106.000000 296.000000
134.000000 321.000000
176.000000 334.000000
220.000000 318.000000
249.000000 291.000000
271.000000 259.000000
279.000000 224.000000
285.000000 186.000000
287.000000 147.000000
280.000000 112.000000
268.000000 79.000000
242.000000 51.000000
209.000000 32.000000
138.000000 121.000000
122.000000 118.000000
109.000000 120.000000
96.000000 122.000000
81.000000 128.000000
82.000000 137.000000
96.000000 133.000000
110.000000 129.000000
122.000000 130.000000
136.000000 132.000000
264.000000 123.000000
251.000000 117.000000
235.000000 116.000000
218.000000 116.000000
203.000000 120.000000
204.000000 130.000000
220.000000 126.000000
235.000000 125.000000
247.000000 127.000000
260.000000 132.000000
141.000000 151.000000
132.000000 143.000000
119.000000 138.000000
106.000000 141.000000
92.000000 150.000000
107.000000 154.000000
118.000000 156.000000
129.000000 155.000000
252.000000 145.000000
237.000000 139.000000
224.000000 137.000000
212.000000 143.000000
203.000000 150.000000
215.000000 154.000000
228.000000 154.000000
239.000000 151.000000
116.000000 147.000000
225.000000 145.000000
154.000000 145.000000
150.000000 166.000000
146.000000 184.000000
141.000000 202.000000
139.000000 219.000000
155.000000 226.000000
174.000000 232.000000
192.000000 223.000000
210.000000 215.000000
205.000000 200.000000
199.000000 185.000000
192.000000 165.000000
188.000000 145.000000
222.000000 247.000000
204.000000 247.000000
188.000000 246.000000
175.000000 246.000000
164.000000 247.000000
146.000000 249.000000
128.000000 251.000000
142.000000 273.000000
157.000000 279.000000
171.000000 283.000000
186.000000 281.000000
200.000000 276.000000
210.000000 267.000000
