166.000000 29.000000
118.000000 38.000000
96.000000 61.000000
88.000000 96.000000
87.000000 129.000000
83.000000 160.000000
85.000000 191.000000
89.000000 224.000000
95.000000 256.000000
113.000000 285.000000
138.000000 313.000000
176.000000 328.000000
220.000000 309.000000
252.000000 287.000000
270.000000 254.000000
273.000000 223.000000
276.000000 188.000000
278.000000 156.000000
276.000000 122.000000
267.000000 91.000000
245.000000 61.000000
219.000000 33.000000
151.000000 130.000000
138.000000 126.000000
125.000000 124.000000
111.000000 124.000000
100.000000 129.000000
101.000000 136.000000
113.000000 132.000000
125.000000 133.000000
138.000000 136.000000
149.000000 138.000000
257.000000 124.000000
245.000000 119.000000
231.000000 119.000000
219.000000 124.000000
211.000000 129.000000
212.000000 137.000000
220.000000 132.000000
232.000000 127.000000
244.000000 126.000000
254.000000 129.000000
155.000000 160.000000
147.000000 151.000000
134.000000 148.000000
123.000000 150.000000
113.000000 162.000000
124.000000 162.000000
135.000000 163.000000
145.000000 162.000000
243.000000 154.000000
234.000000 147.000000
223.000000 145.000000
213.000000 150.000000
205.000000 159.000000
215.000000 161.000000
225.000000 161.000000
235.000000 159.000000
134.000000 155.000000
223.000000 153.000000
166.000000 157.000000
164.000000 174.000000
161.000000 189.000000
156.000000 204.000000
154.000000 218.000000
164.000000 223.000000
179.000000 225.000000
195.000000 221.000000
206.000000 213.000000
205.000000 204.000000
200.000000 188.000000
195.000000 173.000000
192.000000 157.000000
226.000000 239.000000
203.000000 239.000000
190.000000 243.000000
180.000000 242.000000
167.000000 242.000000
156.000000 243.000000
136.000000 243.000000
145.000000 259.000000
155.000000 269.000000
169.000000 276.000000
185.000000 275.000000
199.000000 272.000000
212.000000 262.000000
