161.000000 18.000000
116.000000 28.000000
83.000000 51.000000
62.000000 78.000000
54.000000 116.000000
51.000000 149.000000
49.000000 189.000000
53.000000 228.000000
62.000000 267.000000
86.000000 302.000000
122.000000 317.000000
166.000000 329.000000
210.000000 315.000000
254.000000 303.000000
291.000000 272.000000
302.000000 216.000000
301.000000 180.000000
295.000000 135.000000
283.000000 97.000000
264.000000 67.000000
242.000000 41.000000
205.000000 25.000000
128.000000 108.000000
112.000000 104.000000
97.000000 102.000000
83.000000 103.000000
70.000000 109.000000
72.000000 118.000000
85.000000 115.000000
99.000000 115.000000
112.000000 117.000000
126.000000 120.000000
250.000000 106.000000
236.000000 100.000000
220.000000 100.000000
203.000000 101.000000
187.000000 107.000000
190.000000 118.000000
206.000000 114.000000
221.000000 112.000000
235.000000 111.000000
248.000000 115.000000
126.000000 145.000000
118.000000 136.000000
105.000000 131.000000
90.000000 132.000000
80.000000 147.000000
90.000000 149.000000
104.000000 150.000000
116.000000 149.000000
245.000000 144.000000
232.000000 130.000000
221.000000 129.000000
206.000000 133.000000
191.000000 141.000000
203.000000 145.000000
219.000000 147.000000
232.000000 148.000000
105.000000 140.000000
221.000000 138.000000
141.000000 140.000000
139.000000 158.000000
134.000000 175.000000
128.000000 192.000000
126.000000 209.000000
140.000000 213.000000
160.000000 217.000000
175.000000 209.000000
192.000000 205.000000
189.000000 189.000000
181.000000 173.000000
177.000000 159.000000
173.000000 139.000000
217.000000 244.000000
191.000000 237.000000
174.000000 235.000000
159.000000 238.000000
146.000000 237.000000
128.000000 240.000000
112.000000 248.000000
125.000000 261.000000
140.000000 267.000000
157.000000 269.000000
169.000000 268.000000
183.000000 265.000000
199.000000 259.000000
