179.000000 31.000000
134.000000 39.000000
104.000000 61.000000
85.000000 91.000000
74.000000 130.000000
72.000000 166.000000
76.000000 203.000000
81.000000 238.000000
90.000000 273.000000
118.000000 297.000000
147.000000 318.000000
184.000000 326.000000
220.000000 313.000000
250.000000 290.000000
267.000000 262.000000
276.000000 234.000000
282.000000 201.000000
287.000000 167.000000
282.000000 134.000000
276.000000 100.000000
257.000000 72.000000
226.000000 46.000000
161.000000 130.000000
146.000000 126.000000
132.000000 122.000000
117.000000 121.000000
104.000000 128.000000
106.000000 136.000000
119.000000 132.000000
132.000000 134.000000
146.000000 137.000000
160.000000 141.000000
269.000000 133.000000
255.000000 127.000000
241.000000 127.000000
228.000000 129.000000
214.000000 133.000000
216.000000 142.000000
230.000000 139.000000
244.000000 137.000000
256.000000 136.000000
267.000000 140.000000
159.000000 164.000000
151.000000 153.000000
139.000000 148.000000
127.000000 150.000000
110.000000 156.000000
125.000000 162.000000
136.000000 165.000000
147.000000 165.000000
256.000000 159.000000
247.000000 153.000000
234.000000 152.000000
223.000000 156.000000
214.000000 164.000000
225.000000 167.000000
237.000000 168.000000
248.000000 165.000000
137.000000 156.000000
236.000000 159.000000
173.000000 161.000000
169.000000 176.000000
166.000000 190.000000
160.000000 203.000000
155.000000 217.000000
169.000000 224.000000
185.000000 232.000000
203.000000 224.000000
214.000000 216.000000
209.000000 204.000000
205.000000 192.000000
201.000000 177.000000
199.000000 162.000000
226.000000 254.000000
210.000000 251.000000
196.000000 250.000000
185.000000 252.000000
174.000000 249.000000
157.000000 251.000000
138.000000 250.000000
152.000000 263.000000
164.000000 271.000000
179.000000 276.000000
191.000000 277.000000
203.000000 272.000000
215.000000 265.000000
