162.000000 0.000000
121.000000 3.000000
79.000000 10.000000
52.000000 53.000000
36.000000 95.000000
40.000000 136.000000
52.000000 183.000000
65.000000 223.000000
81.000000 264.000000
107.000000 296.000000
139.000000 323.000000
185.000000 334.000000
228.000000 316.000000
259.000000 283.000000
281.000000 239.000000
281.000000 205.000000
298.000000 163.000000
308.000000 117.000000
298.000000 79.000000
289.000000 40.000000
261.000000 13.000000
202.000000 1.000000
134.000000 107.000000
117.000000 100.000000
99.000000 96.000000
86.000000 95.000000
65.000000 98.000000
68.000000 112.000000
81.000000 107.000000
99.000000 110.000000
117.000000 113.000000
132.000000 117.000000
271.000000 92.000000
253.000000 86.000000
237.000000 86.000000
219.000000 91.000000
201.000000 103.000000
204.000000 114.000000
222.000000 105.000000
240.000000 100.000000
255.000000 95.000000
269.000000 103.000000
134.000000 141.000000
124.000000 126.000000
107.000000 120.000000
90.000000 122.000000
79.000000 132.000000
92.000000 142.000000
105.000000 146.000000
118.000000 144.000000
264.000000 123.000000
244.000000 114.000000
227.000000 113.000000
214.000000 121.000000
203.000000 135.000000
218.000000 139.000000
234.000000 139.000000
249.000000 134.000000
105.000000 132.000000
229.000000 125.000000
151.000000 133.000000
154.000000 155.000000
151.000000 173.000000
151.000000 194.000000
145.000000 213.000000
152.000000 231.000000
172.000000 237.000000
194.000000 228.000000
204.000000 213.000000
193.000000 186.000000
188.000000 170.000000
185.000000 153.000000
185.000000 131.000000
221.000000 259.000000
203.000000 257.000000
188.000000 255.000000
175.000000 260.000000
161.000000 257.000000
145.000000 261.000000
130.000000 267.000000
143.000000 277.000000
156.000000 285.000000
171.000000 289.000000
186.000000 287.000000
199.000000 281.000000
210.000000 273.000000
