199.000000 36.000000
149.000000 33.000000
116.000000 44.000000
94.000000 76.000000
82.000000 109.000000
72.000000 140.000000
64.000000 178.000000
65.000000 213.000000
77.000000 262.000000
99.000000 298.000000
131.000000 320.000000
169.000000 333.000000
217.000000 324.000000
257.000000 296.000000
275.000000 259.000000
281.000000 224.000000
287.000000 191.000000
289.000000 156.000000
286.000000 124.000000
283.000000 86.000000
267.000000 56.000000
237.000000 40.000000
166.000000 116.000000
152.000000 111.000000
137.000000 109.000000
123.000000 109.000000
110.000000 114.000000
113.000000 121.000000
124.000000 119.000000
137.000000 119.000000
150.000000 121.000000
164.000000 124.000000
273.000000 123.000000
261.000000 119.000000
249.000000 118.000000
235.000000 119.000000
223.000000 122.000000
224.000000 130.000000
236.000000 129.000000
249.000000 128.000000
261.000000 128.000000
272.000000 131.000000
163.000000 149.000000
155.000000 139.000000
145.000000 135.000000
133.000000 135.000000
117.000000 143.000000
132.000000 147.000000
141.000000 150.000000
151.000000 150.000000
262.000000 154.000000
249.000000 146.000000
239.000000 143.000000
228.000000 146.000000
219.000000 153.000000
228.000000 156.000000
238.000000 157.000000
248.000000 157.000000
141.000000 142.000000
237.000000 150.000000
177.000000 146.000000
173.000000 162.000000
168.000000 177.000000
161.000000 191.000000
157.000000 206.000000
176.000000 209.000000
195.000000 213.000000
206.000000 212.000000
216.000000 209.000000
216.000000 195.000000
211.000000 180.000000
208.000000 165.000000
206.000000 148.000000
231.000000 245.000000
214.000000 239.000000
199.000000 237.000000
186.000000 237.000000
172.000000 234.000000
159.000000 234.000000
133.000000 238.000000
147.000000 258.000000
158.000000 268.000000
172.000000 273.000000
187.000000 277.000000
206.000000 273.000000
220.000000 264.000000
