181.000000 32.000000
134.000000 33.000000
104.000000 50.000000
87.000000 87.000000
75.000000 121.000000
66.000000 154.000000
64.000000 189.000000
63.000000 224.000000
69.000000 260.000000
90.000000 291.000000
116.000000 319.000000
150.000000 336.000000
194.000000 324.000000
227.000000 302.000000
254.000000 273.000000
264.000000 242.000000
274.000000 208.000000
279.000000 175.000000
277.000000 142.000000
272.000000 106.000000
256.000000 67.000000
226.000000 41.000000
154.000000 134.000000
141.000000 126.000000
127.000000 121.000000
112.000000 119.000000
98.000000 122.000000
98.000000 130.000000
112.000000 129.000000
126.000000 132.000000
139.000000 136.000000
151.000000 141.000000
261.000000 144.000000
248.000000 138.000000
235.000000 137.000000
221.000000 137.000000
209.000000 140.000000
209.000000 148.000000
222.000000 147.000000
235.000000 146.000000
247.000000 148.000000
258.000000 151.000000
152.000000 162.000000
143.000000 151.000000
131.000000 145.000000
118.000000 145.000000
105.000000 153.000000
117.000000 156.000000
128.000000 159.000000
139.000000 161.000000
244.000000 168.000000
235.000000 161.000000
223.000000 159.000000
213.000000 162.000000
204.000000 167.000000
214.000000 171.000000
224.000000 173.000000
235.000000 172.000000
127.000000 152.000000
224.000000 165.000000
164.000000 161.000000
158.000000 178.000000
151.000000 195.000000
142.000000 209.000000
136.000000 225.000000
149.000000 233.000000
166.000000 240.000000
185.000000 237.000000
199.000000 231.000000
198.000000 217.000000
194.000000 202.000000
191.000000 184.000000
190.000000 166.000000
207.000000 262.000000
190.000000 259.000000
177.000000 259.000000
164.000000 259.000000
152.000000 259.000000
138.000000 255.000000
119.000000 253.000000
131.000000 268.000000
142.000000 278.000000
155.000000 284.000000
168.000000 286.000000
183.000000 281.000000
194.000000 273.000000
