162.000000 28.000000
115.000000 32.000000
89.000000 57.000000
73.000000 99.000000
75.000000 134.000000
68.000000 166.000000
69.000000 197.000000
74.000000 234.000000
81.000000 266.000000
95.000000 296.000000
115.000000 322.000000
152.000000 333.000000
194.000000 328.000000
227.000000 314.000000
253.000000 287.000000
264.000000 251.000000
270.000000 211.000000
272.000000 173.000000
269.000000 127.000000
260.000000 89.000000
239.000000 59.000000
212.000000 36.000000
135.000000 131.000000
121.000000 125.000000
107.000000 121.000000
99.000000 119.000000
89.000000 121.000000
88.000000 130.000000
94.000000 129.000000
106.000000 130.000000
119.000000 134.000000
130.000000 138.000000
246.000000 135.000000
233.000000 130.000000
220.000000 130.000000
206.000000 132.000000
192.000000 135.000000
194.000000 142.000000
207.000000 140.000000
221.000000 138.000000
233.000000 138.000000
243.000000 140.000000
132.000000 164.000000
125.000000 154.000000
112.000000 149.000000
100.000000 150.000000
89.000000 156.000000
100.000000 162.000000
110.000000 165.000000
121.000000 165.000000
237.000000 170.000000
221.000000 158.000000
209.000000 155.000000
198.000000 158.000000
188.000000 165.000000
198.000000 169.000000
209.000000 171.000000
222.000000 173.000000
112.000000 157.000000
208.000000 163.000000
146.000000 161.000000
139.000000 179.000000
137.000000 194.000000
130.000000 209.000000
126.000000 223.000000
135.000000 234.000000
155.000000 237.000000
169.000000 232.000000
181.000000 227.000000
180.000000 212.000000
176.000000 196.000000
174.000000 183.000000
173.000000 163.000000
196.000000 261.000000
179.000000 259.000000
165.000000 256.000000
154.000000 258.000000
141.000000 258.000000
129.000000 258.000000
115.000000 259.000000
124.000000 271.000000
134.000000 278.000000
147.000000 281.000000
160.000000 281.000000
172.000000 278.000000
183.000000 271.000000
