159.000000 35.000000
129.000000 47.000000
99.000000 68.000000
77.000000 98.000000
66.000000 139.000000
68.000000 171.000000
65.000000 203.000000
73.000000 235.000000
86.000000 272.000000
113.000000 302.000000
144.000000 320.000000
192.000000 334.000000
234.000000 308.000000
257.000000 277.000000
276.000000 246.000000
281.000000 212.000000
280.000000 179.000000
277.000000 144.000000
267.000000 113.000000
252.000000 84.000000
229.000000 50.000000
198.000000 37.000000
141.000000 134.000000
126.000000 131.000000
116.000000 131.000000
102.000000 134.000000
92.000000 140.000000
93.000000 147.000000
103.000000 142.000000
115.000000 141.000000
127.000000 141.000000
139.000000 143.000000
235.000000 120.000000
227.000000 120.000000
218.000000 119.000000
207.000000 120.000000
192.000000 125.000000
195.000000 134.000000
208.000000 131.000000
219.000000 128.000000
228.000000 126.000000
236.000000 127.000000
143.000000 163.000000
134.000000 155.000000
122.000000 152.000000
111.000000 154.000000
100.000000 163.000000
110.000000 166.000000
121.000000 167.000000
132.000000 165.000000
238.000000 146.000000
226.000000 139.000000
214.000000 140.000000
204.000000 145.000000
195.000000 154.000000
206.000000 154.000000
217.000000 153.000000
228.000000 150.000000
121.000000 159.000000
217.000000 146.000000
153.000000 157.000000
152.000000 173.000000
149.000000 189.000000
143.000000 205.000000
144.000000 221.000000
158.000000 226.000000
175.000000 229.000000
198.000000 216.000000
209.000000 208.000000
204.000000 195.000000
195.000000 181.000000
188.000000 169.000000
182.000000 152.000000
225.000000 239.000000
207.000000 239.000000
191.000000 240.000000
179.000000 243.000000
167.000000 243.000000
154.000000 247.000000
141.000000 250.000000
150.000000 263.000000
161.000000 272.000000
177.000000 277.000000
192.000000 275.000000
205.000000 267.000000
216.000000 255.000000
