197.000000 24.000000
142.000000 36.000000
107.000000 55.000000
85.000000 86.000000
83.000000 126.000000
78.000000 163.000000
82.000000 202.000000
89.000000 239.000000
103.000000 275.000000
129.000000 304.000000
159.000000 328.000000
199.000000 339.000000
238.000000 324.000000
263.000000 299.000000
286.000000 267.000000
300.000000 234.000000
308.000000 199.000000
313.000000 163.000000
307.000000 126.000000
297.000000 89.000000
273.000000 56.000000
243.000000 37.000000
172.000000 131.000000
156.000000 125.000000
140.000000 120.000000
123.000000 119.000000
108.000000 125.000000
110.000000 132.000000
125.000000 129.000000
139.000000 131.000000
155.000000 134.000000
170.000000 140.000000
283.000000 132.000000
269.000000 128.000000
260.000000 130.000000
244.000000 128.000000
231.000000 135.000000
234.000000 143.000000
247.000000 139.000000
257.000000 137.000000
269.000000 139.000000
278.000000 140.000000
170.000000 161.000000
163.000000 150.000000
149.000000 143.000000
135.000000 146.000000
120.000000 156.000000
134.000000 160.000000
146.000000 163.000000
158.000000 163.000000
279.000000 156.000000
264.000000 149.000000
251.000000 145.000000
236.000000 151.000000
229.000000 161.000000
240.000000 164.000000
253.000000 165.000000
269.000000 164.000000
149.000000 152.000000
253.000000 155.000000
187.000000 159.000000
183.000000 177.000000
180.000000 193.000000
173.000000 209.000000
169.000000 224.000000
183.000000 235.000000
202.000000 242.000000
219.000000 237.000000
231.000000 225.000000
226.000000 211.000000
220.000000 195.000000
217.000000 179.000000
215.000000 160.000000
243.000000 257.000000
224.000000 258.000000
210.000000 257.000000
199.000000 260.000000
187.000000 257.000000
169.000000 257.000000
151.000000 253.000000
167.000000 272.000000
179.000000 279.000000
192.000000 284.000000
206.000000 284.000000
218.000000 280.000000
229.000000 272.000000
