178.000000 24.000000
140.000000 32.000000
104.000000 49.000000
76.000000 85.000000
75.000000 120.000000
69.000000 154.000000
71.000000 188.000000
73.000000 222.000000
86.000000 263.000000
106.000000 304.000000
135.000000 326.000000
179.000000 338.000000
229.000000 310.000000
252.000000 285.000000
265.000000 253.000000
277.000000 221.000000
283.000000 188.000000
285.000000 157.000000
280.000000 123.000000
272.000000 89.000000
260.000000 57.000000
220.000000 32.000000
157.000000 119.000000
141.000000 113.000000
125.000000 110.000000
109.000000 112.000000
97.000000 121.000000
100.000000 127.000000
112.000000 122.000000
126.000000 121.000000
140.000000 123.000000
155.000000 128.000000
268.000000 119.000000
256.000000 112.000000
241.000000 111.000000
227.000000 115.000000
212.000000 120.000000
215.000000 129.000000
230.000000 124.000000
244.000000 121.000000
256.000000 120.000000
266.000000 125.000000
154.000000 157.000000
144.000000 147.000000
133.000000 141.000000
121.000000 144.000000
103.000000 155.000000
119.000000 157.000000
131.000000 159.000000
143.000000 158.000000
258.000000 154.000000
244.000000 143.000000
233.000000 142.000000
222.000000 146.000000
213.000000 155.000000
224.000000 157.000000
236.000000 158.000000
247.000000 155.000000
130.000000 149.000000
233.000000 150.000000
169.000000 152.000000
166.000000 168.000000
162.000000 185.000000
157.000000 199.000000
153.000000 215.000000
167.000000 226.000000
185.000000 231.000000
203.000000 225.000000
217.000000 213.000000
212.000000 198.000000
206.000000 184.000000
201.000000 166.000000
199.000000 152.000000
228.000000 245.000000
213.000000 243.000000
197.000000 241.000000
185.000000 245.000000
171.000000 242.000000
149.000000 238.000000
122.000000 241.000000
138.000000 273.000000
152.000000 291.000000
177.000000 296.000000
203.000000 290.000000
221.000000 276.000000
225.000000 261.000000
