178.000000 29.000000
137.000000 37.000000
105.000000 64.000000
86.000000 97.000000
71.000000 128.000000
68.000000 165.000000
70.000000 202.000000
76.000000 237.000000
91.000000 271.000000
114.000000 300.000000
145.000000 324.000000
188.000000 337.000000
223.000000 320.000000
249.000000 291.000000
271.000000 260.000000
279.000000 228.000000
283.000000 194.000000
288.000000 157.000000
282.000000 123.000000
265.000000 93.000000
248.000000 61.000000
219.000000 42.000000
153.000000 130.000000
138.000000 127.000000
123.000000 125.000000
109.000000 126.000000
95.000000 129.000000
97.000000 136.000000
109.000000 135.000000
122.000000 135.000000
136.000000 136.000000
149.000000 139.000000
263.000000 124.000000
251.000000 122.000000
239.000000 123.000000
226.000000 126.000000
212.000000 130.000000
214.000000 137.000000
227.000000 135.000000
239.000000 132.000000
251.000000 130.000000
260.000000 131.000000
154.000000 163.000000
145.000000 153.000000
132.000000 149.000000
120.000000 151.000000
111.000000 158.000000
123.000000 164.000000
133.000000 167.000000
142.000000 166.000000
251.000000 154.000000
241.000000 147.000000
229.000000 147.000000
218.000000 152.000000
212.000000 161.000000
222.000000 164.000000
233.000000 164.000000
243.000000 161.000000
131.000000 157.000000
231.000000 155.000000
168.000000 161.000000
165.000000 179.000000
161.000000 196.000000
156.000000 212.000000
153.000000 228.000000
166.000000 238.000000
185.000000 244.000000
203.000000 239.000000
214.000000 227.000000
211.000000 212.000000
206.000000 198.000000
200.000000 179.000000
197.000000 160.000000
233.000000 242.000000
226.000000 264.000000
201.000000 250.000000
184.000000 252.000000
170.000000 249.000000
155.000000 247.000000
131.000000 245.000000
143.000000 269.000000
156.000000 280.000000
173.000000 286.000000
190.000000 286.000000
203.000000 284.000000
217.000000 275.000000
