157.000000 14.000000
111.000000 24.000000
77.000000 52.000000
62.000000 78.000000
58.000000 111.000000
61.000000 151.000000
64.000000 189.000000
71.000000 227.000000
87.000000 259.000000
107.000000 286.000000
126.000000 310.000000
154.000000 341.000000
200.000000 331.000000
243.000000 300.000000
266.000000 271.000000
284.000000 232.000000
289.000000 187.000000
290.000000 149.000000
277.000000 106.000000
252.000000 69.000000
226.000000 40.000000
201.000000 22.000000
106.000000 133.000000
96.000000 128.000000
86.000000 127.000000
80.000000 125.000000
70.000000 126.000000
68.000000 134.000000
77.000000 135.000000
86.000000 135.000000
94.000000 137.000000
104.000000 140.000000
216.000000 111.000000
207.000000 111.000000
195.000000 114.000000
180.000000 120.000000
167.000000 126.000000
170.000000 137.000000
180.000000 133.000000
194.000000 129.000000
204.000000 127.000000
213.000000 127.000000
113.000000 161.000000
103.000000 151.000000
89.000000 146.000000
75.000000 147.000000
65.000000 156.000000
75.000000 162.000000
87.000000 164.000000
99.000000 163.000000
219.000000 151.000000
207.000000 141.000000
194.000000 140.000000
182.000000 147.000000
168.000000 159.000000
183.000000 165.000000
197.000000 164.000000
211.000000 161.000000
87.000000 154.000000
196.000000 152.000000
127.000000 155.000000
124.000000 172.000000
125.000000 190.000000
119.000000 206.000000
111.000000 219.000000
119.000000 231.000000
133.000000 236.000000
150.000000 231.000000
173.000000 220.000000
158.000000 206.000000
154.000000 190.000000
152.000000 174.000000
153.000000 157.000000
215.000000 243.000000
185.000000 245.000000
162.000000 245.000000
149.000000 250.000000
136.000000 248.000000
123.000000 247.000000
111.000000 250.000000
118.000000 266.000000
128.000000 280.000000
144.000000 287.000000
164.000000 288.000000
185.000000 280.000000
206.000000 267.000000
