166.000000 28.000000
118.000000 36.000000
92.000000 61.000000
78.000000 100.000000
76.000000 132.000000
73.000000 164.000000
72.000000 199.000000
76.000000 233.000000
87.000000 269.000000
110.000000 296.000000
141.000000 318.000000
185.000000 334.000000
228.000000 320.000000
256.000000 293.000000
275.000000 263.000000
282.000000 223.000000
286.000000 186.000000
286.000000 148.000000
277.000000 115.000000
262.000000 78.000000
243.000000 51.000000
213.000000 34.000000
149.000000 123.000000
135.000000 119.000000
121.000000 118.000000
107.000000 120.000000
95.000000 126.000000
97.000000 133.000000
109.000000 130.000000
122.000000 129.000000
135.000000 130.000000
147.000000 132.000000
255.000000 121.000000
243.000000 116.000000
228.000000 114.000000
215.000000 116.000000
202.000000 120.000000
205.000000 129.000000
218.000000 126.000000
231.000000 124.000000
243.000000 125.000000
253.000000 127.000000
149.000000 156.000000
140.000000 148.000000
128.000000 145.000000
118.000000 146.000000
103.000000 156.000000
119.000000 157.000000
129.000000 158.000000
138.000000 157.000000
248.000000 151.000000
235.000000 142.000000
223.000000 140.000000
214.000000 143.000000
206.000000 151.000000
216.000000 153.000000
226.000000 153.000000
236.000000 152.000000
126.000000 151.000000
223.000000 147.000000
162.000000 152.000000
160.000000 170.000000
156.000000 187.000000
152.000000 202.000000
148.000000 218.000000
164.000000 225.000000
180.000000 228.000000
197.000000 223.000000
210.000000 213.000000
206.000000 198.000000
199.000000 186.000000
194.000000 168.000000
191.000000 151.000000
221.000000 251.000000
206.000000 248.000000
195.000000 244.000000
181.000000 246.000000
167.000000 244.000000
155.000000 249.000000
140.000000 256.000000
148.000000 267.000000
159.000000 275.000000
175.000000 277.000000
188.000000 277.000000
202.000000 271.000000
211.000000 263.000000
