163.000000 30.000000
129.000000 46.000000
93.000000 66.000000
69.000000 93.000000
57.000000 131.000000
58.000000 171.000000
67.000000 212.000000
76.000000 252.000000
96.000000 282.000000
127.000000 308.000000
153.000000 331.000000
188.000000 338.000000
228.000000 310.000000
252.000000 282.000000
269.000000 245.000000
282.000000 218.000000
283.000000 182.000000
279.000000 147.000000
280.000000 114.000000
269.000000 75.000000
241.000000 50.000000
208.000000 37.000000
148.000000 148.000000
136.000000 141.000000
120.000000 136.000000
103.000000 133.000000
90.000000 136.000000
92.000000 148.000000
104.000000 145.000000
117.000000 146.000000
133.000000 152.000000
147.000000 156.000000
264.000000 121.000000
252.000000 125.000000
239.000000 127.000000
231.000000 132.000000
219.000000 137.000000
220.000000 145.000000
232.000000 140.000000
244.000000 138.000000
253.000000 133.000000
265.000000 130.000000
150.000000 180.000000
141.000000 166.000000
127.000000 161.000000
108.000000 167.000000
92.000000 173.000000
102.000000 178.000000
122.000000 181.000000
136.000000 182.000000
264.000000 160.000000
245.000000 153.000000
230.000000 152.000000
222.000000 159.000000
212.000000 172.000000
226.000000 175.000000
234.000000 175.000000
251.000000 172.000000
128.000000 171.000000
230.000000 163.000000
171.000000 160.000000
168.000000 178.000000
165.000000 195.000000
161.000000 212.000000
151.000000 236.000000
167.000000 252.000000
151.000000 286.000000
177.000000 304.000000
222.000000 237.000000
211.000000 216.000000
204.000000 195.000000
199.000000 179.000000
198.000000 158.000000
207.000000 298.000000
219.000000 284.000000
204.000000 250.000000
197.000000 303.000000
188.000000 258.000000
162.000000 270.000000
143.000000 271.000000
159.000000 296.000000
173.000000 270.000000
188.000000 273.000000
201.000000 269.000000
212.000000 268.000000
225.000000 264.000000
