169.000000 30.000000
129.000000 38.000000
94.000000 55.000000
81.000000 88.000000
76.000000 122.000000
73.000000 155.000000
77.000000 189.000000
85.000000 222.000000
98.000000 258.000000
119.000000 286.000000
144.000000 313.000000
191.000000 336.000000
242.000000 302.000000
262.000000 274.000000
281.000000 241.000000
287.000000 206.000000
289.000000 170.000000
285.000000 137.000000
277.000000 104.000000
264.000000 73.000000
243.000000 47.000000
208.000000 34.000000
147.000000 117.000000
132.000000 113.000000
118.000000 111.000000
104.000000 113.000000
93.000000 119.000000
96.000000 125.000000
107.000000 121.000000
119.000000 120.000000
132.000000 122.000000
144.000000 125.000000
253.000000 113.000000
243.000000 104.000000
232.000000 104.000000
215.000000 105.000000
202.000000 112.000000
204.000000 119.000000
219.000000 113.000000
234.000000 113.000000
245.000000 113.000000
255.000000 104.000000
150.000000 151.000000
141.000000 142.000000
129.000000 138.000000
118.000000 142.000000
102.000000 153.000000
116.000000 155.000000
128.000000 157.000000
140.000000 154.000000
250.000000 138.000000
237.000000 129.000000
224.000000 128.000000
214.000000 134.000000
205.000000 143.000000
216.000000 145.000000
229.000000 146.000000
240.000000 142.000000
128.000000 147.000000
225.000000 137.000000
161.000000 145.000000
160.000000 162.000000
158.000000 178.000000
154.000000 194.000000
152.000000 210.000000
166.000000 216.000000
184.000000 219.000000
201.000000 212.000000
214.000000 202.000000
208.000000 189.000000
201.000000 175.000000
196.000000 159.000000
192.000000 142.000000
230.000000 235.000000
214.000000 232.000000
198.000000 230.000000
186.000000 234.000000
173.000000 232.000000
158.000000 238.000000
144.000000 245.000000
154.000000 258.000000
165.000000 267.000000
182.000000 271.000000
198.000000 270.000000
211.000000 261.000000
221.000000 250.000000
