192.000000 32.000000
156.000000 38.000000
113.000000 55.000000
92.000000 89.000000
76.000000 110.000000
69.000000 149.000000
64.000000 191.000000
71.000000 235.000000
87.000000 282.000000
117.000000 300.000000
147.000000 320.000000
188.000000 333.000000
227.000000 320.000000
250.000000 292.000000
259.000000 266.000000
268.000000 235.000000
276.000000 205.000000
275.000000 177.000000
277.000000 147.000000
278.000000 104.000000
259.000000 69.000000
231.000000 42.000000
169.000000 122.000000
152.000000 119.000000
136.000000 117.000000
120.000000 119.000000
107.000000 129.000000
111.000000 135.000000
123.000000 130.000000
138.000000 129.000000
152.000000 131.000000
167.000000 134.000000
277.000000 131.000000
269.000000 125.000000
254.000000 123.000000
239.000000 124.000000
226.000000 127.000000
228.000000 137.000000
241.000000 135.000000
255.000000 134.000000
268.000000 136.000000
275.000000 139.000000
169.000000 163.000000
162.000000 153.000000
151.000000 148.000000
138.000000 150.000000
127.000000 156.000000
137.000000 164.000000
147.000000 166.000000
158.000000 166.000000
262.000000 161.000000
253.000000 153.000000
241.000000 152.000000
230.000000 156.000000
223.000000 164.000000
233.000000 168.000000
244.000000 169.000000
255.000000 167.000000
149.000000 156.000000
242.000000 160.000000
194.000000 150.000000
192.000000 166.000000
188.000000 183.000000
178.000000 198.000000
175.000000 213.000000
194.000000 225.000000
209.000000 227.000000
222.000000 221.000000
228.000000 209.000000
223.000000 194.000000
219.000000 181.000000
213.000000 166.000000
212.000000 149.000000
234.000000 260.000000
226.000000 247.000000
216.000000 241.000000
205.000000 243.000000
189.000000 242.000000
172.000000 248.000000
160.000000 262.000000
170.000000 269.000000
182.000000 272.000000
197.000000 275.000000
205.000000 276.000000
213.000000 275.000000
226.000000 270.000000
