198.000000 20.000000
152.000000 24.000000
114.000000 51.000000
87.000000 75.000000
75.000000 116.000000
75.000000 158.000000
77.000000 197.000000
83.000000 235.000000
95.000000 269.000000
119.000000 297.000000
150.000000 323.000000
193.000000 338.000000
233.000000 318.000000
259.000000 295.000000
271.000000 262.000000
283.000000 232.000000
295.000000 196.000000
303.000000 168.000000
304.000000 127.000000
297.000000 95.000000
272.000000 57.000000
244.000000 31.000000
177.000000 123.000000
161.000000 117.000000
143.000000 115.000000
130.000000 117.000000
117.000000 124.000000
121.000000 135.000000
134.000000 128.000000
144.000000 125.000000
158.000000 128.000000
174.000000 132.000000
284.000000 131.000000
275.000000 128.000000
264.000000 126.000000
256.000000 129.000000
246.000000 133.000000
246.000000 139.000000
255.000000 138.000000
265.000000 135.000000
274.000000 138.000000
281.000000 142.000000
175.000000 156.000000
165.000000 147.000000
151.000000 142.000000
139.000000 144.000000
130.000000 150.000000
142.000000 159.000000
153.000000 158.000000
164.000000 161.000000
271.000000 160.000000
258.000000 148.000000
249.000000 146.000000
239.000000 148.000000
228.000000 158.000000
239.000000 166.000000
249.000000 166.000000
260.000000 163.000000
151.000000 150.000000
247.000000 156.000000
190.000000 152.000000
187.000000 168.000000
181.000000 184.000000
173.000000 199.000000
168.000000 214.000000
181.000000 225.000000
200.000000 231.000000
218.000000 227.000000
231.000000 217.000000
229.000000 203.000000
224.000000 189.000000
220.000000 170.000000
219.000000 153.000000
235.000000 247.000000
222.000000 247.000000
210.000000 244.000000
196.000000 247.000000
184.000000 244.000000
165.000000 243.000000
141.000000 240.000000
160.000000 264.000000
172.000000 271.000000
184.000000 280.000000
201.000000 280.000000
214.000000 276.000000
226.000000 263.000000
