154.000000 17.000000
112.000000 34.000000
88.000000 65.000000
71.000000 98.000000
79.000000 138.000000
66.000000 164.000000
71.000000 193.000000
80.000000 229.000000
92.000000 265.000000
118.000000 297.000000
147.000000 317.000000
192.000000 338.000000
235.000000 316.000000
253.000000 291.000000
272.000000 255.000000
279.000000 213.000000
281.000000 179.000000
281.000000 148.000000
278.000000 117.000000
267.000000 82.000000
240.000000 43.000000
209.000000 23.000000
134.000000 128.000000
122.000000 125.000000
109.000000 123.000000
97.000000 123.000000
88.000000 130.000000
90.000000 137.000000
99.000000 133.000000
111.000000 133.000000
122.000000 135.000000
134.000000 136.000000
237.000000 112.000000
225.000000 109.000000
211.000000 111.000000
198.000000 116.000000
187.000000 121.000000
190.000000 129.000000
202.000000 124.000000
215.000000 120.000000
226.000000 117.000000
236.000000 118.000000
141.000000 160.000000
131.000000 154.000000
121.000000 151.000000
111.000000 154.000000
96.000000 165.000000
112.000000 165.000000
121.000000 165.000000
130.000000 163.000000
233.000000 148.000000
218.000000 138.000000
208.000000 139.000000
200.000000 143.000000
192.000000 151.000000
202.000000 152.000000
212.000000 152.000000
222.000000 148.000000
120.000000 157.000000
209.000000 146.000000
152.000000 156.000000
152.000000 171.000000
150.000000 186.000000
146.000000 202.000000
145.000000 217.000000
158.000000 222.000000
173.000000 224.000000
188.000000 216.000000
200.000000 207.000000
195.000000 194.000000
189.000000 182.000000
182.000000 166.000000
179.000000 152.000000
225.000000 248.000000
208.000000 236.000000
194.000000 237.000000
179.000000 239.000000
165.000000 240.000000
151.000000 244.000000
141.000000 255.000000
147.000000 268.000000
160.000000 276.000000
173.000000 278.000000
192.000000 280.000000
209.000000 273.000000
220.000000 261.000000
