158.000000 25.000000
120.000000 35.000000
90.000000 61.000000
68.000000 86.000000
63.000000 119.000000
62.000000 156.000000
61.000000 192.000000
68.000000 227.000000
77.000000 265.000000
91.000000 291.000000
122.000000 316.000000
165.000000 330.000000
211.000000 319.000000
251.000000 297.000000
270.000000 262.000000
281.000000 229.000000
281.000000 193.000000
281.000000 155.000000
271.000000 121.000000
258.000000 83.000000
232.000000 54.000000
201.000000 28.000000
133.000000 116.000000
118.000000 112.000000
103.000000 110.000000
89.000000 111.000000
76.000000 117.000000
79.000000 125.000000
91.000000 121.000000
104.000000 121.000000
117.000000 123.000000
131.000000 126.000000
251.000000 110.000000
237.000000 107.000000
222.000000 107.000000
210.000000 109.000000
196.000000 114.000000
198.000000 127.000000
211.000000 124.000000
223.000000 122.000000
235.000000 123.000000
250.000000 123.000000
134.000000 154.000000
126.000000 145.000000
113.000000 140.000000
100.000000 142.000000
85.000000 154.000000
100.000000 154.000000
113.000000 156.000000
125.000000 156.000000
238.000000 154.000000
226.000000 143.000000
214.000000 141.000000
203.000000 144.000000
195.000000 153.000000
206.000000 157.000000
217.000000 158.000000
227.000000 156.000000
112.000000 147.000000
214.000000 149.000000
150.000000 149.000000
146.000000 167.000000
141.000000 183.000000
134.000000 198.000000
131.000000 214.000000
148.000000 221.000000
164.000000 224.000000
180.000000 222.000000
194.000000 212.000000
191.000000 197.000000
184.000000 183.000000
179.000000 166.000000
177.000000 150.000000
221.000000 242.000000
198.000000 238.000000
179.000000 236.000000
165.000000 237.000000
153.000000 237.000000
140.000000 236.000000
118.000000 243.000000
129.000000 257.000000
142.000000 266.000000
158.000000 270.000000
171.000000 270.000000
186.000000 267.000000
200.000000 259.000000
