134.000000 54.000000
105.000000 69.000000
75.000000 92.000000
65.000000 139.000000
63.000000 174.000000
64.000000 206.000000
81.000000 240.000000
98.000000 267.000000
117.000000 292.000000
142.000000 309.000000
171.000000 323.000000
205.000000 332.000000
239.000000 305.000000
263.000000 276.000000
275.000000 247.000000
278.000000 216.000000
278.000000 182.000000
270.000000 146.000000
259.000000 111.000000
246.000000 78.000000
222.000000 59.000000
181.000000 53.000000
124.000000 155.000000
114.000000 156.000000
101.000000 156.000000
87.000000 159.000000
75.000000 165.000000
79.000000 172.000000
89.000000 167.000000
100.000000 164.000000
111.000000 166.000000
126.000000 167.000000
232.000000 124.000000
222.000000 127.000000
211.000000 131.000000
196.000000 135.000000
185.000000 143.000000
189.000000 150.000000
201.000000 145.000000
212.000000 140.000000
221.000000 138.000000
235.000000 135.000000
135.000000 184.000000
125.000000 176.000000
113.000000 174.000000
102.000000 180.000000
91.000000 194.000000
105.000000 194.000000
115.000000 193.000000
126.000000 190.000000
241.000000 155.000000
223.000000 151.000000
209.000000 149.000000
196.000000 156.000000
190.000000 168.000000
201.000000 167.000000
215.000000 168.000000
226.000000 163.000000
115.000000 183.000000
212.000000 159.000000
146.000000 174.000000
150.000000 192.000000
151.000000 209.000000
150.000000 224.000000
149.000000 241.000000
164.000000 246.000000
180.000000 246.000000
196.000000 237.000000
206.000000 224.000000
197.000000 212.000000
188.000000 200.000000
179.000000 183.000000
174.000000 166.000000
226.000000 258.000000
209.000000 258.000000
196.000000 258.000000
186.000000 264.000000
175.000000 264.000000
165.000000 272.000000
150.000000 278.000000
164.000000 287.000000
175.000000 292.000000
188.000000 292.000000
201.000000 288.000000
212.000000 280.000000
221.000000 270.000000
