166.000000 36.000000
116.000000 42.000000
79.000000 69.000000
57.000000 100.000000
56.000000 140.000000
59.000000 175.000000
66.000000 215.000000
76.000000 253.000000
89.000000 289.000000
116.000000 314.000000
151.000000 331.000000
198.000000 338.000000
239.000000 323.000000
262.000000 296.000000
276.000000 261.000000
276.000000 226.000000
285.000000 190.000000
288.000000 154.000000
281.000000 122.000000
270.000000 76.000000
252.000000 46.000000
207.000000 33.000000
148.000000 129.000000
133.000000 127.000000
119.000000 126.000000
105.000000 126.000000
90.000000 132.000000
91.000000 142.000000
106.000000 138.000000
121.000000 138.000000
135.000000 140.000000
148.000000 141.000000
266.000000 124.000000
254.000000 118.000000
239.000000 116.000000
223.000000 119.000000
210.000000 124.000000
213.000000 136.000000
226.000000 131.000000
240.000000 128.000000
254.000000 128.000000
264.000000 132.000000
151.000000 165.000000
139.000000 152.000000
121.000000 150.000000
107.000000 151.000000
88.000000 163.000000
107.000000 168.000000
118.000000 170.000000
137.000000 171.000000
259.000000 155.000000
243.000000 146.000000
228.000000 145.000000
217.000000 150.000000
210.000000 161.000000
221.000000 164.000000
234.000000 164.000000
246.000000 161.000000
121.000000 157.000000
229.000000 153.000000
166.000000 159.000000
165.000000 176.000000
162.000000 192.000000
159.000000 209.000000
154.000000 226.000000
175.000000 233.000000
193.000000 235.000000
206.000000 231.000000
220.000000 220.000000
213.000000 204.000000
206.000000 188.000000
201.000000 175.000000
196.000000 156.000000
227.000000 264.000000
213.000000 258.000000
200.000000 254.000000
190.000000 258.000000
179.000000 256.000000
165.000000 263.000000
149.000000 271.000000
161.000000 281.000000
173.000000 287.000000
186.000000 290.000000
201.000000 288.000000
212.000000 282.000000
223.000000 276.000000
