192.000000 52.000000
159.000000 61.000000
129.000000 74.000000
104.000000 97.000000
88.000000 126.000000
78.000000 159.000000
74.000000 195.000000
75.000000 235.000000
90.000000 271.000000
111.000000 297.000000
140.000000 322.000000
187.000000 333.000000
226.000000 321.000000
252.000000 296.000000
269.000000 266.000000
278.000000 232.000000
285.000000 200.000000
287.000000 169.000000
285.000000 135.000000
276.000000 105.000000
254.000000 75.000000
230.000000 57.000000
171.000000 133.000000
157.000000 128.000000
143.000000 125.000000
128.000000 125.000000
114.000000 129.000000
116.000000 138.000000
129.000000 135.000000
143.000000 136.000000
156.000000 139.000000
169.000000 142.000000
271.000000 138.000000
259.000000 134.000000
247.000000 134.000000
234.000000 135.000000
224.000000 139.000000
226.000000 146.000000
236.000000 144.000000
248.000000 143.000000
259.000000 144.000000
269.000000 146.000000
165.000000 163.000000
160.000000 154.000000
150.000000 151.000000
139.000000 152.000000
131.000000 157.000000
138.000000 163.000000
148.000000 165.000000
158.000000 165.000000
257.000000 165.000000
249.000000 158.000000
240.000000 156.000000
230.000000 158.000000
224.000000 166.000000
232.000000 169.000000
242.000000 170.000000
251.000000 169.000000
148.000000 157.000000
238.000000 163.000000
181.000000 162.000000
177.000000 178.000000
172.000000 193.000000
166.000000 207.000000
161.000000 222.000000
174.000000 230.000000
191.000000 235.000000
209.000000 233.000000
222.000000 225.000000
220.000000 211.000000
216.000000 196.000000
213.000000 180.000000
210.000000 163.000000
225.000000 260.000000
211.000000 257.000000
201.000000 253.000000
190.000000 256.000000
179.000000 253.000000
166.000000 255.000000
151.000000 257.000000
161.000000 268.000000
172.000000 274.000000
183.000000 277.000000
195.000000 278.000000
206.000000 274.000000
216.000000 268.000000
