143.000000 34.000000
112.000000 47.000000
81.000000 63.000000
64.000000 89.000000
56.000000 120.000000
57.000000 153.000000
59.000000 188.000000
59.000000 218.000000
71.000000 249.000000
92.000000 278.000000
112.000000 308.000000
142.000000 330.000000
191.000000 314.000000
226.000000 297.000000
262.000000 272.000000
275.000000 232.000000
279.000000 196.000000
271.000000 149.000000
257.000000 106.000000
241.000000 75.000000
216.000000 50.000000
180.000000 38.000000
123.000000 121.000000
108.000000 116.000000
95.000000 115.000000
81.000000 115.000000
70.000000 115.000000
71.000000 125.000000
83.000000 123.000000
94.000000 123.000000
107.000000 125.000000
120.000000 129.000000
230.000000 122.000000
216.000000 116.000000
202.000000 114.000000
190.000000 115.000000
177.000000 120.000000
180.000000 128.000000
192.000000 126.000000
204.000000 124.000000
216.000000 126.000000
227.000000 130.000000
122.000000 152.000000
115.000000 142.000000
103.000000 137.000000
91.000000 138.000000
76.000000 144.000000
90.000000 149.000000
100.000000 151.000000
109.000000 151.000000
217.000000 147.000000
207.000000 140.000000
195.000000 140.000000
184.000000 142.000000
176.000000 150.000000
186.000000 153.000000
197.000000 153.000000
208.000000 152.000000
101.000000 143.000000
197.000000 145.000000
131.000000 147.000000
128.000000 166.000000
123.000000 180.000000
117.000000 194.000000
109.000000 207.000000
119.000000 218.000000
133.000000 223.000000
152.000000 221.000000
168.000000 208.000000
167.000000 193.000000
166.000000 181.000000
163.000000 166.000000
161.000000 151.000000
187.000000 251.000000
174.000000 242.000000
161.000000 239.000000
148.000000 241.000000
134.000000 239.000000
120.000000 243.000000
107.000000 249.000000
118.000000 259.000000
130.000000 265.000000
142.000000 269.000000
155.000000 269.000000
167.000000 265.000000
178.000000 260.000000
