167.000000 74.000000
134.000000 78.000000
105.000000 92.000000
81.000000 115.000000
66.000000 144.000000
60.000000 176.000000
65.000000 209.000000
71.000000 242.000000
85.000000 270.000000
103.000000 295.000000
125.000000 320.000000
161.000000 335.000000
198.000000 323.000000
225.000000 300.000000
250.000000 277.000000
269.000000 246.000000
274.000000 217.000000
282.000000 183.000000
275.000000 147.000000
255.000000 116.000000
228.000000 91.000000
199.000000 80.000000
138.000000 158.000000
124.000000 153.000000
111.000000 149.000000
97.000000 146.000000
85.000000 149.000000
86.000000 157.000000
98.000000 155.000000
110.000000 157.000000
122.000000 161.000000
135.000000 165.000000
244.000000 150.000000
231.000000 147.000000
218.000000 149.000000
204.000000 153.000000
190.000000 158.000000
191.000000 165.000000
205.000000 161.000000
218.000000 158.000000
231.000000 156.000000
242.000000 156.000000
138.000000 182.000000
131.000000 172.000000
118.000000 168.000000
100.000000 172.000000
86.000000 175.000000
99.000000 184.000000
113.000000 186.000000
129.000000 184.000000
239.000000 181.000000
228.000000 170.000000
213.000000 169.000000
199.000000 173.000000
187.000000 183.000000
200.000000 189.000000
214.000000 190.000000
226.000000 188.000000
118.000000 176.000000
212.000000 179.000000
151.000000 178.000000
147.000000 194.000000
143.000000 210.000000
138.000000 226.000000
135.000000 243.000000
146.000000 252.000000
163.000000 258.000000
178.000000 252.000000
190.000000 243.000000
188.000000 228.000000
184.000000 213.000000
179.000000 194.000000
177.000000 179.000000
215.000000 262.000000
195.000000 262.000000
178.000000 265.000000
163.000000 267.000000
152.000000 264.000000
139.000000 260.000000
117.000000 259.000000
132.000000 277.000000
142.000000 285.000000
154.000000 290.000000
169.000000 291.000000
186.000000 285.000000
198.000000 276.000000
