142.000000 43.000000
107.000000 63.000000
87.000000 90.000000
74.000000 125.000000
67.000000 156.000000
69.000000 188.000000
78.000000 221.000000
91.000000 250.000000
106.000000 279.000000
127.000000 303.000000
154.000000 323.000000
194.000000 331.000000
233.000000 309.000000
256.000000 278.000000
271.000000 246.000000
276.000000 212.000000
275.000000 176.000000
268.000000 141.000000
256.000000 111.000000
238.000000 84.000000
217.000000 58.000000
189.000000 41.000000
131.000000 145.000000
117.000000 145.000000
104.000000 145.000000
90.000000 147.000000
81.000000 154.000000
84.000000 160.000000
94.000000 156.000000
105.000000 155.000000
119.000000 155.000000
131.000000 155.000000
234.000000 118.000000
221.000000 116.000000
207.000000 117.000000
194.000000 121.000000
181.000000 128.000000
185.000000 138.000000
198.000000 131.000000
210.000000 126.000000
222.000000 123.000000
232.000000 124.000000
137.000000 177.000000
128.000000 169.000000
117.000000 166.000000
106.000000 171.000000
98.000000 179.000000
108.000000 184.000000
118.000000 184.000000
127.000000 182.000000
226.000000 148.000000
215.000000 143.000000
203.000000 145.000000
194.000000 151.000000
188.000000 163.000000
198.000000 164.000000
211.000000 161.000000
221.000000 156.000000
117.000000 174.000000
207.000000 152.000000
147.000000 169.000000
148.000000 186.000000
148.000000 202.000000
147.000000 217.000000
145.000000 234.000000
158.000000 239.000000
174.000000 240.000000
190.000000 232.000000
200.000000 221.000000
194.000000 208.000000
186.000000 195.000000
179.000000 180.000000
174.000000 163.000000
227.000000 247.000000
203.000000 245.000000
188.000000 249.000000
177.000000 254.000000
169.000000 253.000000
154.000000 256.000000
140.000000 267.000000
157.000000 282.000000
170.000000 287.000000
180.000000 288.000000
191.000000 286.000000
202.000000 279.000000
215.000000 267.000000
