170.000000 26.000000
123.000000 29.000000
92.000000 49.000000
76.000000 90.000000
63.000000 129.000000
57.000000 165.000000
61.000000 205.000000
67.000000 243.000000
82.000000 280.000000
103.000000 311.000000
131.000000 334.000000
170.000000 339.000000
203.000000 327.000000
226.000000 297.000000
246.000000 270.000000
259.000000 239.000000
274.000000 204.000000
278.000000 166.000000
278.000000 132.000000
273.000000 96.000000
264.000000 58.000000
214.000000 26.000000
143.000000 126.000000
127.000000 121.000000
111.000000 118.000000
95.000000 118.000000
80.000000 124.000000
82.000000 131.000000
96.000000 128.000000
111.000000 128.000000
126.000000 131.000000
139.000000 134.000000
266.000000 127.000000
253.000000 123.000000
238.000000 123.000000
223.000000 125.000000
210.000000 129.000000
213.000000 136.000000
225.000000 133.000000
238.000000 132.000000
251.000000 132.000000
262.000000 134.000000
146.000000 158.000000
137.000000 146.000000
123.000000 141.000000
109.000000 143.000000
98.000000 149.000000
109.000000 157.000000
122.000000 160.000000
134.000000 160.000000
251.000000 152.000000
239.000000 145.000000
225.000000 143.000000
213.000000 149.000000
206.000000 158.000000
217.000000 162.000000
231.000000 163.000000
243.000000 160.000000
120.000000 149.000000
228.000000 152.000000
161.000000 157.000000
158.000000 177.000000
154.000000 194.000000
147.000000 211.000000
141.000000 227.000000
155.000000 237.000000
174.000000 245.000000
193.000000 238.000000
207.000000 227.000000
201.000000 212.000000
195.000000 197.000000
192.000000 179.000000
191.000000 158.000000
210.000000 272.000000
197.000000 268.000000
184.000000 265.000000
173.000000 269.000000
160.000000 264.000000
145.000000 267.000000
129.000000 271.000000
142.000000 281.000000
153.000000 288.000000
166.000000 292.000000
180.000000 293.000000
191.000000 288.000000
201.000000 281.000000
