161.000000 47.000000
128.000000 52.000000
99.000000 68.000000
76.000000 91.000000
61.000000 121.000000
56.000000 154.000000
57.000000 191.000000
60.000000 225.000000
69.000000 261.000000
89.000000 289.000000
116.000000 310.000000
156.000000 319.000000
196.000000 311.000000
228.000000 290.000000
254.000000 258.000000
266.000000 229.000000
273.000000 187.000000
272.000000 147.000000
262.000000 118.000000
247.000000 89.000000
223.000000 66.000000
193.000000 51.000000
125.000000 121.000000
112.000000 118.000000
100.000000 116.000000
88.000000 115.000000
76.000000 120.000000
78.000000 127.000000
89.000000 124.000000
100.000000 126.000000
112.000000 127.000000
123.000000 129.000000
241.000000 123.000000
228.000000 118.000000
214.000000 118.000000
200.000000 119.000000
186.000000 121.000000
187.000000 130.000000
201.000000 128.000000
215.000000 127.000000
227.000000 126.000000
239.000000 129.000000
129.000000 150.000000
120.000000 142.000000
108.000000 139.000000
97.000000 141.000000
88.000000 146.000000
98.000000 150.000000
108.000000 152.000000
117.000000 152.000000
228.000000 146.000000
217.000000 140.000000
205.000000 140.000000
194.000000 143.000000
184.000000 149.000000
195.000000 152.000000
207.000000 153.000000
219.000000 151.000000
108.000000 145.000000
207.000000 146.000000
141.000000 146.000000
137.000000 163.000000
133.000000 179.000000
127.000000 196.000000
124.000000 205.000000
134.000000 211.000000
150.000000 213.000000
169.000000 212.000000
181.000000 204.000000
179.000000 194.000000
173.000000 179.000000
170.000000 163.000000
168.000000 146.000000
203.000000 237.000000
183.000000 230.000000
168.000000 227.000000
156.000000 230.000000
140.000000 228.000000
124.000000 230.000000
104.000000 235.000000
118.000000 256.000000
131.000000 264.000000
148.000000 268.000000
160.000000 268.000000
176.000000 264.000000
188.000000 256.000000
