193.000000 51.000000
148.000000 38.000000
113.000000 51.000000
92.000000 77.000000
82.000000 111.000000
73.000000 145.000000
72.000000 184.000000
73.000000 218.000000
82.000000 254.000000
100.000000 286.000000
127.000000 309.000000
166.000000 321.000000
203.000000 315.000000
234.000000 297.000000
257.000000 271.000000
272.000000 238.000000
279.000000 206.000000
284.000000 169.000000
284.000000 141.000000
282.000000 108.000000
272.000000 79.000000
243.000000 51.000000
162.000000 125.000000
149.000000 120.000000
137.000000 116.000000
124.000000 117.000000
111.000000 120.000000
113.000000 127.000000
125.000000 126.000000
137.000000 127.000000
148.000000 129.000000
158.000000 133.000000
263.000000 139.000000
252.000000 133.000000
240.000000 131.000000
228.000000 131.000000
215.000000 133.000000
216.000000 141.000000
228.000000 141.000000
241.000000 141.000000
251.000000 143.000000
262.000000 146.000000
159.000000 156.000000
152.000000 147.000000
142.000000 142.000000
131.000000 143.000000
122.000000 147.000000
131.000000 153.000000
140.000000 156.000000
148.000000 156.000000
247.000000 164.000000
239.000000 157.000000
228.000000 156.000000
220.000000 158.000000
212.000000 163.000000
221.000000 167.000000
230.000000 169.000000
239.000000 169.000000
140.000000 149.000000
230.000000 162.000000
173.000000 154.000000
168.000000 170.000000
163.000000 186.000000
157.000000 199.000000
151.000000 213.000000
162.000000 223.000000
177.000000 229.000000
192.000000 227.000000
205.000000 220.000000
203.000000 205.000000
200.000000 190.000000
199.000000 175.000000
199.000000 158.000000
214.000000 251.000000
202.000000 246.000000
186.000000 242.000000
176.000000 245.000000
165.000000 240.000000
149.000000 238.000000
129.000000 241.000000
141.000000 257.000000
155.000000 263.000000
167.000000 268.000000
180.000000 270.000000
191.000000 266.000000
203.000000 262.000000
