147.000000 54.000000
116.000000 63.000000
90.000000 82.000000
71.000000 107.000000
65.000000 136.000000
64.000000 168.000000
70.000000 200.000000
75.000000 239.000000
89.000000 273.000000
112.000000 298.000000
140.000000 315.000000
177.000000 319.000000
218.000000 308.000000
246.000000 285.000000
265.000000 247.000000
270.000000 213.000000
267.000000 176.000000
262.000000 141.000000
253.000000 111.000000
234.000000 85.000000
211.000000 57.000000
178.000000 48.000000
127.000000 131.000000
115.000000 129.000000
101.000000 130.000000
92.000000 135.000000
84.000000 138.000000
87.000000 149.000000
94.000000 144.000000
103.000000 139.000000
113.000000 139.000000
124.000000 139.000000
223.000000 120.000000
214.000000 119.000000
203.000000 119.000000
192.000000 120.000000
180.000000 124.000000
184.000000 131.000000
194.000000 128.000000
205.000000 128.000000
213.000000 129.000000
222.000000 129.000000
132.000000 162.000000
122.000000 153.000000
110.000000 149.000000
100.000000 154.000000
92.000000 161.000000
100.000000 165.000000
111.000000 166.000000
122.000000 164.000000
224.000000 144.000000
214.000000 138.000000
202.000000 138.000000
193.000000 144.000000
185.000000 153.000000
197.000000 154.000000
208.000000 154.000000
219.000000 150.000000
111.000000 157.000000
205.000000 146.000000
142.000000 156.000000
141.000000 171.000000
140.000000 186.000000
137.000000 201.000000
136.000000 215.000000
149.000000 215.000000
163.000000 217.000000
180.000000 213.000000
194.000000 205.000000
188.000000 193.000000
181.000000 181.000000
175.000000 165.000000
171.000000 151.000000
211.000000 241.000000
197.000000 235.000000
184.000000 236.000000
170.000000 239.000000
157.000000 239.000000
143.000000 243.000000
132.000000 251.000000
142.000000 262.000000
153.000000 265.000000
166.000000 265.000000
181.000000 264.000000
195.000000 261.000000
205.000000 253.000000
