190.000000 70.000000
161.000000 74.000000
134.000000 87.000000
103.000000 101.000000
80.000000 127.000000
74.000000 164.000000
74.000000 201.000000
77.000000 237.000000
93.000000 270.000000
116.000000 297.000000
137.000000 316.000000
176.000000 329.000000
217.000000 307.000000
240.000000 286.000000
260.000000 259.000000
271.000000 232.000000
279.000000 201.000000
283.000000 169.000000
280.000000 139.000000
267.000000 112.000000
246.000000 90.000000
220.000000 76.000000
170.000000 140.000000
155.000000 136.000000
141.000000 134.000000
126.000000 135.000000
115.000000 141.000000
117.000000 145.000000
128.000000 141.000000
140.000000 141.000000
154.000000 143.000000
168.000000 147.000000
270.000000 141.000000
259.000000 136.000000
246.000000 134.000000
232.000000 136.000000
218.000000 140.000000
220.000000 146.000000
233.000000 142.000000
246.000000 140.000000
258.000000 140.000000
267.000000 145.000000
167.000000 168.000000
158.000000 159.000000
147.000000 154.000000
136.000000 156.000000
127.000000 162.000000
135.000000 168.000000
146.000000 170.000000
156.000000 170.000000
257.000000 165.000000
248.000000 158.000000
237.000000 156.000000
226.000000 161.000000
218.000000 168.000000
228.000000 171.000000
239.000000 171.000000
249.000000 170.000000
145.000000 162.000000
237.000000 163.000000
181.000000 165.000000
177.000000 181.000000
173.000000 196.000000
166.000000 209.000000
161.000000 223.000000
175.000000 229.000000
191.000000 234.000000
208.000000 229.000000
219.000000 223.000000
216.000000 211.000000
211.000000 197.000000
207.000000 183.000000
205.000000 166.000000
226.000000 252.000000
214.000000 251.000000
202.000000 248.000000
192.000000 251.000000
181.000000 249.000000
166.000000 252.000000
137.000000 251.000000
155.000000 267.000000
172.000000 272.000000
184.000000 274.000000
196.000000 274.000000
207.000000 270.000000
217.000000 263.000000
