215.000000 21.000000
164.000000 23.000000
116.000000 46.000000
95.000000 84.000000
83.000000 121.000000
75.000000 154.000000
75.000000 194.000000
79.000000 232.000000
83.000000 270.000000
110.000000 304.000000
142.000000 322.000000
173.000000 339.000000
210.000000 323.000000
236.000000 300.000000
258.000000 274.000000
273.000000 245.000000
285.000000 211.000000
294.000000 175.000000
292.000000 140.000000
279.000000 108.000000
269.000000 76.000000
251.000000 45.000000
165.000000 143.000000
150.000000 136.000000
135.000000 131.000000
122.000000 132.000000
108.000000 133.000000
109.000000 137.000000
124.000000 140.000000
134.000000 139.000000
149.000000 145.000000
162.000000 155.000000
273.000000 153.000000
259.000000 146.000000
249.000000 144.000000
234.000000 146.000000
219.000000 151.000000
222.000000 156.000000
235.000000 153.000000
248.000000 152.000000
260.000000 153.000000
271.000000 159.000000
163.000000 172.000000
153.000000 162.000000
140.000000 155.000000
127.000000 157.000000
118.000000 163.000000
126.000000 170.000000
138.000000 173.000000
150.000000 173.000000
265.000000 178.000000
255.000000 164.000000
239.000000 165.000000
229.000000 170.000000
221.000000 177.000000
230.000000 180.000000
240.000000 182.000000
251.000000 181.000000
138.000000 164.000000
241.000000 174.000000
180.000000 172.000000
179.000000 188.000000
169.000000 203.000000
161.000000 217.000000
155.000000 230.000000
166.000000 242.000000
185.000000 250.000000
204.000000 245.000000
218.000000 230.000000
211.000000 222.000000
207.000000 206.000000
210.000000 193.000000
205.000000 174.000000
224.000000 258.000000
205.000000 261.000000
194.000000 262.000000
183.000000 264.000000
170.000000 260.000000
155.000000 256.000000
130.000000 249.000000
146.000000 275.000000
157.000000 287.000000
172.000000 294.000000
185.000000 296.000000
199.000000 291.000000
211.000000 280.000000
