177.000000 49.000000
144.000000 59.000000
115.000000 75.000000
92.000000 99.000000
77.000000 129.000000
73.000000 161.000000
72.000000 198.000000
73.000000 235.000000
88.000000 271.000000
114.000000 298.000000
145.000000 320.000000
185.000000 330.000000
224.000000 313.000000
251.000000 288.000000
270.000000 257.000000
278.000000 225.000000
280.000000 189.000000
280.000000 160.000000
277.000000 124.000000
264.000000 95.000000
248.000000 68.000000
214.000000 50.000000
153.000000 133.000000
141.000000 130.000000
125.000000 129.000000
113.000000 128.000000
104.000000 134.000000
108.000000 142.000000
117.000000 137.000000
127.000000 136.000000
139.000000 138.000000
155.000000 141.000000
249.000000 129.000000
236.000000 128.000000
225.000000 130.000000
215.000000 132.000000
207.000000 137.000000
208.000000 146.000000
215.000000 142.000000
227.000000 139.000000
234.000000 137.000000
250.000000 137.000000
158.000000 160.000000
147.000000 149.000000
135.000000 145.000000
123.000000 147.000000
114.000000 154.000000
121.000000 161.000000
133.000000 162.000000
145.000000 161.000000
250.000000 154.000000
240.000000 146.000000
228.000000 144.000000
218.000000 148.000000
209.000000 157.000000
219.000000 160.000000
231.000000 160.000000
242.000000 159.000000
133.000000 153.000000
229.000000 152.000000
172.000000 159.000000
170.000000 173.000000
166.000000 187.000000
160.000000 201.000000
154.000000 215.000000
169.000000 224.000000
187.000000 227.000000
203.000000 222.000000
215.000000 212.000000
210.000000 200.000000
204.000000 187.000000
199.000000 172.000000
197.000000 158.000000
231.000000 245.000000
212.000000 241.000000
199.000000 238.000000
187.000000 242.000000
172.000000 240.000000
153.000000 242.000000
132.000000 248.000000
152.000000 265.000000
165.000000 273.000000
180.000000 276.000000
194.000000 275.000000
207.000000 269.000000
218.000000 260.000000
