201.000000 44.000000
163.000000 52.000000
137.000000 72.000000
117.000000 99.000000
103.000000 129.000000
99.000000 162.000000
95.000000 195.000000
96.000000 230.000000
107.000000 275.000000
130.000000 305.000000
167.000000 322.000000
218.000000 329.000000
245.000000 310.000000
257.000000 282.000000
273.000000 249.000000
281.000000 217.000000
285.000000 184.000000
292.000000 155.000000
293.000000 123.000000
283.000000 92.000000
264.000000 72.000000
234.000000 58.000000
184.000000 126.000000
168.000000 121.000000
153.000000 122.000000
143.000000 123.000000
132.000000 129.000000
135.000000 137.000000
143.000000 133.000000
152.000000 132.000000
168.000000 132.000000
182.000000 136.000000
286.000000 123.000000
277.000000 121.000000
265.000000 122.000000
251.000000 126.000000
244.000000 131.000000
246.000000 139.000000
253.000000 135.000000
267.000000 132.000000
279.000000 129.000000
286.000000 129.000000
183.000000 161.000000
173.000000 150.000000
160.000000 145.000000
147.000000 147.000000
136.000000 154.000000
147.000000 161.000000
158.000000 162.000000
170.000000 161.000000
279.000000 154.000000
270.000000 147.000000
257.000000 146.000000
247.000000 150.000000
241.000000 156.000000
248.000000 161.000000
260.000000 162.000000
271.000000 160.000000
157.000000 154.000000
257.000000 154.000000
200.000000 157.000000
199.000000 173.000000
197.000000 188.000000
197.000000 202.000000
195.000000 220.000000
218.000000 230.000000
235.000000 233.000000
249.000000 231.000000
254.000000 219.000000
250.000000 200.000000
243.000000 187.000000
239.000000 174.000000
237.000000 157.000000
250.000000 253.000000
237.000000 250.000000
224.000000 247.000000
212.000000 251.000000
198.000000 247.000000
182.000000 250.000000
166.000000 254.000000
176.000000 268.000000
188.000000 278.000000
204.000000 283.000000
218.000000 283.000000
231.000000 276.000000
241.000000 267.000000
