177.000000 7.000000
134.000000 13.000000
99.000000 25.000000
69.000000 54.000000
45.000000 89.000000
44.000000 132.000000
46.000000 178.000000
55.000000 224.000000
69.000000 269.000000
98.000000 303.000000
137.000000 327.000000
186.000000 337.000000
232.000000 322.000000
269.000000 297.000000
286.000000 261.000000
295.000000 218.000000
299.000000 178.000000
301.000000 133.000000
298.000000 94.000000
284.000000 55.000000
255.000000 26.000000
217.000000 10.000000
146.000000 88.000000
128.000000 83.000000
111.000000 81.000000
95.000000 84.000000
81.000000 93.000000
85.000000 101.000000
98.000000 96.000000
112.000000 94.000000
126.000000 96.000000
141.000000 100.000000
284.000000 95.000000
270.000000 87.000000
254.000000 86.000000
237.000000 89.000000
221.000000 93.000000
224.000000 105.000000
240.000000 102.000000
255.000000 99.000000
269.000000 99.000000
280.000000 102.000000
154.000000 138.000000
143.000000 125.000000
127.000000 119.000000
112.000000 123.000000
100.000000 133.000000
112.000000 141.000000
126.000000 144.000000
140.000000 143.000000
265.000000 131.000000
255.000000 122.000000
240.000000 119.000000
227.000000 125.000000
218.000000 137.000000
231.000000 141.000000
245.000000 143.000000
258.000000 140.000000
126.000000 131.000000
241.000000 130.000000
167.000000 133.000000
166.000000 152.000000
165.000000 167.000000
163.000000 185.000000
161.000000 200.000000
173.000000 205.000000
190.000000 207.000000
204.000000 203.000000
214.000000 197.000000
213.000000 190.000000
207.000000 170.000000
204.000000 153.000000
202.000000 132.000000
230.000000 253.000000
216.000000 246.000000
198.000000 243.000000
186.000000 247.000000
173.000000 243.000000
156.000000 249.000000
150.000000 258.000000
160.000000 266.000000
172.000000 269.000000
186.000000 270.000000
199.000000 269.000000
210.000000 268.000000
221.000000 262.000000
