150.000000 41.000000
121.000000 49.000000
98.000000 71.000000
83.000000 96.000000
68.000000 128.000000
67.000000 161.000000
68.000000 193.000000
77.000000 229.000000
89.000000 260.000000
111.000000 288.000000
137.000000 314.000000
175.000000 328.000000
217.000000 307.000000
245.000000 284.000000
264.000000 248.000000
273.000000 205.000000
268.000000 171.000000
267.000000 136.000000
259.000000 104.000000
240.000000 76.000000
214.000000 55.000000
183.000000 43.000000
127.000000 127.000000
112.000000 123.000000
98.000000 121.000000
84.000000 122.000000
75.000000 127.000000
76.000000 133.000000
86.000000 131.000000
99.000000 131.000000
112.000000 132.000000
125.000000 135.000000
239.000000 110.000000
226.000000 108.000000
211.000000 109.000000
197.000000 113.000000
183.000000 119.000000
186.000000 127.000000
199.000000 122.000000
213.000000 118.000000
226.000000 116.000000
237.000000 117.000000
131.000000 155.000000
121.000000 145.000000
107.000000 142.000000
95.000000 145.000000
88.000000 154.000000
98.000000 159.000000
109.000000 160.000000
119.000000 158.000000
230.000000 139.000000
220.000000 132.000000
206.000000 131.000000
195.000000 136.000000
186.000000 147.000000
197.000000 149.000000
210.000000 149.000000
222.000000 146.000000
108.000000 150.000000
207.000000 140.000000
144.000000 150.000000
142.000000 168.000000
139.000000 184.000000
135.000000 201.000000
133.000000 217.000000
146.000000 226.000000
165.000000 229.000000
183.000000 221.000000
194.000000 210.000000
190.000000 196.000000
184.000000 182.000000
177.000000 165.000000
173.000000 148.000000
212.000000 238.000000
194.000000 239.000000
179.000000 238.000000
168.000000 244.000000
156.000000 241.000000
141.000000 246.000000
126.000000 251.000000
136.000000 264.000000
148.000000 274.000000
165.000000 278.000000
180.000000 276.000000
194.000000 268.000000
204.000000 256.000000
