161.000000 40.000000
118.000000 63.000000
97.000000 88.000000
84.000000 113.000000
71.000000 141.000000
67.000000 172.000000
70.000000 204.000000
78.000000 237.000000
91.000000 270.000000
109.000000 296.000000
134.000000 319.000000
170.000000 330.000000
208.000000 317.000000
239.000000 292.000000
259.000000 261.000000
271.000000 233.000000
276.000000 201.000000
280.000000 166.000000
277.000000 129.000000
262.000000 94.000000
242.000000 63.000000
208.000000 39.000000
138.000000 143.000000
123.000000 137.000000
109.000000 135.000000
95.000000 135.000000
83.000000 139.000000
84.000000 146.000000
96.000000 144.000000
109.000000 144.000000
123.000000 147.000000
135.000000 151.000000
244.000000 128.000000
231.000000 126.000000
218.000000 127.000000
204.000000 131.000000
190.000000 137.000000
192.000000 146.000000
206.000000 141.000000
220.000000 137.000000
232.000000 134.000000
243.000000 135.000000
137.000000 170.000000
129.000000 160.000000
117.000000 155.000000
105.000000 158.000000
95.000000 164.000000
104.000000 171.000000
115.000000 173.000000
126.000000 172.000000
230.000000 158.000000
221.000000 152.000000
208.000000 151.000000
198.000000 157.000000
190.000000 165.000000
200.000000 167.000000
212.000000 168.000000
223.000000 165.000000
117.000000 164.000000
211.000000 159.000000
148.000000 164.000000
145.000000 181.000000
142.000000 198.000000
138.000000 213.000000
134.000000 228.000000
147.000000 237.000000
163.000000 239.000000
182.000000 234.000000
194.000000 223.000000
188.000000 210.000000
182.000000 195.000000
178.000000 180.000000
174.000000 163.000000
212.000000 251.000000
191.000000 253.000000
175.000000 252.000000
164.000000 256.000000
155.000000 253.000000
139.000000 256.000000
122.000000 256.000000
135.000000 268.000000
146.000000 276.000000
160.000000 279.000000
173.000000 279.000000
187.000000 273.000000
199.000000 264.000000
