184.000000 58.000000
144.000000 55.000000
109.000000 74.000000
92.000000 105.000000
77.000000 141.000000
72.000000 175.000000
79.000000 211.000000
89.000000 246.000000
99.000000 278.000000
120.000000 304.000000
145.000000 324.000000
181.000000 336.000000
215.000000 325.000000
240.000000 299.000000
262.000000 271.000000
271.000000 243.000000
280.000000 211.000000
286.000000 173.000000
289.000000 140.000000
283.000000 109.000000
258.000000 78.000000
228.000000 60.000000
151.000000 140.000000
136.000000 136.000000
122.000000 132.000000
108.000000 130.000000
95.000000 134.000000
96.000000 140.000000
109.000000 139.000000
121.000000 140.000000
135.000000 144.000000
148.000000 147.000000
271.000000 136.000000
257.000000 132.000000
242.000000 132.000000
227.000000 134.000000
213.000000 139.000000
214.000000 145.000000
229.000000 143.000000
243.000000 140.000000
257.000000 139.000000
268.000000 141.000000
154.000000 168.000000
146.000000 157.000000
133.000000 152.000000
119.000000 152.000000
110.000000 158.000000
118.000000 165.000000
129.000000 167.000000
141.000000 168.000000
254.000000 161.000000
243.000000 153.000000
229.000000 152.000000
218.000000 157.000000
208.000000 167.000000
220.000000 168.000000
233.000000 169.000000
245.000000 166.000000
131.000000 159.000000
232.000000 160.000000
167.000000 167.000000
164.000000 183.000000
159.000000 199.000000
151.000000 216.000000
146.000000 233.000000
158.000000 241.000000
177.000000 247.000000
197.000000 241.000000
211.000000 230.000000
207.000000 216.000000
201.000000 201.000000
197.000000 184.000000
195.000000 167.000000
230.000000 255.000000
210.000000 257.000000
193.000000 257.000000
176.000000 263.000000
161.000000 256.000000
146.000000 255.000000
129.000000 255.000000
150.000000 283.000000
160.000000 290.000000
173.000000 294.000000
186.000000 294.000000
198.000000 290.000000
210.000000 284.000000
