175.000000 26.000000
138.000000 37.000000
110.000000 56.000000
87.000000 83.000000
70.000000 113.000000
64.000000 148.000000
63.000000 182.000000
66.000000 219.000000
73.000000 255.000000
90.000000 288.000000
117.000000 313.000000
162.000000 331.000000
207.000000 319.000000
245.000000 296.000000
269.000000 265.000000
280.000000 230.000000
279.000000 190.000000
278.000000 154.000000
276.000000 119.000000
267.000000 88.000000
250.000000 55.000000
221.000000 34.000000
139.000000 113.000000
124.000000 107.000000
111.000000 103.000000
97.000000 104.000000
85.000000 110.000000
86.000000 116.000000
98.000000 113.000000
111.000000 113.000000
123.000000 117.000000
135.000000 122.000000
254.000000 117.000000
243.000000 109.000000
228.000000 106.000000
212.000000 108.000000
199.000000 112.000000
201.000000 121.000000
215.000000 117.000000
229.000000 116.000000
242.000000 117.000000
251.000000 121.000000
140.000000 151.000000
131.000000 140.000000
118.000000 135.000000
105.000000 137.000000
95.000000 144.000000
104.000000 151.000000
116.000000 153.000000
128.000000 153.000000
240.000000 146.000000
229.000000 138.000000
217.000000 136.000000
206.000000 141.000000
196.000000 150.000000
208.000000 153.000000
220.000000 154.000000
232.000000 152.000000
117.000000 144.000000
220.000000 145.000000
150.000000 148.000000
148.000000 165.000000
145.000000 179.000000
142.000000 192.000000
138.000000 208.000000
153.000000 215.000000
169.000000 220.000000
183.000000 217.000000
198.000000 209.000000
195.000000 195.000000
190.000000 181.000000
186.000000 165.000000
183.000000 149.000000
223.000000 246.000000
196.000000 242.000000
185.000000 240.000000
168.000000 243.000000
152.000000 236.000000
135.000000 240.000000
121.000000 244.000000
131.000000 258.000000
140.000000 265.000000
152.000000 271.000000
172.000000 276.000000
191.000000 268.000000
202.000000 259.000000
