197.000000 7.000000
154.000000 11.000000
117.000000 22.000000
91.000000 46.000000
68.000000 81.000000
59.000000 120.000000
55.000000 168.000000
61.000000 214.000000
69.000000 257.000000
94.000000 293.000000
129.000000 322.000000
175.000000 333.000000
221.000000 318.000000
247.000000 286.000000
272.000000 255.000000
286.000000 216.000000
293.000000 175.000000
292.000000 135.000000
289.000000 92.000000
276.000000 68.000000
250.000000 37.000000
226.000000 20.000000
162.000000 79.000000
144.000000 73.000000
125.000000 69.000000
106.000000 68.000000
89.000000 76.000000
92.000000 85.000000
108.000000 80.000000
126.000000 81.000000
142.000000 86.000000
159.000000 90.000000
253.000000 76.000000
266.000000 76.000000
277.000000 77.000000
243.000000 77.000000
233.000000 78.000000
234.000000 88.000000
242.000000 87.000000
255.000000 85.000000
266.000000 86.000000
275.000000 87.000000
160.000000 123.000000
148.000000 110.000000
133.000000 104.000000
117.000000 105.000000
106.000000 113.000000
116.000000 120.000000
131.000000 122.000000
146.000000 123.000000
278.000000 124.000000
268.000000 116.000000
253.000000 112.000000
239.000000 116.000000
225.000000 126.000000
239.000000 129.000000
253.000000 130.000000
267.000000 129.000000
129.000000 112.000000
252.000000 121.000000
178.000000 120.000000
176.000000 139.000000
172.000000 155.000000
164.000000 175.000000
161.000000 194.000000
180.000000 201.000000
202.000000 207.000000
215.000000 207.000000
224.000000 198.000000
222.000000 179.000000
218.000000 163.000000
213.000000 139.000000
212.000000 122.000000
226.000000 256.000000
215.000000 242.000000
202.000000 234.000000
186.000000 237.000000
170.000000 233.000000
152.000000 239.000000
138.000000 250.000000
147.000000 262.000000
160.000000 272.000000
176.000000 276.000000
192.000000 277.000000
205.000000 272.000000
216.000000 265.000000
