163.000000 9.000000
108.000000 33.000000
82.000000 62.000000
66.000000 99.000000
53.000000 134.000000
58.000000 166.000000
60.000000 207.000000
68.000000 236.000000
80.000000 267.000000
98.000000 292.000000
123.000000 322.000000
154.000000 335.000000
197.000000 326.000000
231.000000 301.000000
258.000000 272.000000
273.000000 237.000000
281.000000 199.000000
285.000000 156.000000
281.000000 123.000000
273.000000 77.000000
246.000000 40.000000
199.000000 13.000000
115.000000 131.000000
100.000000 127.000000
85.000000 124.000000
70.000000 125.000000
56.000000 130.000000
58.000000 137.000000
71.000000 134.000000
86.000000 134.000000
99.000000 136.000000
112.000000 139.000000
246.000000 128.000000
230.000000 123.000000
212.000000 121.000000
195.000000 123.000000
179.000000 128.000000
182.000000 137.000000
197.000000 132.000000
213.000000 130.000000
228.000000 131.000000
242.000000 134.000000
117.000000 167.000000
110.000000 154.000000
96.000000 148.000000
82.000000 151.000000
72.000000 158.000000
80.000000 167.000000
94.000000 170.000000
107.000000 171.000000
231.000000 156.000000
219.000000 147.000000
204.000000 146.000000
191.000000 152.000000
183.000000 164.000000
195.000000 168.000000
210.000000 169.000000
223.000000 164.000000
99.000000 158.000000
206.000000 156.000000
133.000000 163.000000
131.000000 183.000000
128.000000 202.000000
123.000000 220.000000
118.000000 239.000000
129.000000 249.000000
144.000000 253.000000
165.000000 246.000000
179.000000 235.000000
171.000000 217.000000
168.000000 200.000000
168.000000 183.000000
167.000000 162.000000
197.000000 280.000000
179.000000 275.000000
165.000000 273.000000
154.000000 277.000000
140.000000 273.000000
128.000000 277.000000
115.000000 279.000000
124.000000 288.000000
135.000000 295.000000
149.000000 299.000000
163.000000 298.000000
177.000000 293.000000
188.000000 285.000000
