186.000000 36.000000
152.000000 43.000000
121.000000 57.000000
96.000000 79.000000
79.000000 108.000000
73.000000 141.000000
72.000000 177.000000
75.000000 215.000000
82.000000 252.000000
97.000000 285.000000
126.000000 311.000000
175.000000 331.000000
216.000000 317.000000
242.000000 298.000000
266.000000 256.000000
272.000000 222.000000
282.000000 188.000000
286.000000 152.000000
283.000000 119.000000
273.000000 89.000000
255.000000 56.000000
222.000000 40.000000
156.000000 118.000000
140.000000 112.000000
125.000000 108.000000
110.000000 107.000000
95.000000 112.000000
97.000000 121.000000
111.000000 120.000000
126.000000 121.000000
140.000000 124.000000
153.000000 128.000000
270.000000 122.000000
258.000000 117.000000
242.000000 118.000000
227.000000 120.000000
212.000000 124.000000
213.000000 133.000000
228.000000 130.000000
243.000000 129.000000
257.000000 128.000000
268.000000 130.000000
156.000000 149.000000
147.000000 138.000000
135.000000 132.000000
121.000000 133.000000
110.000000 139.000000
118.000000 148.000000
130.000000 151.000000
143.000000 151.000000
255.000000 150.000000
245.000000 142.000000
232.000000 139.000000
220.000000 143.000000
209.000000 152.000000
222.000000 156.000000
235.000000 158.000000
247.000000 156.000000
131.000000 140.000000
231.000000 147.000000
168.000000 146.000000
163.000000 164.000000
158.000000 179.000000
151.000000 195.000000
148.000000 211.000000
163.000000 220.000000
179.000000 227.000000
196.000000 222.000000
211.000000 213.000000
209.000000 198.000000
203.000000 183.000000
199.000000 167.000000
197.000000 149.000000
226.000000 252.000000
211.000000 246.000000
194.000000 242.000000
179.000000 244.000000
165.000000 241.000000
149.000000 242.000000
122.000000 247.000000
142.000000 266.000000
152.000000 274.000000
170.000000 277.000000
185.000000 278.000000
202.000000 274.000000
216.000000 264.000000
