175.000000 31.000000
123.000000 43.000000
90.000000 66.000000
71.000000 99.000000
68.000000 129.000000
63.000000 163.000000
65.000000 202.000000
69.000000 237.000000
83.000000 273.000000
109.000000 300.000000
140.000000 324.000000
175.000000 334.000000
217.000000 321.000000
242.000000 296.000000
264.000000 267.000000
281.000000 236.000000
284.000000 197.000000
284.000000 164.000000
279.000000 130.000000
263.000000 99.000000
253.000000 66.000000
220.000000 40.000000
156.000000 131.000000
143.000000 127.000000
129.000000 124.000000
116.000000 121.000000
101.000000 124.000000
102.000000 133.000000
116.000000 132.000000
129.000000 134.000000
142.000000 137.000000
155.000000 141.000000
262.000000 129.000000
249.000000 126.000000
235.000000 127.000000
220.000000 130.000000
206.000000 135.000000
208.000000 144.000000
222.000000 140.000000
236.000000 137.000000
250.000000 135.000000
261.000000 137.000000
152.000000 163.000000
144.000000 153.000000
132.000000 149.000000
120.000000 150.000000
110.000000 156.000000
118.000000 162.000000
130.000000 164.000000
141.000000 164.000000
249.000000 160.000000
239.000000 154.000000
227.000000 152.000000
217.000000 156.000000
209.000000 164.000000
219.000000 166.000000
230.000000 167.000000
241.000000 166.000000
130.000000 156.000000
227.000000 159.000000
167.000000 157.000000
163.000000 174.000000
158.000000 190.000000
151.000000 205.000000
149.000000 220.000000
164.000000 227.000000
180.000000 230.000000
197.000000 228.000000
211.000000 220.000000
209.000000 206.000000
203.000000 192.000000
198.000000 175.000000
195.000000 158.000000
229.000000 250.000000
205.000000 249.000000
190.000000 246.000000
179.000000 249.000000
169.000000 245.000000
152.000000 245.000000
129.000000 246.000000
145.000000 265.000000
159.000000 276.000000
172.000000 280.000000
185.000000 280.000000
198.000000 276.000000
213.000000 267.000000
