231.000000 35.000000
188.000000 25.000000
139.000000 37.000000
117.000000 63.000000
98.000000 93.000000
79.000000 127.000000
71.000000 169.000000
74.000000 212.000000
80.000000 246.000000
97.000000 280.000000
136.000000 307.000000
183.000000 331.000000
216.000000 322.000000
250.000000 299.000000
277.000000 271.000000
288.000000 240.000000
292.000000 212.000000
298.000000 179.000000
293.000000 150.000000
287.000000 115.000000
278.000000 86.000000
261.000000 55.000000
183.000000 115.000000
168.000000 109.000000
154.000000 105.000000
140.000000 104.000000
128.000000 108.000000
129.000000 115.000000
141.000000 113.000000
153.000000 115.000000
166.000000 119.000000
179.000000 125.000000
230.000000 131.000000
285.000000 127.000000
270.000000 124.000000
254.000000 123.000000
238.000000 126.000000
231.000000 136.000000
254.000000 133.000000
269.000000 133.000000
284.000000 134.000000
242.000000 137.000000
178.000000 153.000000
170.000000 141.000000
158.000000 133.000000
145.000000 134.000000
134.000000 139.000000
143.000000 146.000000
155.000000 150.000000
166.000000 151.000000
279.000000 164.000000
270.000000 155.000000
258.000000 152.000000
245.000000 154.000000
235.000000 161.000000
246.000000 164.000000
257.000000 167.000000
269.000000 167.000000
156.000000 141.000000
258.000000 159.000000
193.000000 150.000000
190.000000 167.000000
186.000000 181.000000
179.000000 198.000000
166.000000 209.000000
185.000000 220.000000
203.000000 233.000000
220.000000 228.000000
229.000000 217.000000
225.000000 204.000000
222.000000 189.000000
222.000000 174.000000
221.000000 155.000000
234.000000 259.000000
217.000000 252.000000
202.000000 245.000000
189.000000 246.000000
176.000000 240.000000
159.000000 240.000000
140.000000 239.000000
148.000000 256.000000
159.000000 268.000000
171.000000 273.000000
186.000000 278.000000
202.000000 278.000000
221.000000 272.000000
