164.000000 55.000000
122.000000 65.000000
93.000000 82.000000
71.000000 109.000000
62.000000 138.000000
60.000000 172.000000
65.000000 208.000000
74.000000 238.000000
87.000000 265.000000
102.000000 294.000000
121.000000 317.000000
155.000000 334.000000
192.000000 323.000000
221.000000 302.000000
247.000000 278.000000
256.000000 246.000000
261.000000 211.000000
264.000000 174.000000
259.000000 142.000000
250.000000 113.000000
227.000000 85.000000
202.000000 65.000000
130.000000 150.000000
116.000000 147.000000
102.000000 144.000000
88.000000 143.000000
76.000000 145.000000
77.000000 152.000000
88.000000 151.000000
101.000000 152.000000
115.000000 155.000000
128.000000 158.000000
240.000000 151.000000
229.000000 146.000000
215.000000 144.000000
201.000000 144.000000
186.000000 147.000000
187.000000 156.000000
202.000000 154.000000
215.000000 152.000000
228.000000 152.000000
238.000000 155.000000
130.000000 180.000000
122.000000 170.000000
111.000000 166.000000
99.000000 167.000000
91.000000 173.000000
98.000000 180.000000
109.000000 183.000000
120.000000 183.000000
223.000000 177.000000
214.000000 171.000000
203.000000 169.000000
192.000000 173.000000
183.000000 181.000000
193.000000 184.000000
204.000000 185.000000
215.000000 183.000000
110.000000 174.000000
203.000000 176.000000
141.000000 176.000000
139.000000 192.000000
136.000000 207.000000
131.000000 221.000000
128.000000 234.000000
137.000000 243.000000
152.000000 249.000000
169.000000 243.000000
181.000000 234.000000
177.000000 221.000000
173.000000 209.000000
169.000000 190.000000
168.000000 177.000000
194.000000 267.000000
178.000000 266.000000
164.000000 264.000000
152.000000 267.000000
143.000000 264.000000
130.000000 266.000000
118.000000 268.000000
126.000000 280.000000
135.000000 290.000000
148.000000 295.000000
160.000000 295.000000
174.000000 289.000000
185.000000 280.000000
