196.000000 35.000000
158.000000 33.000000
126.000000 50.000000
97.000000 73.000000
77.000000 103.000000
68.000000 138.000000
66.000000 178.000000
65.000000 220.000000
76.000000 262.000000
99.000000 295.000000
130.000000 319.000000
170.000000 336.000000
212.000000 321.000000
249.000000 301.000000
271.000000 272.000000
284.000000 237.000000
294.000000 201.000000
289.000000 167.000000
288.000000 134.000000
276.000000 96.000000
258.000000 63.000000
231.000000 44.000000
161.000000 110.000000
151.000000 105.000000
136.000000 101.000000
118.000000 103.000000
102.000000 106.000000
104.000000 112.000000
119.000000 108.000000
136.000000 110.000000
151.000000 112.000000
162.000000 119.000000
278.000000 124.000000
268.000000 118.000000
255.000000 118.000000
240.000000 116.000000
228.000000 122.000000
229.000000 129.000000
240.000000 126.000000
255.000000 124.000000
267.000000 126.000000
278.000000 131.000000
158.000000 150.000000
150.000000 139.000000
139.000000 133.000000
121.000000 134.000000
108.000000 141.000000
121.000000 149.000000
134.000000 150.000000
147.000000 151.000000
273.000000 160.000000
260.000000 149.000000
247.000000 145.000000
234.000000 147.000000
222.000000 155.000000
232.000000 159.000000
246.000000 163.000000
258.000000 163.000000
132.000000 141.000000
240.000000 153.000000
177.000000 147.000000
177.000000 167.000000
172.000000 178.000000
166.000000 189.000000
161.000000 200.000000
175.000000 208.000000
187.000000 209.000000
201.000000 212.000000
214.000000 206.000000
214.000000 198.000000
209.000000 185.000000
205.000000 167.000000
207.000000 150.000000
233.000000 250.000000
210.000000 241.000000
195.000000 239.000000
183.000000 243.000000
170.000000 237.000000
149.000000 236.000000
129.000000 239.000000
143.000000 260.000000
157.000000 272.000000
171.000000 278.000000
187.000000 279.000000
201.000000 273.000000
217.000000 269.000000
