197.000000 36.000000
157.000000 49.000000
130.000000 69.000000
104.000000 90.000000
86.000000 118.000000
72.000000 149.000000
67.000000 186.000000
70.000000 218.000000
77.000000 260.000000
103.000000 294.000000
129.000000 316.000000
182.000000 335.000000
213.000000 326.000000
243.000000 305.000000
263.000000 277.000000
272.000000 237.000000
282.000000 204.000000
283.000000 170.000000
285.000000 138.000000
282.000000 104.000000
267.000000 64.000000
233.000000 40.000000
168.000000 132.000000
153.000000 125.000000
139.000000 119.000000
123.000000 117.000000
109.000000 122.000000
111.000000 131.000000
124.000000 130.000000
138.000000 132.000000
152.000000 136.000000
165.000000 141.000000
269.000000 141.000000
257.000000 136.000000
243.000000 134.000000
231.000000 136.000000
218.000000 139.000000
219.000000 148.000000
232.000000 146.000000
243.000000 145.000000
255.000000 146.000000
266.000000 149.000000
163.000000 164.000000
156.000000 153.000000
144.000000 147.000000
131.000000 146.000000
121.000000 151.000000
128.000000 159.000000
140.000000 162.000000
152.000000 163.000000
256.000000 168.000000
246.000000 161.000000
235.000000 158.000000
223.000000 160.000000
214.000000 168.000000
224.000000 172.000000
236.000000 174.000000
248.000000 173.000000
140.000000 153.000000
233.000000 165.000000
178.000000 163.000000
174.000000 179.000000
168.000000 194.000000
161.000000 207.000000
160.000000 219.000000
171.000000 229.000000
183.000000 238.000000
199.000000 234.000000
212.000000 226.000000
209.000000 212.000000
204.000000 198.000000
202.000000 182.000000
202.000000 166.000000
224.000000 256.000000
204.000000 253.000000
192.000000 249.000000
181.000000 251.000000
169.000000 246.000000
153.000000 248.000000
137.000000 251.000000
147.000000 265.000000
157.000000 275.000000
170.000000 282.000000
184.000000 284.000000
198.000000 280.000000
209.000000 272.000000
