180.000000 25.000000
142.000000 34.000000
118.000000 60.000000
99.000000 85.000000
87.000000 117.000000
82.000000 151.000000
81.000000 188.000000
86.000000 225.000000
93.000000 262.000000
117.000000 298.000000
154.000000 320.000000
199.000000 325.000000
238.000000 311.000000
265.000000 284.000000
281.000000 252.000000
286.000000 218.000000
292.000000 184.000000
296.000000 143.000000
289.000000 115.000000
272.000000 88.000000
248.000000 60.000000
227.000000 37.000000
168.000000 117.000000
151.000000 113.000000
136.000000 112.000000
120.000000 114.000000
106.000000 121.000000
110.000000 129.000000
123.000000 124.000000
137.000000 124.000000
151.000000 125.000000
166.000000 128.000000
274.000000 114.000000
261.000000 110.000000
246.000000 110.000000
231.000000 113.000000
215.000000 119.000000
218.000000 128.000000
233.000000 124.000000
247.000000 120.000000
261.000000 119.000000
272.000000 122.000000
166.000000 151.000000
155.000000 142.000000
142.000000 139.000000
130.000000 141.000000
121.000000 149.000000
132.000000 155.000000
143.000000 156.000000
154.000000 155.000000
265.000000 143.000000
256.000000 137.000000
243.000000 135.000000
231.000000 139.000000
222.000000 148.000000
234.000000 152.000000
246.000000 152.000000
258.000000 149.000000
140.000000 147.000000
244.000000 143.000000
181.000000 145.000000
178.000000 164.000000
175.000000 180.000000
169.000000 195.000000
164.000000 212.000000
182.000000 217.000000
200.000000 220.000000
213.000000 217.000000
226.000000 208.000000
219.000000 194.000000
213.000000 179.000000
208.000000 163.000000
206.000000 145.000000
240.000000 244.000000
224.000000 243.000000
208.000000 241.000000
196.000000 244.000000
183.000000 242.000000
167.000000 246.000000
151.000000 248.000000
163.000000 260.000000
175.000000 268.000000
190.000000 272.000000
204.000000 271.000000
217.000000 266.000000
229.000000 257.000000
