195.000000 32.000000
148.000000 35.000000
109.000000 51.000000
82.000000 76.000000
61.000000 111.000000
53.000000 142.000000
50.000000 184.000000
56.000000 223.000000
67.000000 257.000000
86.000000 287.000000
114.000000 315.000000
168.000000 336.000000
220.000000 324.000000
252.000000 298.000000
276.000000 262.000000
282.000000 231.000000
286.000000 198.000000
290.000000 169.000000
289.000000 136.000000
282.000000 103.000000
271.000000 71.000000
237.000000 40.000000
164.000000 121.000000
151.000000 114.000000
137.000000 110.000000
123.000000 109.000000
111.000000 113.000000
113.000000 122.000000
124.000000 120.000000
136.000000 122.000000
149.000000 125.000000
162.000000 130.000000
271.000000 129.000000
260.000000 123.000000
248.000000 123.000000
234.000000 124.000000
221.000000 128.000000
222.000000 137.000000
235.000000 135.000000
248.000000 133.000000
259.000000 133.000000
269.000000 137.000000
162.000000 152.000000
153.000000 141.000000
141.000000 135.000000
129.000000 135.000000
119.000000 140.000000
126.000000 147.000000
138.000000 150.000000
150.000000 151.000000
256.000000 156.000000
248.000000 148.000000
236.000000 145.000000
225.000000 148.000000
216.000000 156.000000
226.000000 159.000000
238.000000 161.000000
249.000000 160.000000
138.000000 141.000000
235.000000 153.000000
177.000000 150.000000
172.000000 166.000000
165.000000 180.000000
156.000000 193.000000
150.000000 201.000000
167.000000 210.000000
187.000000 218.000000
207.000000 216.000000
220.000000 208.000000
214.000000 196.000000
210.000000 183.000000
207.000000 167.000000
204.000000 151.000000
231.000000 243.000000
213.000000 236.000000
196.000000 234.000000
181.000000 236.000000
165.000000 231.000000
149.000000 230.000000
124.000000 233.000000
139.000000 253.000000
155.000000 262.000000
170.000000 267.000000
184.000000 269.000000
199.000000 265.000000
214.000000 259.000000
