194.000000 34.000000
148.000000 40.000000
115.000000 58.000000
86.000000 89.000000
69.000000 114.000000
55.000000 146.000000
50.000000 178.000000
59.000000 220.000000
69.000000 252.000000
93.000000 292.000000
121.000000 315.000000
186.000000 338.000000
231.000000 312.000000
256.000000 275.000000
271.000000 247.000000
282.000000 218.000000
286.000000 186.000000
285.000000 154.000000
281.000000 124.000000
276.000000 93.000000
265.000000 66.000000
242.000000 41.000000
169.000000 123.000000
157.000000 119.000000
145.000000 115.000000
132.000000 114.000000
121.000000 120.000000
122.000000 129.000000
134.000000 127.000000
145.000000 128.000000
156.000000 130.000000
166.000000 131.000000
269.000000 125.000000
258.000000 119.000000
245.000000 119.000000
232.000000 121.000000
220.000000 125.000000
222.000000 133.000000
234.000000 131.000000
246.000000 129.000000
257.000000 129.000000
267.000000 132.000000
169.000000 153.000000
162.000000 145.000000
151.000000 141.000000
141.000000 141.000000
134.000000 146.000000
141.000000 151.000000
151.000000 153.000000
159.000000 153.000000
256.000000 152.000000
246.000000 146.000000
235.000000 145.000000
225.000000 147.000000
216.000000 154.000000
227.000000 156.000000
237.000000 156.000000
247.000000 155.000000
149.000000 146.000000
235.000000 151.000000
182.000000 153.000000
178.000000 169.000000
173.000000 184.000000
165.000000 198.000000
161.000000 209.000000
179.000000 218.000000
196.000000 225.000000
213.000000 221.000000
224.000000 213.000000
218.000000 198.000000
213.000000 185.000000
208.000000 171.000000
205.000000 154.000000
231.000000 248.000000
217.000000 243.000000
205.000000 244.000000
190.000000 243.000000
172.000000 244.000000
153.000000 243.000000
133.000000 250.000000
152.000000 262.000000
165.000000 268.000000
182.000000 272.000000
201.000000 272.000000
212.000000 267.000000
222.000000 260.000000
