125.000000 52.000000
88.000000 62.000000
67.000000 90.000000
59.000000 115.000000
59.000000 142.000000
57.000000 180.000000
64.000000 211.000000
73.000000 242.000000
85.000000 271.000000
103.000000 299.000000
120.000000 323.000000
157.000000 339.000000
207.000000 322.000000
235.000000 296.000000
255.000000 268.000000
268.000000 235.000000
268.000000 189.000000
260.000000 149.000000
237.000000 115.000000
217.000000 91.000000
192.000000 70.000000
162.000000 51.000000
108.000000 143.000000
92.000000 142.000000
78.000000 141.000000
65.000000 143.000000
58.000000 147.000000
61.000000 158.000000
69.000000 154.000000
80.000000 152.000000
93.000000 152.000000
106.000000 153.000000
217.000000 121.000000
203.000000 117.000000
190.000000 119.000000
176.000000 123.000000
160.000000 130.000000
163.000000 139.000000
179.000000 133.000000
192.000000 130.000000
205.000000 127.000000
216.000000 128.000000
109.000000 171.000000
101.000000 163.000000
88.000000 162.000000
78.000000 167.000000
71.000000 175.000000
81.000000 179.000000
91.000000 180.000000
100.000000 177.000000
207.000000 154.000000
196.000000 148.000000
183.000000 147.000000
172.000000 152.000000
163.000000 164.000000
175.000000 166.000000
187.000000 165.000000
198.000000 162.000000
91.000000 170.000000
185.000000 155.000000
120.000000 164.000000
119.000000 182.000000
118.000000 199.000000
115.000000 216.000000
114.000000 233.000000
126.000000 239.000000
141.000000 243.000000
153.000000 236.000000
168.000000 223.000000
160.000000 205.000000
156.000000 190.000000
153.000000 175.000000
149.000000 160.000000
187.000000 270.000000
172.000000 263.000000
160.000000 260.000000
149.000000 264.000000
135.000000 262.000000
125.000000 268.000000
113.000000 276.000000
125.000000 282.000000
136.000000 285.000000
147.000000 287.000000
159.000000 286.000000
170.000000 280.000000
180.000000 277.000000
