181.000000 29.000000
147.000000 43.000000
113.000000 61.000000
92.000000 87.000000
80.000000 117.000000
69.000000 149.000000
70.000000 190.000000
78.000000 225.000000
94.000000 264.000000
130.000000 299.000000
171.000000 321.000000
232.000000 320.000000
264.000000 311.000000
287.000000 283.000000
299.000000 243.000000
297.000000 208.000000
298.000000 173.000000
294.000000 144.000000
289.000000 115.000000
281.000000 79.000000
261.000000 53.000000
228.000000 35.000000
182.000000 107.000000
168.000000 100.000000
152.000000 100.000000
136.000000 107.000000
121.000000 115.000000
129.000000 122.000000
141.000000 116.000000
155.000000 112.000000
167.000000 112.000000
178.000000 116.000000
276.000000 105.000000
267.000000 100.000000
253.000000 97.000000
241.000000 98.000000
228.000000 105.000000
232.000000 113.000000
244.000000 109.000000
257.000000 109.000000
267.000000 111.000000
276.000000 114.000000
177.000000 150.000000
168.000000 141.000000
157.000000 137.000000
147.000000 139.000000
139.000000 146.000000
147.000000 151.000000
158.000000 152.000000
167.000000 151.000000
264.000000 133.000000
256.000000 128.000000
246.000000 128.000000
239.000000 133.000000
233.000000 141.000000
242.000000 142.000000
250.000000 142.000000
259.000000 139.000000
153.000000 144.000000
248.000000 135.000000
192.000000 144.000000
193.000000 162.000000
191.000000 178.000000
188.000000 194.000000
188.000000 212.000000
207.000000 219.000000
227.000000 224.000000
240.000000 216.000000
245.000000 204.000000
239.000000 189.000000
232.000000 175.000000
225.000000 157.000000
221.000000 140.000000
254.000000 244.000000
241.000000 243.000000
223.000000 248.000000
232.000000 246.000000
208.000000 249.000000
193.000000 251.000000
170.000000 257.000000
184.000000 260.000000
196.000000 263.000000
210.000000 266.000000
223.000000 265.000000
236.000000 261.000000
248.000000 253.000000
