169.000000 33.000000
122.000000 45.000000
99.000000 72.000000
80.000000 100.000000
65.000000 132.000000
61.000000 167.000000
67.000000 205.000000
74.000000 241.000000
87.000000 276.000000
112.000000 303.000000
142.000000 324.000000
182.000000 332.000000
215.000000 320.000000
243.000000 295.000000
265.000000 265.000000
274.000000 232.000000
281.000000 198.000000
278.000000 167.000000
274.000000 128.000000
262.000000 94.000000
239.000000 67.000000
211.000000 47.000000
145.000000 137.000000
131.000000 134.000000
117.000000 132.000000
103.000000 131.000000
89.000000 133.000000
90.000000 141.000000
103.000000 140.000000
117.000000 140.000000
130.000000 142.000000
143.000000 144.000000
259.000000 125.000000
249.000000 122.000000
236.000000 125.000000
222.000000 129.000000
209.000000 134.000000
211.000000 140.000000
224.000000 136.000000
237.000000 132.000000
249.000000 129.000000
258.000000 132.000000
148.000000 165.000000
139.000000 155.000000
126.000000 151.000000
113.000000 153.000000
103.000000 159.000000
112.000000 166.000000
124.000000 169.000000
136.000000 168.000000
252.000000 153.000000
241.000000 147.000000
227.000000 147.000000
216.000000 153.000000
208.000000 163.000000
220.000000 165.000000
233.000000 165.000000
244.000000 161.000000
123.000000 159.000000
230.000000 154.000000
164.000000 159.000000
161.000000 178.000000
158.000000 196.000000
153.000000 213.000000
150.000000 230.000000
165.000000 238.000000
184.000000 244.000000
202.000000 236.000000
213.000000 227.000000
209.000000 212.000000
203.000000 196.000000
198.000000 178.000000
195.000000 159.000000
221.000000 270.000000
207.000000 266.000000
194.000000 263.000000
184.000000 267.000000
171.000000 263.000000
156.000000 269.000000
142.000000 274.000000
152.000000 283.000000
164.000000 291.000000
176.000000 296.000000
191.000000 295.000000
202.000000 289.000000
211.000000 280.000000
