117.000000 47.000000
76.000000 70.000000
60.000000 100.000000
55.000000 136.000000
60.000000 160.000000
63.000000 189.000000
72.000000 219.000000
86.000000 248.000000
101.000000 276.000000
115.000000 303.000000
141.000000 328.000000
168.000000 342.000000
216.000000 324.000000
245.000000 303.000000
268.000000 273.000000
285.000000 233.000000
283.000000 201.000000
272.000000 162.000000
249.000000 128.000000
229.000000 101.000000
209.000000 72.000000
170.000000 45.000000
115.000000 150.000000
102.000000 149.000000
89.000000 149.000000
76.000000 150.000000
65.000000 155.000000
67.000000 162.000000
79.000000 160.000000
90.000000 158.000000
102.000000 157.000000
115.000000 158.000000
221.000000 130.000000
208.000000 128.000000
195.000000 128.000000
182.000000 132.000000
168.000000 137.000000
172.000000 146.000000
184.000000 141.000000
197.000000 137.000000
209.000000 135.000000
220.000000 137.000000
120.000000 183.000000
112.000000 174.000000
99.000000 170.000000
86.000000 174.000000
78.000000 183.000000
88.000000 189.000000
99.000000 190.000000
109.000000 188.000000
217.000000 160.000000
206.000000 154.000000
193.000000 155.000000
182.000000 161.000000
176.000000 173.000000
187.000000 175.000000
200.000000 173.000000
211.000000 168.000000
99.000000 179.000000
195.000000 163.000000
128.000000 178.000000
129.000000 194.000000
130.000000 210.000000
129.000000 226.000000
127.000000 245.000000
131.000000 253.000000
146.000000 255.000000
166.000000 248.000000
178.000000 240.000000
169.000000 219.000000
164.000000 202.000000
160.000000 190.000000
155.000000 173.000000
210.000000 265.000000
191.000000 266.000000
174.000000 265.000000
165.000000 270.000000
153.000000 269.000000
142.000000 274.000000
126.000000 277.000000
137.000000 288.000000
149.000000 295.000000
163.000000 299.000000
177.000000 296.000000
189.000000 288.000000
200.000000 279.000000
