183.000000 43.000000
138.000000 51.000000
112.000000 72.000000
94.000000 102.000000
87.000000 129.000000
81.000000 161.000000
71.000000 198.000000
74.000000 235.000000
95.000000 268.000000
118.000000 296.000000
146.000000 319.000000
182.000000 330.000000
221.000000 319.000000
245.000000 295.000000
266.000000 264.000000
277.000000 232.000000
283.000000 199.000000
286.000000 167.000000
282.000000 135.000000
279.000000 105.000000
260.000000 68.000000
223.000000 41.000000
163.000000 133.000000
150.000000 128.000000
136.000000 124.000000
122.000000 123.000000
110.000000 127.000000
110.000000 136.000000
123.000000 134.000000
136.000000 136.000000
150.000000 139.000000
162.000000 142.000000
268.000000 134.000000
257.000000 128.000000
242.000000 128.000000
228.000000 131.000000
214.000000 136.000000
216.000000 144.000000
229.000000 141.000000
243.000000 139.000000
256.000000 138.000000
266.000000 140.000000
164.000000 163.000000
155.000000 152.000000
142.000000 147.000000
130.000000 149.000000
114.000000 156.000000
129.000000 162.000000
140.000000 164.000000
151.000000 164.000000
260.000000 160.000000
246.000000 153.000000
234.000000 150.000000
223.000000 153.000000
215.000000 162.000000
225.000000 166.000000
236.000000 167.000000
247.000000 166.000000
139.000000 154.000000
234.000000 158.000000
177.000000 158.000000
175.000000 173.000000
171.000000 189.000000
164.000000 205.000000
159.000000 218.000000
172.000000 227.000000
189.000000 231.000000
207.000000 228.000000
220.000000 219.000000
214.000000 205.000000
208.000000 192.000000
204.000000 174.000000
203.000000 158.000000
236.000000 246.000000
213.000000 247.000000
201.000000 243.000000
188.000000 246.000000
175.000000 242.000000
159.000000 246.000000
133.000000 245.000000
155.000000 266.000000
166.000000 274.000000
180.000000 279.000000
193.000000 279.000000
206.000000 275.000000
217.000000 267.000000
