192.000000 24.000000
146.000000 36.000000
112.000000 56.000000
91.000000 83.000000
80.000000 119.000000
76.000000 152.000000
75.000000 194.000000
77.000000 236.000000
92.000000 281.000000
119.000000 304.000000
151.000000 321.000000
200.000000 334.000000
240.000000 316.000000
254.000000 288.000000
269.000000 257.000000
280.000000 226.000000
286.000000 187.000000
283.000000 161.000000
279.000000 137.000000
275.000000 94.000000
262.000000 64.000000
232.000000 31.000000
172.000000 124.000000
158.000000 120.000000
143.000000 117.000000
128.000000 117.000000
114.000000 121.000000
116.000000 127.000000
129.000000 123.000000
143.000000 124.000000
157.000000 127.000000
171.000000 130.000000
284.000000 120.000000
271.000000 113.000000
256.000000 113.000000
241.000000 117.000000
228.000000 123.000000
232.000000 132.000000
244.000000 126.000000
258.000000 123.000000
271.000000 121.000000
282.000000 126.000000
172.000000 160.000000
163.000000 149.000000
149.000000 143.000000
136.000000 147.000000
128.000000 154.000000
136.000000 160.000000
148.000000 162.000000
161.000000 161.000000
272.000000 153.000000
261.000000 145.000000
249.000000 143.000000
237.000000 148.000000
228.000000 158.000000
239.000000 161.000000
251.000000 161.000000
263.000000 159.000000
147.000000 152.000000
247.000000 153.000000
191.000000 156.000000
194.000000 174.000000
192.000000 190.000000
187.000000 202.000000
184.000000 213.000000
185.000000 225.000000
206.000000 226.000000
227.000000 228.000000
241.000000 219.000000
236.000000 201.000000
231.000000 185.000000
227.000000 173.000000
220.000000 154.000000
248.000000 250.000000
231.000000 250.000000
215.000000 247.000000
201.000000 249.000000
185.000000 250.000000
172.000000 250.000000
150.000000 257.000000
165.000000 267.000000
178.000000 277.000000
193.000000 283.000000
208.000000 283.000000
222.000000 284.000000
239.000000 273.000000
