161.000000 29.000000
123.000000 55.000000
94.000000 73.000000
80.000000 105.000000
67.000000 135.000000
64.000000 169.000000
71.000000 203.000000
78.000000 237.000000
91.000000 271.000000
116.000000 299.000000
146.000000 322.000000
187.000000 332.000000
221.000000 313.000000
244.000000 284.000000
261.000000 252.000000
270.000000 221.000000
275.000000 188.000000
277.000000 154.000000
269.000000 122.000000
257.000000 92.000000
238.000000 63.000000
207.000000 36.000000
151.000000 133.000000
136.000000 129.000000
122.000000 125.000000
106.000000 124.000000
92.000000 129.000000
94.000000 136.000000
108.000000 135.000000
122.000000 136.000000
137.000000 139.000000
150.000000 143.000000
256.000000 120.000000
242.000000 115.000000
229.000000 118.000000
216.000000 122.000000
203.000000 128.000000
206.000000 136.000000
219.000000 131.000000
231.000000 127.000000
244.000000 124.000000
254.000000 126.000000
153.000000 164.000000
144.000000 155.000000
132.000000 150.000000
120.000000 153.000000
111.000000 159.000000
119.000000 166.000000
131.000000 168.000000
143.000000 167.000000
240.000000 151.000000
231.000000 145.000000
219.000000 145.000000
209.000000 151.000000
202.000000 161.000000
212.000000 162.000000
224.000000 162.000000
234.000000 158.000000
129.000000 159.000000
222.000000 153.000000
165.000000 160.000000
163.000000 178.000000
161.000000 196.000000
156.000000 212.000000
152.000000 227.000000
164.000000 235.000000
181.000000 239.000000
199.000000 233.000000
209.000000 224.000000
204.000000 210.000000
199.000000 195.000000
194.000000 177.000000
190.000000 159.000000
217.000000 258.000000
204.000000 258.000000
192.000000 258.000000
183.000000 262.000000
171.000000 260.000000
158.000000 262.000000
143.000000 263.000000
154.000000 274.000000
165.000000 282.000000
178.000000 286.000000
190.000000 286.000000
202.000000 282.000000
212.000000 274.000000
