156.000000 28.000000
122.000000 40.000000
90.000000 59.000000
80.000000 84.000000
68.000000 120.000000
68.000000 156.000000
63.000000 195.000000
69.000000 231.000000
80.000000 265.000000
99.000000 299.000000
125.000000 327.000000
169.000000 339.000000
216.000000 334.000000
256.000000 302.000000
278.000000 258.000000
282.000000 222.000000
281.000000 185.000000
280.000000 146.000000
273.000000 110.000000
255.000000 78.000000
228.000000 53.000000
194.000000 25.000000
129.000000 125.000000
113.000000 122.000000
98.000000 119.000000
83.000000 119.000000
69.000000 125.000000
71.000000 133.000000
85.000000 130.000000
99.000000 131.000000
113.000000 133.000000
128.000000 135.000000
257.000000 113.000000
240.000000 109.000000
223.000000 110.000000
207.000000 114.000000
191.000000 120.000000
193.000000 130.000000
209.000000 125.000000
226.000000 121.000000
242.000000 119.000000
255.000000 121.000000
132.000000 162.000000
123.000000 151.000000
110.000000 145.000000
96.000000 147.000000
84.000000 154.000000
92.000000 165.000000
106.000000 165.000000
118.000000 164.000000
247.000000 146.000000
231.000000 139.000000
216.000000 139.000000
203.000000 146.000000
193.000000 157.000000
207.000000 158.000000
222.000000 158.000000
235.000000 155.000000
108.000000 153.000000
219.000000 147.000000
146.000000 156.000000
142.000000 175.000000
137.000000 193.000000
131.000000 210.000000
126.000000 230.000000
141.000000 239.000000
161.000000 242.000000
185.000000 235.000000
199.000000 225.000000
195.000000 210.000000
187.000000 192.000000
183.000000 176.000000
178.000000 155.000000
215.000000 256.000000
196.000000 256.000000
179.000000 255.000000
165.000000 259.000000
151.000000 256.000000
133.000000 260.000000
114.000000 261.000000
127.000000 277.000000
141.000000 288.000000
159.000000 294.000000
176.000000 293.000000
193.000000 286.000000
206.000000 274.000000
