219.000000 16.000000
178.000000 0.000000
136.000000 9.000000
103.000000 26.000000
77.000000 54.000000
63.000000 95.000000
52.000000 140.000000
48.000000 185.000000
56.000000 239.000000
79.000000 283.000000
115.000000 317.000000
169.000000 332.000000
213.000000 314.000000
252.000000 287.000000
278.000000 253.000000
296.000000 218.000000
310.000000 181.000000
312.000000 140.000000
312.000000 109.000000
293.000000 64.000000
277.000000 45.000000
252.000000 25.000000
175.000000 88.000000
161.000000 76.000000
145.000000 66.000000
127.000000 61.000000
108.000000 62.000000
108.000000 70.000000
125.000000 71.000000
141.000000 77.000000
156.000000 86.000000
168.000000 95.000000
311.000000 100.000000
296.000000 94.000000
278.000000 94.000000
261.000000 97.000000
244.000000 103.000000
248.000000 109.000000
263.000000 106.000000
279.000000 103.000000
294.000000 104.000000
307.000000 107.000000
168.000000 121.000000
160.000000 105.000000
145.000000 95.000000
129.000000 94.000000
108.000000 100.000000
125.000000 111.000000
140.000000 117.000000
156.000000 119.000000
293.000000 134.000000
278.000000 122.000000
263.000000 118.000000
250.000000 122.000000
240.000000 131.000000
250.000000 137.000000
265.000000 141.000000
278.000000 139.000000
141.000000 106.000000
262.000000 129.000000
188.000000 122.000000
180.000000 144.000000
172.000000 163.000000
162.000000 182.000000
149.000000 201.000000
162.000000 217.000000
187.000000 231.000000
211.000000 225.000000
226.000000 214.000000
223.000000 196.000000
221.000000 175.000000
220.000000 154.000000
222.000000 130.000000
229.000000 245.000000
208.000000 244.000000
196.000000 245.000000
183.000000 244.000000
168.000000 240.000000
149.000000 232.000000
116.000000 223.000000
135.000000 252.000000
152.000000 265.000000
169.000000 272.000000
187.000000 275.000000
202.000000 271.000000
215.000000 263.000000
