157.000000 29.000000
121.000000 37.000000
94.000000 56.000000
77.000000 84.000000
73.000000 115.000000
70.000000 149.000000
71.000000 193.000000
71.000000 230.000000
84.000000 267.000000
100.000000 294.000000
132.000000 319.000000
171.000000 332.000000
216.000000 316.000000
251.000000 288.000000
277.000000 255.000000
284.000000 218.000000
283.000000 179.000000
277.000000 139.000000
273.000000 103.000000
255.000000 72.000000
227.000000 47.000000
193.000000 33.000000
131.000000 122.000000
117.000000 117.000000
102.000000 115.000000
88.000000 115.000000
74.000000 119.000000
75.000000 128.000000
89.000000 125.000000
102.000000 125.000000
116.000000 127.000000
127.000000 130.000000
248.000000 110.000000
233.000000 106.000000
218.000000 106.000000
202.000000 111.000000
188.000000 118.000000
190.000000 126.000000
204.000000 121.000000
219.000000 117.000000
233.000000 116.000000
245.000000 117.000000
131.000000 156.000000
125.000000 144.000000
112.000000 140.000000
99.000000 141.000000
89.000000 149.000000
97.000000 156.000000
108.000000 159.000000
119.000000 158.000000
239.000000 143.000000
224.000000 135.000000
211.000000 134.000000
199.000000 139.000000
192.000000 150.000000
202.000000 153.000000
215.000000 153.000000
226.000000 149.000000
111.000000 148.000000
212.000000 143.000000
144.000000 149.000000
142.000000 167.000000
138.000000 185.000000
131.000000 205.000000
135.000000 215.000000
148.000000 222.000000
161.000000 227.000000
181.000000 220.000000
194.000000 211.000000
195.000000 201.000000
185.000000 182.000000
177.000000 165.000000
176.000000 147.000000
223.000000 241.000000
195.000000 240.000000
175.000000 243.000000
163.000000 242.000000
148.000000 240.000000
135.000000 238.000000
118.000000 244.000000
133.000000 272.000000
144.000000 281.000000
159.000000 284.000000
175.000000 285.000000
190.000000 280.000000
208.000000 270.000000
