197.000000 44.000000
163.000000 40.000000
134.000000 63.000000
108.000000 85.000000
91.000000 114.000000
69.000000 147.000000
64.000000 184.000000
65.000000 223.000000
84.000000 258.000000
110.000000 290.000000
141.000000 318.000000
183.000000 335.000000
223.000000 320.000000
247.000000 294.000000
270.000000 265.000000
283.000000 232.000000
286.000000 195.000000
283.000000 159.000000
284.000000 131.000000
282.000000 97.000000
270.000000 64.000000
238.000000 50.000000
170.000000 122.000000
155.000000 117.000000
141.000000 114.000000
126.000000 112.000000
112.000000 115.000000
112.000000 121.000000
126.000000 121.000000
140.000000 123.000000
154.000000 127.000000
167.000000 132.000000
280.000000 124.000000
267.000000 121.000000
253.000000 121.000000
238.000000 123.000000
226.000000 127.000000
227.000000 135.000000
240.000000 132.000000
254.000000 130.000000
267.000000 129.000000
278.000000 131.000000
167.000000 155.000000
158.000000 143.000000
145.000000 138.000000
132.000000 139.000000
116.000000 147.000000
130.000000 152.000000
143.000000 154.000000
155.000000 155.000000
267.000000 155.000000
254.000000 147.000000
241.000000 144.000000
231.000000 148.000000
221.000000 156.000000
231.000000 159.000000
243.000000 160.000000
255.000000 159.000000
141.000000 145.000000
241.000000 152.000000
181.000000 152.000000
177.000000 168.000000
172.000000 184.000000
165.000000 198.000000
166.000000 213.000000
177.000000 219.000000
197.000000 226.000000
212.000000 225.000000
230.000000 215.000000
226.000000 201.000000
218.000000 188.000000
214.000000 170.000000
210.000000 154.000000
230.000000 251.000000
215.000000 248.000000
201.000000 245.000000
189.000000 248.000000
178.000000 244.000000
158.000000 243.000000
137.000000 246.000000
151.000000 265.000000
164.000000 279.000000
178.000000 286.000000
192.000000 288.000000
209.000000 285.000000
222.000000 270.000000
