207.000000 28.000000
170.000000 24.000000
135.000000 42.000000
108.000000 69.000000
79.000000 97.000000
64.000000 141.000000
57.000000 182.000000
71.000000 229.000000
95.000000 272.000000
128.000000 306.000000
168.000000 331.000000
211.000000 331.000000
250.000000 310.000000
272.000000 274.000000
291.000000 241.000000
308.000000 212.000000
312.000000 184.000000
309.000000 145.000000
300.000000 105.000000
297.000000 73.000000
277.000000 50.000000
244.000000 39.000000
182.000000 118.000000
165.000000 111.000000
144.000000 111.000000
130.000000 115.000000
115.000000 120.000000
122.000000 130.000000
133.000000 123.000000
146.000000 119.000000
164.000000 123.000000
178.000000 127.000000
291.000000 122.000000
285.000000 123.000000
275.000000 125.000000
268.000000 130.000000
257.000000 135.000000
260.000000 138.000000
269.000000 135.000000
279.000000 132.000000
286.000000 131.000000
294.000000 129.000000
188.000000 158.000000
174.000000 142.000000
161.000000 137.000000
147.000000 138.000000
137.000000 145.000000
146.000000 154.000000
156.000000 156.000000
168.000000 161.000000
293.000000 151.000000
278.000000 139.000000
265.000000 139.000000
254.000000 144.000000
243.000000 159.000000
258.000000 161.000000
269.000000 156.000000
280.000000 153.000000
156.000000 144.000000
267.000000 146.000000
202.000000 150.000000
200.000000 170.000000
196.000000 189.000000
189.000000 207.000000
184.000000 223.000000
190.000000 237.000000
215.000000 242.000000
233.000000 241.000000
249.000000 224.000000
242.000000 208.000000
236.000000 190.000000
232.000000 171.000000
230.000000 150.000000
258.000000 265.000000
241.000000 265.000000
226.000000 267.000000
215.000000 269.000000
203.000000 268.000000
186.000000 273.000000
167.000000 274.000000
180.000000 285.000000
193.000000 293.000000
207.000000 296.000000
222.000000 296.000000
236.000000 291.000000
246.000000 283.000000
