183.000000 26.000000
142.000000 32.000000
113.000000 50.000000
90.000000 88.000000
71.000000 116.000000
59.000000 154.000000
56.000000 186.000000
58.000000 226.000000
75.000000 263.000000
99.000000 293.000000
129.000000 321.000000
170.000000 336.000000
214.000000 322.000000
240.000000 297.000000
259.000000 263.000000
268.000000 232.000000
273.000000 196.000000
275.000000 165.000000
279.000000 132.000000
269.000000 97.000000
255.000000 56.000000
227.000000 32.000000
158.000000 125.000000
142.000000 119.000000
127.000000 116.000000
113.000000 116.000000
104.000000 135.000000
103.000000 128.000000
114.000000 125.000000
128.000000 126.000000
142.000000 129.000000
156.000000 133.000000
262.000000 130.000000
252.000000 125.000000
239.000000 125.000000
226.000000 129.000000
216.000000 132.000000
217.000000 138.000000
228.000000 137.000000
240.000000 134.000000
252.000000 132.000000
261.000000 137.000000
157.000000 157.000000
148.000000 148.000000
136.000000 143.000000
125.000000 144.000000
114.000000 149.000000
122.000000 156.000000
133.000000 158.000000
145.000000 158.000000
248.000000 156.000000
239.000000 149.000000
228.000000 147.000000
217.000000 150.000000
208.000000 158.000000
218.000000 162.000000
229.000000 163.000000
241.000000 161.000000
134.000000 150.000000
228.000000 155.000000
172.000000 155.000000
176.000000 168.000000
175.000000 182.000000
167.000000 205.000000
153.000000 211.000000
163.000000 227.000000
182.000000 232.000000
199.000000 229.000000
216.000000 222.000000
210.000000 206.000000
204.000000 191.000000
201.000000 174.000000
199.000000 156.000000
222.000000 252.000000
205.000000 247.000000
193.000000 249.000000
180.000000 251.000000
167.000000 247.000000
148.000000 242.000000
130.000000 246.000000
143.000000 266.000000
154.000000 276.000000
169.000000 282.000000
182.000000 287.000000
201.000000 283.000000
209.000000 270.000000
