137.000000 24.000000
102.000000 38.000000
70.000000 61.000000
61.000000 97.000000
51.000000 130.000000
52.000000 164.000000
57.000000 198.000000
66.000000 232.000000
76.000000 267.000000
99.000000 300.000000
139.000000 319.000000
183.000000 322.000000
230.000000 307.000000
268.000000 278.000000
285.000000 236.000000
281.000000 198.000000
279.000000 159.000000
268.000000 123.000000
256.000000 90.000000
247.000000 59.000000
220.000000 36.000000
180.000000 20.000000
115.000000 117.000000
105.000000 114.000000
91.000000 112.000000
77.000000 112.000000
65.000000 118.000000
68.000000 136.000000
81.000000 125.000000
93.000000 125.000000
107.000000 125.000000
119.000000 129.000000
235.000000 96.000000
220.000000 92.000000
204.000000 89.000000
189.000000 93.000000
175.000000 102.000000
177.000000 112.000000
194.000000 107.000000
209.000000 102.000000
220.000000 103.000000
232.000000 105.000000
123.000000 146.000000
112.000000 138.000000
100.000000 136.000000
89.000000 140.000000
78.000000 151.000000
91.000000 153.000000
101.000000 153.000000
111.000000 151.000000
230.000000 127.000000
211.000000 118.000000
199.000000 118.000000
190.000000 124.000000
180.000000 134.000000
192.000000 134.000000
204.000000 135.000000
216.000000 131.000000
101.000000 144.000000
201.000000 125.000000
132.000000 139.000000
133.000000 157.000000
131.000000 175.000000
130.000000 192.000000
128.000000 211.000000
145.000000 215.000000
161.000000 216.000000
180.000000 208.000000
194.000000 196.000000
187.000000 182.000000
178.000000 168.000000
172.000000 152.000000
165.000000 133.000000
225.000000 230.000000
197.000000 231.000000
179.000000 230.000000
167.000000 236.000000
154.000000 234.000000
138.000000 242.000000
119.000000 251.000000
135.000000 261.000000
149.000000 268.000000
165.000000 270.000000
181.000000 268.000000
196.000000 259.000000
209.000000 247.000000
