171.000000 46.000000
139.000000 52.000000
98.000000 61.000000
87.000000 91.000000
73.000000 121.000000
69.000000 154.000000
69.000000 189.000000
74.000000 222.000000
82.000000 257.000000
101.000000 288.000000
127.000000 314.000000
169.000000 328.000000
213.000000 316.000000
248.000000 291.000000
267.000000 258.000000
276.000000 223.000000
280.000000 187.000000
279.000000 149.000000
273.000000 117.000000
257.000000 88.000000
234.000000 65.000000
204.000000 50.000000
136.000000 118.000000
122.000000 115.000000
109.000000 114.000000
95.000000 115.000000
83.000000 120.000000
86.000000 127.000000
98.000000 125.000000
110.000000 124.000000
122.000000 125.000000
134.000000 127.000000
250.000000 112.000000
236.000000 109.000000
221.000000 110.000000
206.000000 112.000000
192.000000 115.000000
194.000000 125.000000
208.000000 122.000000
223.000000 120.000000
237.000000 119.000000
249.000000 119.000000
137.000000 150.000000
128.000000 141.000000
116.000000 137.000000
104.000000 140.000000
89.000000 149.000000
105.000000 152.000000
114.000000 153.000000
124.000000 152.000000
244.000000 145.000000
229.000000 136.000000
216.000000 134.000000
204.000000 138.000000
193.000000 146.000000
205.000000 148.000000
216.000000 148.000000
228.000000 148.000000
115.000000 145.000000
216.000000 141.000000
148.000000 145.000000
146.000000 163.000000
142.000000 180.000000
137.000000 197.000000
134.000000 205.000000
145.000000 215.000000
167.000000 220.000000
182.000000 214.000000
195.000000 208.000000
192.000000 194.000000
181.000000 179.000000
176.000000 163.000000
179.000000 145.000000
216.000000 245.000000
196.000000 236.000000
180.000000 236.000000
166.000000 240.000000
153.000000 237.000000
136.000000 237.000000
121.000000 242.000000
131.000000 263.000000
142.000000 273.000000
160.000000 278.000000
176.000000 276.000000
193.000000 270.000000
209.000000 261.000000
