185.000000 35.000000
143.000000 41.000000
116.000000 64.000000
94.000000 88.000000
75.000000 116.000000
65.000000 148.000000
65.000000 187.000000
66.000000 226.000000
74.000000 261.000000
93.000000 291.000000
117.000000 319.000000
154.000000 336.000000
196.000000 327.000000
224.000000 305.000000
248.000000 276.000000
262.000000 245.000000
272.000000 210.000000
279.000000 175.000000
282.000000 142.000000
284.000000 105.000000
264.000000 64.000000
235.000000 47.000000
154.000000 131.000000
139.000000 124.000000
123.000000 120.000000
107.000000 118.000000
93.000000 122.000000
94.000000 128.000000
108.000000 126.000000
123.000000 128.000000
139.000000 133.000000
153.000000 139.000000
266.000000 143.000000
254.000000 138.000000
240.000000 135.000000
226.000000 136.000000
211.000000 140.000000
212.000000 148.000000
226.000000 145.000000
241.000000 144.000000
253.000000 144.000000
263.000000 148.000000
150.000000 161.000000
143.000000 148.000000
131.000000 141.000000
117.000000 141.000000
106.000000 147.000000
114.000000 155.000000
125.000000 159.000000
137.000000 160.000000
250.000000 168.000000
242.000000 159.000000
229.000000 155.000000
217.000000 158.000000
207.000000 167.000000
218.000000 171.000000
230.000000 173.000000
241.000000 173.000000
127.000000 149.000000
227.000000 163.000000
164.000000 158.000000
159.000000 174.000000
153.000000 190.000000
146.000000 205.000000
139.000000 216.000000
152.000000 231.000000
167.000000 237.000000
186.000000 235.000000
200.000000 227.000000
198.000000 213.000000
194.000000 197.000000
193.000000 179.000000
193.000000 161.000000
211.000000 264.000000
194.000000 257.000000
180.000000 251.000000
166.000000 253.000000
155.000000 248.000000
135.000000 245.000000
115.000000 243.000000
129.000000 270.000000
141.000000 281.000000
155.000000 287.000000
169.000000 289.000000
185.000000 285.000000
199.000000 277.000000
