170.000000 53.000000
135.000000 54.000000
102.000000 71.000000
78.000000 98.000000
76.000000 139.000000
71.000000 171.000000
75.000000 206.000000
83.000000 240.000000
95.000000 273.000000
115.000000 300.000000
140.000000 324.000000
175.000000 339.000000
209.000000 326.000000
238.000000 300.000000
252.000000 273.000000
259.000000 242.000000
269.000000 209.000000
278.000000 172.000000
273.000000 140.000000
259.000000 111.000000
252.000000 77.000000
219.000000 55.000000
147.000000 147.000000
133.000000 143.000000
120.000000 140.000000
107.000000 138.000000
94.000000 140.000000
94.000000 147.000000
107.000000 147.000000
119.000000 149.000000
132.000000 152.000000
143.000000 155.000000
261.000000 139.000000
249.000000 138.000000
235.000000 142.000000
221.000000 145.000000
208.000000 150.000000
210.000000 156.000000
222.000000 152.000000
236.000000 149.000000
249.000000 146.000000
260.000000 146.000000
150.000000 176.000000
141.000000 166.000000
129.000000 162.000000
117.000000 164.000000
108.000000 171.000000
116.000000 178.000000
128.000000 179.000000
140.000000 178.000000
247.000000 171.000000
237.000000 164.000000
225.000000 162.000000
215.000000 167.000000
207.000000 176.000000
217.000000 178.000000
229.000000 179.000000
239.000000 177.000000
126.000000 170.000000
226.000000 170.000000
163.000000 173.000000
161.000000 191.000000
157.000000 207.000000
152.000000 225.000000
150.000000 241.000000
162.000000 249.000000
178.000000 255.000000
194.000000 249.000000
207.000000 240.000000
204.000000 224.000000
199.000000 208.000000
195.000000 192.000000
193.000000 173.000000
212.000000 278.000000
198.000000 274.000000
187.000000 270.000000
178.000000 274.000000
166.000000 270.000000
154.000000 274.000000
141.000000 278.000000
149.000000 291.000000
157.000000 300.000000
170.000000 306.000000
184.000000 307.000000
195.000000 300.000000
207.000000 293.000000
