192.000000 60.000000
145.000000 71.000000
129.000000 96.000000
121.000000 122.000000
109.000000 149.000000
105.000000 178.000000
103.000000 213.000000
105.000000 242.000000
119.000000 274.000000
145.000000 299.000000
172.000000 317.000000
208.000000 329.000000
242.000000 311.000000
257.000000 286.000000
275.000000 265.000000
287.000000 236.000000
291.000000 205.000000
292.000000 173.000000
286.000000 144.000000
285.000000 108.000000
266.000000 68.000000
226.000000 59.000000
183.000000 149.000000
169.000000 144.000000
155.000000 142.000000
142.000000 142.000000
130.000000 147.000000
132.000000 155.000000
144.000000 153.000000
156.000000 152.000000
169.000000 153.000000
180.000000 156.000000
275.000000 145.000000
264.000000 141.000000
252.000000 141.000000
240.000000 144.000000
228.000000 149.000000
231.000000 155.000000
242.000000 152.000000
253.000000 150.000000
264.000000 149.000000
273.000000 151.000000
182.000000 176.000000
173.000000 168.000000
161.000000 164.000000
150.000000 166.000000
141.000000 170.000000
151.000000 176.000000
160.000000 178.000000
169.000000 177.000000
269.000000 171.000000
262.000000 163.000000
246.000000 164.000000
236.000000 167.000000
229.000000 174.000000
239.000000 177.000000
248.000000 177.000000
258.000000 175.000000
159.000000 171.000000
247.000000 170.000000
196.000000 174.000000
194.000000 189.000000
189.000000 203.000000
187.000000 222.000000
184.000000 236.000000
198.000000 244.000000
213.000000 249.000000
226.000000 242.000000
233.000000 229.000000
229.000000 213.000000
223.000000 202.000000
219.000000 189.000000
216.000000 173.000000
244.000000 256.000000
232.000000 255.000000
225.000000 262.000000
208.000000 265.000000
195.000000 263.000000
182.000000 257.000000
162.000000 260.000000
179.000000 272.000000
189.000000 279.000000
201.000000 283.000000
214.000000 283.000000
226.000000 277.000000
235.000000 269.000000
