167.000000 46.000000
130.000000 47.000000
100.000000 66.000000
81.000000 95.000000
74.000000 126.000000
70.000000 156.000000
71.000000 189.000000
76.000000 223.000000
85.000000 256.000000
104.000000 284.000000
129.000000 303.000000
166.000000 329.000000
207.000000 301.000000
237.000000 279.000000
258.000000 251.000000
264.000000 218.000000
267.000000 185.000000
267.000000 152.000000
261.000000 121.000000
247.000000 94.000000
224.000000 73.000000
202.000000 54.000000
137.000000 130.000000
125.000000 124.000000
114.000000 120.000000
105.000000 118.000000
93.000000 120.000000
94.000000 128.000000
106.000000 127.000000
110.000000 126.000000
120.000000 133.000000
130.000000 139.000000
227.000000 126.000000
218.000000 124.000000
207.000000 121.000000
195.000000 122.000000
186.000000 129.000000
189.000000 134.000000
198.000000 130.000000
207.000000 129.000000
217.000000 131.000000
225.000000 132.000000
137.000000 157.000000
130.000000 150.000000
119.000000 146.000000
109.000000 147.000000
98.000000 156.000000
108.000000 156.000000
117.000000 158.000000
126.000000 157.000000
225.000000 149.000000
215.000000 145.000000
206.000000 145.000000
197.000000 149.000000
189.000000 153.000000
198.000000 154.000000
208.000000 155.000000
218.000000 153.000000
119.000000 152.000000
209.000000 150.000000
148.000000 154.000000
146.000000 169.000000
142.000000 182.000000
137.000000 195.000000
135.000000 208.000000
148.000000 215.000000
163.000000 218.000000
176.000000 212.000000
190.000000 205.000000
186.000000 193.000000
181.000000 181.000000
179.000000 169.000000
176.000000 154.000000
204.000000 238.000000
188.000000 234.000000
175.000000 232.000000
165.000000 236.000000
152.000000 233.000000
139.000000 236.000000
127.000000 241.000000
137.000000 259.000000
147.000000 269.000000
163.000000 274.000000
177.000000 272.000000
189.000000 264.000000
197.000000 255.000000
