180.000000 26.000000
142.000000 31.000000
108.000000 48.000000
80.000000 75.000000
63.000000 109.000000
56.000000 146.000000
53.000000 186.000000
56.000000 227.000000
64.000000 262.000000
88.000000 298.000000
135.000000 326.000000
182.000000 332.000000
225.000000 314.000000
267.000000 292.000000
291.000000 260.000000
299.000000 225.000000
308.000000 189.000000
306.000000 147.000000
295.000000 112.000000
280.000000 76.000000
251.000000 50.000000
217.000000 32.000000
157.000000 113.000000
141.000000 108.000000
126.000000 104.000000
109.000000 109.000000
98.000000 115.000000
100.000000 126.000000
110.000000 121.000000
125.000000 116.000000
140.000000 118.000000
155.000000 122.000000
273.000000 112.000000
259.000000 107.000000
245.000000 107.000000
230.000000 109.000000
216.000000 112.000000
217.000000 121.000000
231.000000 119.000000
246.000000 118.000000
259.000000 118.000000
271.000000 120.000000
154.000000 142.000000
145.000000 131.000000
132.000000 127.000000
119.000000 129.000000
105.000000 139.000000
119.000000 143.000000
129.000000 144.000000
140.000000 144.000000
266.000000 139.000000
251.000000 130.000000
237.000000 128.000000
225.000000 131.000000
216.000000 141.000000
227.000000 145.000000
239.000000 146.000000
251.000000 145.000000
130.000000 134.000000
242.000000 133.000000
171.000000 141.000000
166.000000 157.000000
161.000000 174.000000
153.000000 191.000000
157.000000 202.000000
169.000000 212.000000
185.000000 214.000000
204.000000 211.000000
219.000000 205.000000
222.000000 190.000000
210.000000 174.000000
205.000000 158.000000
201.000000 141.000000
234.000000 243.000000
209.000000 242.000000
196.000000 239.000000
185.000000 242.000000
173.000000 240.000000
157.000000 242.000000
135.000000 244.000000
152.000000 259.000000
164.000000 265.000000
178.000000 268.000000
192.000000 268.000000
203.000000 264.000000
214.000000 258.000000
