178.000000 30.000000
139.000000 40.000000
113.000000 56.000000
95.000000 88.000000
78.000000 118.000000
71.000000 151.000000
71.000000 186.000000
73.000000 223.000000
81.000000 259.000000
104.000000 290.000000
132.000000 318.000000
173.000000 334.000000
213.000000 326.000000
242.000000 303.000000
270.000000 273.000000
276.000000 234.000000
281.000000 197.000000
287.000000 162.000000
283.000000 129.000000
276.000000 97.000000
259.000000 56.000000
215.000000 34.000000
158.000000 121.000000
143.000000 116.000000
129.000000 112.000000
115.000000 111.000000
102.000000 115.000000
102.000000 123.000000
116.000000 122.000000
130.000000 124.000000
143.000000 128.000000
156.000000 131.000000
268.000000 128.000000
255.000000 121.000000
241.000000 120.000000
227.000000 122.000000
212.000000 125.000000
214.000000 134.000000
228.000000 132.000000
242.000000 131.000000
255.000000 131.000000
265.000000 134.000000
155.000000 153.000000
146.000000 143.000000
134.000000 138.000000
122.000000 139.000000
112.000000 144.000000
120.000000 151.000000
132.000000 153.000000
144.000000 153.000000
250.000000 154.000000
241.000000 147.000000
230.000000 144.000000
220.000000 147.000000
210.000000 155.000000
220.000000 157.000000
230.000000 158.000000
240.000000 160.000000
130.000000 145.000000
230.000000 151.000000
167.000000 149.000000
163.000000 165.000000
159.000000 181.000000
152.000000 196.000000
147.000000 210.000000
161.000000 219.000000
180.000000 226.000000
197.000000 218.000000
212.000000 212.000000
208.000000 198.000000
203.000000 184.000000
199.000000 167.000000
197.000000 151.000000
230.000000 247.000000
206.000000 245.000000
192.000000 243.000000
179.000000 246.000000
165.000000 241.000000
149.000000 241.000000
128.000000 239.000000
140.000000 262.000000
155.000000 272.000000
170.000000 279.000000
184.000000 279.000000
198.000000 276.000000
216.000000 270.000000
