202.000000 45.000000
164.000000 36.000000
130.000000 47.000000
102.000000 82.000000
78.000000 112.000000
71.000000 149.000000
69.000000 188.000000
79.000000 228.000000
92.000000 265.000000
120.000000 290.000000
151.000000 316.000000
189.000000 331.000000
231.000000 315.000000
258.000000 291.000000
280.000000 266.000000
293.000000 236.000000
297.000000 200.000000
298.000000 164.000000
294.000000 127.000000
283.000000 94.000000
268.000000 69.000000
237.000000 52.000000
176.000000 132.000000
161.000000 127.000000
145.000000 122.000000
130.000000 120.000000
116.000000 123.000000
118.000000 130.000000
130.000000 129.000000
144.000000 131.000000
159.000000 136.000000
173.000000 140.000000
289.000000 136.000000
262.000000 136.000000
251.000000 142.000000
244.000000 145.000000
235.000000 150.000000
239.000000 154.000000
247.000000 149.000000
257.000000 146.000000
266.000000 143.000000
285.000000 142.000000
175.000000 161.000000
167.000000 150.000000
155.000000 143.000000
141.000000 144.000000
131.000000 151.000000
139.000000 158.000000
151.000000 161.000000
164.000000 162.000000
273.000000 162.000000
263.000000 153.000000
250.000000 151.000000
239.000000 155.000000
231.000000 165.000000
241.000000 169.000000
253.000000 170.000000
265.000000 168.000000
152.000000 151.000000
251.000000 159.000000
190.000000 161.000000
185.000000 177.000000
180.000000 193.000000
170.000000 206.000000
180.000000 225.000000
193.000000 230.000000
201.000000 235.000000
215.000000 239.000000
228.000000 228.000000
227.000000 213.000000
221.000000 197.000000
218.000000 180.000000
216.000000 163.000000
238.000000 252.000000
224.000000 250.000000
210.000000 248.000000
197.000000 246.000000
182.000000 244.000000
166.000000 237.000000
143.000000 241.000000
148.000000 263.000000
160.000000 276.000000
173.000000 286.000000
188.000000 288.000000
207.000000 286.000000
227.000000 277.000000
