158.000000 52.000000
115.000000 73.000000
88.000000 101.000000
80.000000 124.000000
74.000000 151.000000
70.000000 181.000000
71.000000 214.000000
74.000000 242.000000
89.000000 276.000000
112.000000 300.000000
135.000000 320.000000
173.000000 338.000000
216.000000 321.000000
240.000000 297.000000
262.000000 273.000000
275.000000 234.000000
276.000000 209.000000
282.000000 175.000000
258.000000 146.000000
263.000000 109.000000
242.000000 69.000000
197.000000 50.000000
147.000000 146.000000
135.000000 142.000000
123.000000 140.000000
108.000000 144.000000
98.000000 148.000000
99.000000 159.000000
109.000000 154.000000
123.000000 151.000000
135.000000 152.000000
146.000000 155.000000
247.000000 144.000000
236.000000 140.000000
224.000000 139.000000
212.000000 140.000000
200.000000 144.000000
202.000000 153.000000
214.000000 151.000000
226.000000 149.000000
237.000000 150.000000
246.000000 152.000000
148.000000 177.000000
140.000000 169.000000
130.000000 165.000000
120.000000 165.000000
110.000000 171.000000
118.000000 177.000000
128.000000 178.000000
137.000000 178.000000
235.000000 169.000000
226.000000 163.000000
215.000000 163.000000
206.000000 166.000000
198.000000 174.000000
209.000000 176.000000
219.000000 176.000000
228.000000 175.000000
126.000000 170.000000
216.000000 169.000000
160.000000 173.000000
157.000000 188.000000
152.000000 202.000000
145.000000 215.000000
142.000000 230.000000
155.000000 234.000000
172.000000 232.000000
189.000000 234.000000
203.000000 226.000000
200.000000 214.000000
194.000000 202.000000
190.000000 190.000000
186.000000 173.000000
224.000000 254.000000
197.000000 253.000000
183.000000 251.000000
173.000000 254.000000
162.000000 252.000000
146.000000 253.000000
128.000000 250.000000
141.000000 271.000000
152.000000 278.000000
166.000000 281.000000
180.000000 281.000000
193.000000 276.000000
204.000000 268.000000
