120.000000 50.000000
82.000000 69.000000
65.000000 100.000000
57.000000 132.000000
51.000000 163.000000
61.000000 193.000000
66.000000 225.000000
81.000000 254.000000
99.000000 285.000000
121.000000 309.000000
148.000000 324.000000
185.000000 327.000000
220.000000 309.000000
248.000000 277.000000
273.000000 244.000000
272.000000 209.000000
267.000000 175.000000
258.000000 140.000000
232.000000 110.000000
217.000000 86.000000
193.000000 71.000000
156.000000 52.000000
109.000000 143.000000
96.000000 142.000000
84.000000 141.000000
71.000000 143.000000
61.000000 149.000000
63.000000 156.000000
74.000000 151.000000
86.000000 151.000000
98.000000 152.000000
109.000000 152.000000
215.000000 113.000000
202.000000 110.000000
187.000000 112.000000
174.000000 117.000000
162.000000 123.000000
166.000000 133.000000
179.000000 127.000000
191.000000 121.000000
203.000000 118.000000
214.000000 119.000000
118.000000 180.000000
110.000000 172.000000
97.000000 169.000000
86.000000 174.000000
76.000000 182.000000
89.000000 188.000000
100.000000 188.000000
110.000000 184.000000
221.000000 150.000000
200.000000 145.000000
188.000000 146.000000
180.000000 153.000000
173.000000 163.000000
184.000000 164.000000
196.000000 163.000000
206.000000 158.000000
100.000000 178.000000
191.000000 154.000000
128.000000 171.000000
126.000000 188.000000
126.000000 202.000000
120.000000 220.000000
124.000000 234.000000
143.000000 234.000000
158.000000 230.000000
167.000000 228.000000
174.000000 223.000000
176.000000 209.000000
168.000000 195.000000
162.000000 179.000000
157.000000 163.000000
201.000000 257.000000
186.000000 254.000000
173.000000 249.000000
155.000000 245.000000
144.000000 254.000000
129.000000 262.000000
129.000000 275.000000
138.000000 285.000000
152.000000 284.000000
166.000000 283.000000
178.000000 280.000000
187.000000 274.000000
194.000000 266.000000
