136.000000 26.000000
98.000000 49.000000
67.000000 69.000000
55.000000 106.000000
51.000000 140.000000
56.000000 166.000000
59.000000 205.000000
75.000000 237.000000
88.000000 267.000000
108.000000 299.000000
125.000000 325.000000
162.000000 335.000000
202.000000 334.000000
234.000000 309.000000
267.000000 282.000000
294.000000 235.000000
297.000000 192.000000
292.000000 146.000000
278.000000 109.000000
252.000000 76.000000
212.000000 48.000000
174.000000 27.000000
117.000000 131.000000
100.000000 128.000000
84.000000 125.000000
68.000000 124.000000
54.000000 128.000000
56.000000 136.000000
70.000000 134.000000
84.000000 135.000000
100.000000 137.000000
115.000000 140.000000
234.000000 115.000000
219.000000 110.000000
203.000000 113.000000
189.000000 117.000000
174.000000 123.000000
177.000000 132.000000
192.000000 127.000000
205.000000 122.000000
219.000000 119.000000
232.000000 121.000000
119.000000 164.000000
111.000000 154.000000
97.000000 150.000000
84.000000 154.000000
75.000000 161.000000
86.000000 167.000000
98.000000 169.000000
109.000000 167.000000
226.000000 147.000000
210.000000 141.000000
197.000000 142.000000
186.000000 148.000000
179.000000 159.000000
190.000000 161.000000
202.000000 160.000000
214.000000 156.000000
99.000000 158.000000
200.000000 149.000000
128.000000 157.000000
125.000000 178.000000
124.000000 196.000000
117.000000 212.000000
113.000000 225.000000
124.000000 234.000000
139.000000 239.000000
153.000000 235.000000
171.000000 226.000000
172.000000 210.000000
171.000000 195.000000
167.000000 178.000000
163.000000 158.000000
191.000000 271.000000
178.000000 266.000000
167.000000 262.000000
157.000000 264.000000
148.000000 263.000000
132.000000 265.000000
123.000000 273.000000
125.000000 289.000000
140.000000 294.000000
154.000000 295.000000
166.000000 291.000000
176.000000 287.000000
184.000000 280.000000
