234.000000 19.000000
198.000000 18.000000
164.000000 28.000000
135.000000 48.000000
113.000000 77.000000
100.000000 109.000000
88.000000 149.000000
85.000000 190.000000
89.000000 231.000000
97.000000 266.000000
129.000000 298.000000
193.000000 324.000000
236.000000 309.000000
264.000000 283.000000
276.000000 252.000000
288.000000 218.000000
295.000000 186.000000
295.000000 159.000000
299.000000 131.000000
300.000000 104.000000
294.000000 72.000000
262.000000 33.000000
204.000000 96.000000
187.000000 88.000000
171.000000 83.000000
152.000000 81.000000
134.000000 86.000000
136.000000 94.000000
153.000000 91.000000
170.000000 94.000000
185.000000 99.000000
200.000000 106.000000
291.000000 109.000000
279.000000 106.000000
270.000000 105.000000
260.000000 106.000000
252.000000 108.000000
253.000000 117.000000
264.000000 114.000000
274.000000 115.000000
284.000000 115.000000
291.000000 115.000000
192.000000 137.000000
186.000000 125.000000
171.000000 117.000000
157.000000 117.000000
145.000000 123.000000
153.000000 131.000000
168.000000 135.000000
181.000000 136.000000
287.000000 155.000000
281.000000 142.000000
270.000000 135.000000
257.000000 138.000000
247.000000 145.000000
257.000000 150.000000
270.000000 153.000000
280.000000 155.000000
170.000000 126.000000
267.000000 144.000000
210.000000 136.000000
204.000000 157.000000
200.000000 179.000000
191.000000 189.000000
194.000000 202.000000
203.000000 212.000000
216.000000 217.000000
230.000000 216.000000
245.000000 213.000000
255.000000 195.000000
251.000000 178.000000
245.000000 164.000000
236.000000 141.000000
241.000000 251.000000
229.000000 246.000000
219.000000 242.000000
206.000000 243.000000
194.000000 238.000000
180.000000 242.000000
169.000000 245.000000
181.000000 254.000000
190.000000 260.000000
196.000000 267.000000
212.000000 278.000000
228.000000 275.000000
235.000000 265.000000
