170.000000 32.000000
132.000000 36.000000
98.000000 54.000000
79.000000 87.000000
72.000000 121.000000
67.000000 153.000000
64.000000 189.000000
66.000000 223.000000
74.000000 259.000000
92.000000 289.000000
117.000000 316.000000
160.000000 334.000000
205.000000 318.000000
238.000000 294.000000
261.000000 264.000000
273.000000 229.000000
278.000000 193.000000
278.000000 156.000000
273.000000 124.000000
265.000000 90.000000
246.000000 53.000000
208.000000 35.000000
139.000000 116.000000
124.000000 110.000000
110.000000 107.000000
95.000000 108.000000
82.000000 115.000000
84.000000 121.000000
97.000000 119.000000
112.000000 119.000000
124.000000 122.000000
136.000000 125.000000
252.000000 120.000000
238.000000 112.000000
222.000000 110.000000
206.000000 112.000000
190.000000 117.000000
193.000000 126.000000
207.000000 122.000000
223.000000 120.000000
237.000000 121.000000
248.000000 126.000000
137.000000 151.000000
128.000000 141.000000
116.000000 137.000000
105.000000 139.000000
95.000000 144.000000
102.000000 150.000000
114.000000 153.000000
126.000000 153.000000
237.000000 149.000000
227.000000 142.000000
215.000000 139.000000
203.000000 142.000000
192.000000 150.000000
203.000000 154.000000
215.000000 155.000000
227.000000 154.000000
116.000000 144.000000
215.000000 147.000000
149.000000 145.000000
144.000000 164.000000
140.000000 180.000000
135.000000 195.000000
129.000000 211.000000
143.000000 221.000000
160.000000 226.000000
178.000000 221.000000
193.000000 211.000000
188.000000 196.000000
182.000000 181.000000
179.000000 166.000000
177.000000 146.000000
221.000000 245.000000
191.000000 242.000000
175.000000 240.000000
160.000000 245.000000
147.000000 244.000000
133.000000 237.000000
114.000000 240.000000
126.000000 262.000000
138.000000 275.000000
153.000000 281.000000
168.000000 282.000000
183.000000 276.000000
196.000000 266.000000
