231.000000 25.000000
187.000000 23.000000
147.000000 22.000000
108.000000 48.000000
86.000000 92.000000
74.000000 133.000000
71.000000 177.000000
73.000000 219.000000
84.000000 260.000000
105.000000 297.000000
131.000000 329.000000
170.000000 348.000000
218.000000 351.000000
251.000000 328.000000
279.000000 296.000000
295.000000 264.000000
315.000000 229.000000
322.000000 189.000000
325.000000 151.000000
329.000000 104.000000
316.000000 61.000000
286.000000 32.000000
188.000000 131.000000
171.000000 123.000000
153.000000 115.000000
139.000000 117.000000
120.000000 120.000000
122.000000 129.000000
139.000000 127.000000
150.000000 127.000000
167.000000 134.000000
183.000000 141.000000
315.000000 143.000000
300.000000 138.000000
284.000000 140.000000
271.000000 143.000000
257.000000 147.000000
259.000000 157.000000
272.000000 154.000000
283.000000 151.000000
299.000000 149.000000
312.000000 151.000000
177.000000 166.000000
178.000000 148.000000
159.000000 142.000000
145.000000 140.000000
123.000000 148.000000
136.000000 158.000000
151.000000 163.000000
161.000000 166.000000
306.000000 178.000000
289.000000 162.000000
270.000000 159.000000
256.000000 163.000000
248.000000 174.000000
256.000000 179.000000
270.000000 182.000000
291.000000 183.000000
154.000000 151.000000
270.000000 167.000000
188.000000 169.000000
201.000000 182.000000
194.000000 199.000000
189.000000 219.000000
181.000000 234.000000
182.000000 244.000000
197.000000 251.000000
225.000000 257.000000
246.000000 243.000000
242.000000 223.000000
237.000000 207.000000
235.000000 188.000000
236.000000 172.000000
240.000000 293.000000
227.000000 285.000000
212.000000 287.000000
199.000000 285.000000
181.000000 284.000000
169.000000 285.000000
160.000000 290.000000
169.000000 301.000000
176.000000 305.000000
186.000000 311.000000
199.000000 314.000000
212.000000 314.000000
226.000000 309.000000
