138.000000 38.000000
99.000000 54.000000
76.000000 75.000000
66.000000 109.000000
65.000000 139.000000
71.000000 178.000000
74.000000 209.000000
85.000000 243.000000
102.000000 275.000000
123.000000 301.000000
132.000000 323.000000
157.000000 335.000000
202.000000 320.000000
237.000000 294.000000
269.000000 263.000000
282.000000 223.000000
284.000000 185.000000
270.000000 145.000000
254.000000 112.000000
234.000000 81.000000
205.000000 58.000000
174.000000 37.000000
112.000000 133.000000
95.000000 130.000000
80.000000 129.000000
66.000000 129.000000
54.000000 133.000000
57.000000 138.000000
68.000000 137.000000
80.000000 137.000000
95.000000 138.000000
109.000000 140.000000
226.000000 118.000000
209.000000 116.000000
195.000000 118.000000
180.000000 122.000000
166.000000 128.000000
168.000000 135.000000
183.000000 130.000000
196.000000 127.000000
210.000000 124.000000
224.000000 124.000000
113.000000 161.000000
105.000000 152.000000
92.000000 149.000000
80.000000 152.000000
71.000000 158.000000
80.000000 164.000000
91.000000 166.000000
103.000000 164.000000
214.000000 148.000000
202.000000 142.000000
190.000000 142.000000
179.000000 148.000000
171.000000 155.000000
182.000000 157.000000
194.000000 157.000000
205.000000 155.000000
94.000000 157.000000
194.000000 148.000000
126.000000 157.000000
124.000000 174.000000
121.000000 191.000000
116.000000 207.000000
115.000000 224.000000
129.000000 232.000000
146.000000 235.000000
162.000000 229.000000
170.000000 219.000000
165.000000 205.000000
155.000000 196.000000
152.000000 180.000000
155.000000 154.000000
194.000000 260.000000
175.000000 256.000000
161.000000 253.000000
150.000000 258.000000
136.000000 255.000000
124.000000 260.000000
111.000000 266.000000
124.000000 276.000000
134.000000 281.000000
146.000000 284.000000
159.000000 283.000000
171.000000 277.000000
182.000000 270.000000
