150.000000 24.000000
113.000000 37.000000
85.000000 64.000000
64.000000 97.000000
49.000000 125.000000
62.000000 153.000000
61.000000 188.000000
64.000000 219.000000
76.000000 258.000000
90.000000 284.000000
103.000000 309.000000
137.000000 326.000000
181.000000 312.000000
209.000000 288.000000
236.000000 265.000000
249.000000 229.000000
257.000000 194.000000
253.000000 154.000000
251.000000 123.000000
236.000000 98.000000
222.000000 68.000000
199.000000 37.000000
112.000000 123.000000
98.000000 119.000000
84.000000 117.000000
71.000000 117.000000
59.000000 122.000000
61.000000 130.000000
73.000000 128.000000
86.000000 128.000000
98.000000 130.000000
110.000000 133.000000
222.000000 127.000000
208.000000 119.000000
192.000000 117.000000
176.000000 119.000000
160.000000 124.000000
162.000000 134.000000
178.000000 130.000000
194.000000 128.000000
208.000000 129.000000
219.000000 133.000000
113.000000 155.000000
105.000000 145.000000
93.000000 139.000000
81.000000 141.000000
71.000000 148.000000
80.000000 154.000000
91.000000 157.000000
101.000000 157.000000
207.000000 152.000000
197.000000 143.000000
185.000000 141.000000
173.000000 145.000000
163.000000 155.000000
175.000000 157.000000
187.000000 158.000000
198.000000 158.000000
92.000000 147.000000
186.000000 149.000000
122.000000 151.000000
119.000000 168.000000
115.000000 183.000000
110.000000 198.000000
107.000000 212.000000
119.000000 221.000000
135.000000 227.000000
152.000000 221.000000
166.000000 211.000000
162.000000 198.000000
157.000000 185.000000
154.000000 168.000000
151.000000 152.000000
184.000000 246.000000
169.000000 242.000000
152.000000 240.000000
138.000000 244.000000
123.000000 240.000000
109.000000 243.000000
96.000000 245.000000
106.000000 259.000000
117.000000 269.000000
132.000000 276.000000
145.000000 276.000000
160.000000 270.000000
173.000000 261.000000
