191.000000 89.000000
163.000000 90.000000
137.000000 94.000000
111.000000 108.000000
98.000000 148.000000
94.000000 189.000000
100.000000 220.000000
108.000000 246.000000
122.000000 271.000000
145.000000 293.000000
166.000000 309.000000
197.000000 312.000000
224.000000 298.000000
243.000000 277.000000
257.000000 253.000000
264.000000 228.000000
272.000000 203.000000
276.000000 177.000000
272.000000 151.000000
272.000000 123.000000
244.000000 97.000000
216.000000 88.000000
173.000000 159.000000
161.000000 156.000000
149.000000 154.000000
138.000000 154.000000
127.000000 158.000000
129.000000 164.000000
139.000000 163.000000
150.000000 163.000000
161.000000 164.000000
172.000000 167.000000
261.000000 156.000000
251.000000 153.000000
240.000000 156.000000
230.000000 158.000000
219.000000 162.000000
221.000000 169.000000
231.000000 165.000000
241.000000 163.000000
251.000000 161.000000
260.000000 162.000000
176.000000 184.000000
169.000000 176.000000
159.000000 173.000000
150.000000 175.000000
141.000000 180.000000
150.000000 187.000000
158.000000 188.000000
166.000000 187.000000
259.000000 179.000000
243.000000 173.000000
233.000000 172.000000
225.000000 176.000000
219.000000 184.000000
227.000000 186.000000
236.000000 187.000000
245.000000 185.000000
165.000000 182.000000
239.000000 178.000000
185.000000 180.000000
188.000000 191.000000
184.000000 208.000000
183.000000 216.000000
179.000000 228.000000
184.000000 240.000000
197.000000 244.000000
212.000000 241.000000
220.000000 232.000000
217.000000 219.000000
213.000000 206.000000
211.000000 194.000000
209.000000 180.000000
224.000000 261.000000
214.000000 257.000000
205.000000 258.000000
197.000000 257.000000
189.000000 258.000000
177.000000 258.000000
165.000000 261.000000
173.000000 270.000000
182.000000 277.000000
192.000000 280.000000
202.000000 280.000000
210.000000 276.000000
217.000000 269.000000
