172.000000 36.000000
133.000000 40.000000
101.000000 69.000000
78.000000 94.000000
64.000000 124.000000
60.000000 158.000000
65.000000 193.000000
68.000000 228.000000
79.000000 262.000000
102.000000 291.000000
132.000000 318.000000
176.000000 332.000000
215.000000 317.000000
245.000000 288.000000
267.000000 255.000000
274.000000 220.000000
276.000000 186.000000
276.000000 149.000000
270.000000 116.000000
253.000000 87.000000
228.000000 50.000000
201.000000 37.000000
139.000000 131.000000
125.000000 127.000000
111.000000 125.000000
96.000000 124.000000
82.000000 128.000000
83.000000 136.000000
98.000000 134.000000
112.000000 135.000000
125.000000 138.000000
136.000000 142.000000
249.000000 124.000000
237.000000 120.000000
223.000000 120.000000
209.000000 122.000000
195.000000 128.000000
197.000000 138.000000
210.000000 133.000000
223.000000 130.000000
236.000000 129.000000
247.000000 131.000000
140.000000 163.000000
133.000000 153.000000
121.000000 149.000000
108.000000 150.000000
98.000000 156.000000
108.000000 162.000000
120.000000 164.000000
131.000000 164.000000
236.000000 154.000000
227.000000 149.000000
214.000000 147.000000
202.000000 152.000000
194.000000 161.000000
205.000000 163.000000
217.000000 163.000000
228.000000 160.000000
119.000000 156.000000
215.000000 154.000000
153.000000 157.000000
149.000000 176.000000
146.000000 192.000000
141.000000 207.000000
137.000000 218.000000
151.000000 227.000000
168.000000 227.000000
187.000000 225.000000
201.000000 216.000000
194.000000 207.000000
188.000000 192.000000
183.000000 176.000000
180.000000 157.000000
217.000000 251.000000
199.000000 245.000000
184.000000 246.000000
174.000000 245.000000
159.000000 245.000000
139.000000 243.000000
120.000000 248.000000
136.000000 269.000000
149.000000 278.000000
167.000000 281.000000
180.000000 279.000000
194.000000 274.000000
204.000000 269.000000
