123.000000 48.000000
87.000000 60.000000
63.000000 84.000000
53.000000 118.000000
51.000000 158.000000
57.000000 193.000000
64.000000 230.000000
76.000000 261.000000
91.000000 284.000000
113.000000 310.000000
132.000000 329.000000
167.000000 339.000000
211.000000 319.000000
241.000000 291.000000
262.000000 259.000000
276.000000 227.000000
278.000000 183.000000
272.000000 145.000000
255.000000 110.000000
233.000000 73.000000
196.000000 48.000000
162.000000 46.000000
102.000000 146.000000
88.000000 145.000000
73.000000 145.000000
60.000000 145.000000
49.000000 151.000000
51.000000 157.000000
62.000000 153.000000
74.000000 153.000000
88.000000 153.000000
101.000000 154.000000
218.000000 120.000000
201.000000 120.000000
186.000000 123.000000
171.000000 128.000000
158.000000 135.000000
161.000000 143.000000
175.000000 136.000000
189.000000 132.000000
203.000000 128.000000
216.000000 127.000000
108.000000 172.000000
99.000000 166.000000
87.000000 165.000000
77.000000 170.000000
70.000000 176.000000
79.000000 179.000000
89.000000 179.000000
98.000000 177.000000
206.000000 151.000000
195.000000 146.000000
183.000000 148.000000
173.000000 154.000000
166.000000 162.000000
177.000000 163.000000
188.000000 162.000000
198.000000 158.000000
89.000000 171.000000
188.000000 153.000000
121.000000 169.000000
120.000000 185.000000
119.000000 202.000000
117.000000 219.000000
116.000000 236.000000
130.000000 243.000000
148.000000 244.000000
163.000000 237.000000
177.000000 224.000000
171.000000 209.000000
163.000000 195.000000
156.000000 179.000000
152.000000 163.000000
205.000000 249.000000
184.000000 250.000000
167.000000 255.000000
153.000000 257.000000
143.000000 256.000000
130.000000 259.000000
110.000000 257.000000
125.000000 280.000000
139.000000 290.000000
152.000000 292.000000
165.000000 290.000000
176.000000 284.000000
190.000000 274.000000
