183.000000 25.000000
139.000000 26.000000
102.000000 50.000000
80.000000 81.000000
74.000000 126.000000
72.000000 161.000000
74.000000 199.000000
81.000000 237.000000
94.000000 272.000000
120.000000 302.000000
153.000000 324.000000
198.000000 333.000000
237.000000 316.000000
268.000000 287.000000
285.000000 255.000000
290.000000 218.000000
295.000000 181.000000
295.000000 144.000000
287.000000 110.000000
269.000000 80.000000
242.000000 57.000000
222.000000 38.000000
156.000000 119.000000
141.000000 115.000000
126.000000 112.000000
110.000000 112.000000
97.000000 119.000000
98.000000 129.000000
112.000000 125.000000
127.000000 124.000000
140.000000 127.000000
154.000000 129.000000
272.000000 108.000000
259.000000 102.000000
244.000000 103.000000
230.000000 107.000000
218.000000 113.000000
221.000000 122.000000
233.000000 117.000000
246.000000 114.000000
258.000000 114.000000
270.000000 116.000000
160.000000 153.000000
150.000000 144.000000
135.000000 141.000000
122.000000 143.000000
113.000000 151.000000
125.000000 156.000000
136.000000 157.000000
147.000000 157.000000
259.000000 139.000000
249.000000 133.000000
236.000000 133.000000
226.000000 138.000000
218.000000 147.000000
229.000000 150.000000
240.000000 150.000000
252.000000 147.000000
133.000000 148.000000
240.000000 140.000000
175.000000 147.000000
173.000000 164.000000
170.000000 181.000000
164.000000 199.000000
160.000000 218.000000
176.000000 225.000000
195.000000 228.000000
212.000000 224.000000
226.000000 213.000000
222.000000 197.000000
215.000000 181.000000
209.000000 163.000000
205.000000 145.000000
246.000000 243.000000
224.000000 242.000000
208.000000 246.000000
195.000000 248.000000
182.000000 249.000000
165.000000 248.000000
146.000000 250.000000
155.000000 264.000000
171.000000 272.000000
189.000000 279.000000
203.000000 278.000000
221.000000 269.000000
233.000000 258.000000
