144.000000 36.000000
105.000000 46.000000
86.000000 70.000000
74.000000 94.000000
64.000000 138.000000
78.000000 169.000000
77.000000 200.000000
83.000000 231.000000
96.000000 260.000000
116.000000 285.000000
136.000000 309.000000
175.000000 338.000000
227.000000 312.000000
254.000000 287.000000
278.000000 250.000000
287.000000 213.000000
287.000000 175.000000
282.000000 140.000000
257.000000 111.000000
236.000000 85.000000
217.000000 53.000000
176.000000 32.000000
125.000000 132.000000
111.000000 129.000000
98.000000 129.000000
86.000000 130.000000
74.000000 135.000000
76.000000 141.000000
88.000000 139.000000
100.000000 138.000000
113.000000 139.000000
124.000000 141.000000
229.000000 116.000000
216.000000 113.000000
202.000000 113.000000
188.000000 116.000000
174.000000 122.000000
177.000000 132.000000
191.000000 125.000000
205.000000 122.000000
217.000000 120.000000
227.000000 121.000000
127.000000 165.000000
120.000000 157.000000
110.000000 152.000000
100.000000 156.000000
91.000000 162.000000
100.000000 169.000000
109.000000 171.000000
118.000000 169.000000
221.000000 146.000000
210.000000 141.000000
198.000000 142.000000
188.000000 148.000000
181.000000 158.000000
192.000000 160.000000
205.000000 159.000000
216.000000 154.000000
111.000000 160.000000
201.000000 149.000000
138.000000 158.000000
137.000000 176.000000
136.000000 193.000000
133.000000 208.000000
131.000000 224.000000
143.000000 237.000000
162.000000 234.000000
179.000000 226.000000
192.000000 214.000000
185.000000 201.000000
178.000000 188.000000
172.000000 172.000000
168.000000 155.000000
220.000000 243.000000
191.000000 242.000000
178.000000 247.000000
165.000000 246.000000
153.000000 248.000000
140.000000 249.000000
126.000000 255.000000
136.000000 266.000000
147.000000 276.000000
163.000000 281.000000
178.000000 279.000000
192.000000 271.000000
201.000000 260.000000
