182.000000 36.000000
146.000000 40.000000
112.000000 56.000000
85.000000 81.000000
67.000000 113.000000
60.000000 149.000000
64.000000 189.000000
68.000000 226.000000
81.000000 262.000000
104.000000 291.000000
131.000000 320.000000
172.000000 335.000000
211.000000 321.000000
242.000000 295.000000
270.000000 265.000000
282.000000 233.000000
290.000000 197.000000
295.000000 157.000000
291.000000 121.000000
275.000000 87.000000
250.000000 61.000000
218.000000 43.000000
156.000000 119.000000
141.000000 112.000000
126.000000 108.000000
111.000000 106.000000
97.000000 110.000000
99.000000 118.000000
112.000000 117.000000
124.000000 119.000000
139.000000 122.000000
152.000000 128.000000
275.000000 124.000000
263.000000 117.000000
249.000000 115.000000
234.000000 117.000000
217.000000 122.000000
219.000000 131.000000
235.000000 127.000000
249.000000 124.000000
261.000000 125.000000
270.000000 130.000000
155.000000 147.000000
145.000000 137.000000
134.000000 132.000000
123.000000 133.000000
112.000000 138.000000
120.000000 145.000000
133.000000 149.000000
145.000000 149.000000
255.000000 150.000000
248.000000 143.000000
235.000000 140.000000
224.000000 143.000000
214.000000 150.000000
225.000000 154.000000
235.000000 156.000000
246.000000 155.000000
130.000000 139.000000
236.000000 146.000000
169.000000 143.000000
165.000000 163.000000
159.000000 179.000000
152.000000 194.000000
145.000000 211.000000
159.000000 220.000000
179.000000 227.000000
199.000000 223.000000
213.000000 214.000000
208.000000 199.000000
202.000000 184.000000
199.000000 166.000000
198.000000 146.000000
224.000000 251.000000
204.000000 247.000000
192.000000 245.000000
178.000000 242.000000
164.000000 240.000000
143.000000 240.000000
118.000000 236.000000
139.000000 264.000000
151.000000 275.000000
168.000000 281.000000
183.000000 282.000000
197.000000 276.000000
209.000000 266.000000
