175.000000 42.000000
139.000000 46.000000
108.000000 56.000000
86.000000 79.000000
73.000000 126.000000
77.000000 158.000000
72.000000 191.000000
76.000000 224.000000
86.000000 258.000000
105.000000 287.000000
130.000000 314.000000
172.000000 330.000000
213.000000 316.000000
240.000000 288.000000
261.000000 258.000000
273.000000 224.000000
278.000000 189.000000
279.000000 154.000000
273.000000 121.000000
258.000000 92.000000
240.000000 69.000000
214.000000 52.000000
138.000000 127.000000
123.000000 122.000000
108.000000 119.000000
95.000000 118.000000
85.000000 122.000000
87.000000 129.000000
97.000000 128.000000
109.000000 129.000000
122.000000 131.000000
136.000000 135.000000
248.000000 117.000000
233.000000 113.000000
219.000000 115.000000
205.000000 118.000000
190.000000 123.000000
193.000000 131.000000
207.000000 127.000000
222.000000 124.000000
235.000000 122.000000
247.000000 124.000000
139.000000 155.000000
130.000000 147.000000
119.000000 143.000000
108.000000 145.000000
101.000000 150.000000
108.000000 155.000000
118.000000 157.000000
128.000000 156.000000
235.000000 148.000000
224.000000 142.000000
212.000000 141.000000
202.000000 146.000000
193.000000 153.000000
203.000000 154.000000
215.000000 154.000000
227.000000 153.000000
116.000000 149.000000
215.000000 148.000000
151.000000 153.000000
146.000000 170.000000
141.000000 185.000000
134.000000 200.000000
128.000000 213.000000
144.000000 223.000000
159.000000 229.000000
181.000000 222.000000
199.000000 210.000000
195.000000 197.000000
188.000000 184.000000
183.000000 169.000000
179.000000 153.000000
225.000000 246.000000
196.000000 243.000000
181.000000 246.000000
166.000000 245.000000
153.000000 245.000000
139.000000 246.000000
118.000000 245.000000
134.000000 263.000000
145.000000 274.000000
161.000000 280.000000
177.000000 280.000000
196.000000 274.000000
208.000000 264.000000
