187.000000 36.000000
151.000000 39.000000
117.000000 45.000000
90.000000 76.000000
72.000000 106.000000
63.000000 141.000000
61.000000 178.000000
61.000000 215.000000
67.000000 256.000000
88.000000 290.000000
119.000000 318.000000
159.000000 339.000000
208.000000 326.000000
244.000000 301.000000
275.000000 269.000000
288.000000 237.000000
290.000000 197.000000
292.000000 159.000000
289.000000 124.000000
276.000000 90.000000
259.000000 59.000000
225.000000 41.000000
156.000000 117.000000
140.000000 109.000000
124.000000 104.000000
107.000000 103.000000
92.000000 109.000000
94.000000 117.000000
108.000000 115.000000
124.000000 117.000000
139.000000 122.000000
152.000000 127.000000
271.000000 127.000000
257.000000 117.000000
241.000000 116.000000
226.000000 117.000000
211.000000 122.000000
213.000000 132.000000
228.000000 129.000000
243.000000 127.000000
256.000000 128.000000
267.000000 133.000000
152.000000 151.000000
143.000000 140.000000
131.000000 134.000000
118.000000 136.000000
107.000000 142.000000
117.000000 149.000000
129.000000 152.000000
140.000000 152.000000
252.000000 155.000000
243.000000 147.000000
231.000000 145.000000
220.000000 149.000000
211.000000 156.000000
222.000000 159.000000
233.000000 161.000000
244.000000 160.000000
129.000000 143.000000
233.000000 152.000000
165.000000 149.000000
161.000000 169.000000
156.000000 187.000000
149.000000 203.000000
142.000000 218.000000
155.000000 228.000000
173.000000 236.000000
193.000000 231.000000
206.000000 223.000000
202.000000 209.000000
198.000000 191.000000
196.000000 173.000000
196.000000 152.000000
218.000000 260.000000
199.000000 255.000000
184.000000 251.000000
171.000000 254.000000
160.000000 249.000000
142.000000 250.000000
122.000000 250.000000
134.000000 267.000000
146.000000 278.000000
160.000000 288.000000
174.000000 290.000000
190.000000 284.000000
203.000000 274.000000
