171.000000 48.000000
137.000000 54.000000
99.000000 53.000000
76.000000 89.000000
67.000000 127.000000
62.000000 161.000000
69.000000 199.000000
76.000000 236.000000
89.000000 269.000000
110.000000 296.000000
133.000000 321.000000
171.000000 333.000000
213.000000 321.000000
242.000000 298.000000
266.000000 267.000000
279.000000 233.000000
280.000000 196.000000
278.000000 157.000000
279.000000 123.000000
263.000000 92.000000
250.000000 54.000000
211.000000 41.000000
136.000000 131.000000
121.000000 127.000000
107.000000 124.000000
93.000000 122.000000
79.000000 126.000000
81.000000 135.000000
94.000000 134.000000
108.000000 136.000000
122.000000 138.000000
135.000000 142.000000
253.000000 127.000000
239.000000 123.000000
225.000000 125.000000
209.000000 128.000000
195.000000 133.000000
197.000000 143.000000
212.000000 138.000000
227.000000 136.000000
240.000000 134.000000
252.000000 135.000000
137.000000 163.000000
130.000000 152.000000
117.000000 147.000000
103.000000 150.000000
93.000000 157.000000
102.000000 163.000000
114.000000 167.000000
126.000000 166.000000
242.000000 157.000000
231.000000 149.000000
218.000000 147.000000
206.000000 152.000000
197.000000 162.000000
209.000000 166.000000
223.000000 167.000000
235.000000 164.000000
118.000000 156.000000
218.000000 156.000000
149.000000 158.000000
146.000000 177.000000
142.000000 194.000000
137.000000 210.000000
134.000000 226.000000
148.000000 233.000000
166.000000 239.000000
185.000000 232.000000
200.000000 224.000000
196.000000 209.000000
190.000000 192.000000
186.000000 177.000000
182.000000 158.000000
217.000000 256.000000
198.000000 258.000000
182.000000 257.000000
169.000000 261.000000
156.000000 257.000000
142.000000 261.000000
125.000000 260.000000
139.000000 272.000000
151.000000 280.000000
164.000000 285.000000
177.000000 284.000000
191.000000 279.000000
205.000000 270.000000
