168.000000 51.000000
130.000000 64.000000
96.000000 80.000000
85.000000 114.000000
72.000000 144.000000
69.000000 177.000000
72.000000 212.000000
79.000000 247.000000
92.000000 279.000000
115.000000 304.000000
144.000000 327.000000
181.000000 338.000000
219.000000 323.000000
248.000000 295.000000
269.000000 266.000000
277.000000 236.000000
280.000000 200.000000
281.000000 164.000000
276.000000 131.000000
265.000000 101.000000
251.000000 77.000000
216.000000 53.000000
139.000000 136.000000
126.000000 134.000000
113.000000 134.000000
103.000000 136.000000
92.000000 137.000000
94.000000 146.000000
104.000000 145.000000
114.000000 142.000000
128.000000 145.000000
140.000000 149.000000
256.000000 125.000000
246.000000 123.000000
231.000000 124.000000
219.000000 130.000000
205.000000 136.000000
208.000000 143.000000
221.000000 139.000000
234.000000 134.000000
246.000000 134.000000
256.000000 135.000000
143.000000 165.000000
135.000000 157.000000
123.000000 153.000000
111.000000 155.000000
101.000000 162.000000
110.000000 168.000000
122.000000 169.000000
134.000000 168.000000
246.000000 153.000000
233.000000 147.000000
221.000000 146.000000
211.000000 151.000000
201.000000 161.000000
214.000000 162.000000
225.000000 162.000000
236.000000 159.000000
121.000000 160.000000
223.000000 153.000000
156.000000 159.000000
158.000000 178.000000
155.000000 195.000000
146.000000 209.000000
142.000000 221.000000
160.000000 234.000000
177.000000 238.000000
195.000000 233.000000
209.000000 221.000000
205.000000 206.000000
197.000000 194.000000
192.000000 174.000000
189.000000 158.000000
222.000000 256.000000
206.000000 252.000000
191.000000 252.000000
178.000000 253.000000
164.000000 250.000000
148.000000 253.000000
132.000000 262.000000
146.000000 274.000000
160.000000 285.000000
176.000000 288.000000
186.000000 286.000000
196.000000 280.000000
208.000000 272.000000
