178.000000 26.000000
144.000000 30.000000
119.000000 43.000000
101.000000 62.000000
91.000000 98.000000
91.000000 124.000000
93.000000 153.000000
99.000000 187.000000
104.000000 212.000000
121.000000 237.000000
144.000000 256.000000
174.000000 266.000000
202.000000 256.000000
226.000000 237.000000
245.000000 213.000000
254.000000 186.000000
262.000000 156.000000
266.000000 125.000000
262.000000 97.000000
259.000000 67.000000
238.000000 41.000000
212.000000 25.000000
148.000000 104.000000
136.000000 100.000000
124.000000 98.000000
113.000000 97.000000
103.000000 99.000000
104.000000 104.000000
113.000000 102.000000
123.000000 103.000000
134.000000 106.000000
145.000000 109.000000
246.000000 99.000000
235.000000 98.000000
223.000000 98.000000
212.000000 100.000000
201.000000 103.000000
202.000000 109.000000
213.000000 106.000000
224.000000 104.000000
234.000000 103.000000
245.000000 105.000000
151.000000 129.000000
144.000000 119.000000
133.000000 115.000000
122.000000 117.000000
114.000000 122.000000
122.000000 128.000000
131.000000 130.000000
141.000000 130.000000
236.000000 125.000000
228.000000 118.000000
218.000000 117.000000
208.000000 121.000000
201.000000 129.000000
210.000000 131.000000
220.000000 132.000000
229.000000 130.000000
133.000000 122.000000
218.000000 123.000000
163.000000 125.000000
160.000000 139.000000
157.000000 153.000000
152.000000 166.000000
148.000000 180.000000
159.000000 188.000000
174.000000 193.000000
188.000000 189.000000
199.000000 181.000000
197.000000 168.000000
193.000000 154.000000
191.000000 141.000000
189.000000 126.000000
207.000000 214.000000
194.000000 210.000000
183.000000 206.000000
175.000000 209.000000
165.000000 206.000000
153.000000 210.000000
139.000000 214.000000
150.000000 222.000000
160.000000 227.000000
170.000000 229.000000
180.000000 229.000000
190.000000 226.000000
199.000000 221.000000
