160.000000 36.000000
128.000000 34.000000
83.000000 45.000000
70.000000 97.000000
70.000000 125.000000
66.000000 165.000000
64.000000 198.000000
72.000000 231.000000
80.000000 261.000000
91.000000 285.000000
108.000000 305.000000
141.000000 328.000000
179.000000 320.000000
209.000000 299.000000
241.000000 272.000000
258.000000 242.000000
266.000000 206.000000
270.000000 167.000000
259.000000 131.000000
246.000000 103.000000
234.000000 65.000000
197.000000 42.000000
119.000000 132.000000
105.000000 128.000000
91.000000 124.000000
78.000000 123.000000
66.000000 128.000000
68.000000 135.000000
80.000000 131.000000
92.000000 134.000000
104.000000 137.000000
117.000000 140.000000
229.000000 132.000000
215.000000 126.000000
201.000000 125.000000
186.000000 127.000000
171.000000 130.000000
174.000000 139.000000
188.000000 136.000000
202.000000 134.000000
215.000000 134.000000
226.000000 137.000000
117.000000 165.000000
111.000000 155.000000
100.000000 150.000000
89.000000 152.000000
82.000000 159.000000
89.000000 165.000000
98.000000 168.000000
107.000000 167.000000
212.000000 163.000000
204.000000 155.000000
192.000000 153.000000
181.000000 157.000000
173.000000 166.000000
183.000000 169.000000
194.000000 170.000000
205.000000 169.000000
99.000000 158.000000
192.000000 161.000000
129.000000 161.000000
127.000000 178.000000
124.000000 193.000000
119.000000 209.000000
114.000000 224.000000
126.000000 231.000000
140.000000 235.000000
156.000000 232.000000
168.000000 225.000000
165.000000 209.000000
161.000000 194.000000
158.000000 178.000000
158.000000 161.000000
174.000000 266.000000
162.000000 258.000000
151.000000 253.000000
140.000000 256.000000
128.000000 253.000000
118.000000 257.000000
108.000000 264.000000
116.000000 272.000000
125.000000 278.000000
135.000000 281.000000
147.000000 282.000000
157.000000 278.000000
166.000000 273.000000
