173.000000 24.000000
136.000000 29.000000
104.000000 49.000000
82.000000 81.000000
71.000000 125.000000
67.000000 159.000000
69.000000 197.000000
76.000000 235.000000
90.000000 272.000000
114.000000 301.000000
144.000000 322.000000
185.000000 332.000000
221.000000 317.000000
250.000000 290.000000
268.000000 259.000000
277.000000 226.000000
283.000000 190.000000
285.000000 153.000000
279.000000 119.000000
279.000000 82.000000
252.000000 38.000000
211.000000 25.000000
154.000000 123.000000
138.000000 119.000000
122.000000 116.000000
106.000000 115.000000
92.000000 122.000000
94.000000 131.000000
108.000000 127.000000
123.000000 128.000000
137.000000 131.000000
152.000000 134.000000
268.000000 119.000000
255.000000 113.000000
239.000000 114.000000
224.000000 117.000000
209.000000 122.000000
211.000000 132.000000
226.000000 129.000000
241.000000 126.000000
254.000000 124.000000
265.000000 126.000000
155.000000 155.000000
145.000000 144.000000
133.000000 140.000000
119.000000 142.000000
109.000000 150.000000
120.000000 158.000000
130.000000 160.000000
141.000000 159.000000
255.000000 147.000000
246.000000 139.000000
233.000000 137.000000
221.000000 142.000000
212.000000 152.000000
224.000000 156.000000
236.000000 157.000000
248.000000 155.000000
129.000000 148.000000
234.000000 146.000000
168.000000 150.000000
166.000000 167.000000
163.000000 183.000000
159.000000 199.000000
154.000000 216.000000
167.000000 226.000000
184.000000 231.000000
202.000000 226.000000
213.000000 215.000000
208.000000 200.000000
203.000000 185.000000
199.000000 166.000000
198.000000 150.000000
223.000000 258.000000
209.000000 251.000000
196.000000 247.000000
185.000000 252.000000
170.000000 248.000000
155.000000 252.000000
139.000000 258.000000
152.000000 270.000000
164.000000 277.000000
178.000000 282.000000
192.000000 282.000000
204.000000 276.000000
213.000000 268.000000
