161.000000 12.000000
127.000000 19.000000
98.000000 41.000000
77.000000 77.000000
68.000000 120.000000
64.000000 153.000000
70.000000 188.000000
78.000000 225.000000
90.000000 260.000000
113.000000 290.000000
142.000000 312.000000
180.000000 321.000000
223.000000 314.000000
254.000000 283.000000
268.000000 250.000000
280.000000 217.000000
284.000000 183.000000
283.000000 144.000000
270.000000 112.000000
269.000000 53.000000
239.000000 21.000000
198.000000 12.000000
148.000000 112.000000
134.000000 106.000000
119.000000 103.000000
103.000000 101.000000
88.000000 106.000000
89.000000 115.000000
104.000000 113.000000
120.000000 115.000000
134.000000 119.000000
148.000000 123.000000
254.000000 109.000000
244.000000 104.000000
230.000000 103.000000
217.000000 106.000000
205.000000 110.000000
207.000000 121.000000
220.000000 117.000000
232.000000 114.000000
243.000000 113.000000
252.000000 116.000000
148.000000 150.000000
139.000000 140.000000
126.000000 134.000000
113.000000 135.000000
103.000000 143.000000
112.000000 150.000000
124.000000 152.000000
136.000000 151.000000
245.000000 141.000000
235.000000 135.000000
223.000000 133.000000
212.000000 138.000000
204.000000 148.000000
215.000000 151.000000
227.000000 152.000000
239.000000 149.000000
123.000000 142.000000
227.000000 143.000000
163.000000 145.000000
161.000000 163.000000
158.000000 180.000000
152.000000 196.000000
148.000000 211.000000
163.000000 218.000000
178.000000 222.000000
196.000000 218.000000
209.000000 209.000000
204.000000 194.000000
199.000000 179.000000
195.000000 163.000000
191.000000 145.000000
215.000000 250.000000
203.000000 242.000000
190.000000 238.000000
179.000000 241.000000
167.000000 239.000000
152.000000 243.000000
137.000000 251.000000
146.000000 264.000000
158.000000 272.000000
172.000000 278.000000
186.000000 278.000000
199.000000 272.000000
209.000000 262.000000
