175.000000 46.000000
142.000000 50.000000
112.000000 64.000000
88.000000 87.000000
72.000000 116.000000
66.000000 148.000000
71.000000 183.000000
78.000000 217.000000
91.000000 250.000000
108.000000 280.000000
130.000000 308.000000
167.000000 325.000000
206.000000 313.000000
235.000000 286.000000
254.000000 257.000000
266.000000 225.000000
272.000000 191.000000
277.000000 155.000000
273.000000 122.000000
259.000000 92.000000
236.000000 68.000000
207.000000 52.000000
149.000000 121.000000
135.000000 116.000000
122.000000 113.000000
108.000000 111.000000
96.000000 114.000000
97.000000 121.000000
109.000000 121.000000
121.000000 123.000000
134.000000 126.000000
147.000000 130.000000
256.000000 121.000000
245.000000 116.000000
231.000000 117.000000
217.000000 119.000000
203.000000 122.000000
203.000000 131.000000
218.000000 129.000000
232.000000 127.000000
244.000000 126.000000
255.000000 128.000000
148.000000 154.000000
138.000000 143.000000
126.000000 138.000000
114.000000 139.000000
104.000000 146.000000
113.000000 153.000000
124.000000 155.000000
135.000000 155.000000
241.000000 150.000000
233.000000 144.000000
221.000000 143.000000
211.000000 147.000000
201.000000 154.000000
212.000000 157.000000
223.000000 158.000000
233.000000 156.000000
123.000000 146.000000
223.000000 150.000000
159.000000 150.000000
157.000000 167.000000
153.000000 183.000000
148.000000 198.000000
145.000000 214.000000
156.000000 224.000000
173.000000 232.000000
190.000000 225.000000
202.000000 216.000000
199.000000 201.000000
195.000000 187.000000
190.000000 167.000000
189.000000 151.000000
214.000000 252.000000
198.000000 248.000000
183.000000 245.000000
172.000000 249.000000
161.000000 244.000000
146.000000 247.000000
130.000000 248.000000
138.000000 264.000000
148.000000 275.000000
164.000000 283.000000
178.000000 283.000000
193.000000 276.000000
204.000000 266.000000
