188.000000 25.000000
152.000000 19.000000
112.000000 22.000000
82.000000 54.000000
68.000000 90.000000
63.000000 128.000000
63.000000 167.000000
73.000000 206.000000
81.000000 241.000000
97.000000 272.000000
116.000000 298.000000
147.000000 322.000000
188.000000 314.000000
219.000000 294.000000
245.000000 267.000000
264.000000 238.000000
279.000000 206.000000
288.000000 168.000000
291.000000 129.000000
287.000000 88.000000
266.000000 55.000000
225.000000 37.000000
147.000000 116.000000
132.000000 109.000000
118.000000 103.000000
103.000000 99.000000
87.000000 99.000000
88.000000 109.000000
102.000000 111.000000
116.000000 114.000000
130.000000 120.000000
143.000000 125.000000
271.000000 132.000000
256.000000 126.000000
242.000000 127.000000
226.000000 128.000000
211.000000 131.000000
212.000000 139.000000
226.000000 138.000000
241.000000 137.000000
255.000000 137.000000
267.000000 139.000000
145.000000 147.000000
140.000000 134.000000
127.000000 126.000000
112.000000 126.000000
101.000000 131.000000
109.000000 141.000000
120.000000 147.000000
132.000000 148.000000
250.000000 158.000000
241.000000 147.000000
227.000000 143.000000
214.000000 147.000000
205.000000 158.000000
216.000000 163.000000
229.000000 166.000000
242.000000 165.000000
124.000000 136.000000
227.000000 153.000000
161.000000 146.000000
155.000000 164.000000
150.000000 180.000000
141.000000 197.000000
134.000000 212.000000
144.000000 225.000000
162.000000 235.000000
181.000000 232.000000
195.000000 222.000000
192.000000 206.000000
189.000000 188.000000
189.000000 171.000000
190.000000 151.000000
196.000000 259.000000
181.000000 255.000000
171.000000 251.000000
159.000000 254.000000
148.000000 248.000000
133.000000 248.000000
117.000000 247.000000
128.000000 261.000000
138.000000 271.000000
149.000000 278.000000
162.000000 280.000000
174.000000 277.000000
185.000000 270.000000
