185.000000 63.000000
151.000000 63.000000
119.000000 75.000000
104.000000 106.000000
105.000000 135.000000
101.000000 162.000000
103.000000 190.000000
107.000000 218.000000
115.000000 245.000000
130.000000 268.000000
151.000000 289.000000
185.000000 299.000000
220.000000 290.000000
242.000000 268.000000
262.000000 247.000000
271.000000 219.000000
271.000000 191.000000
275.000000 162.000000
270.000000 135.000000
258.000000 111.000000
242.000000 68.000000
216.000000 60.000000
160.000000 130.000000
149.000000 127.000000
138.000000 124.000000
128.000000 125.000000
117.000000 128.000000
119.000000 133.000000
130.000000 131.000000
139.000000 132.000000
149.000000 135.000000
159.000000 138.000000
250.000000 126.000000
238.000000 123.000000
226.000000 122.000000
214.000000 125.000000
204.000000 129.000000
206.000000 136.000000
216.000000 132.000000
227.000000 130.000000
238.000000 130.000000
248.000000 131.000000
160.000000 156.000000
155.000000 148.000000
145.000000 143.000000
135.000000 146.000000
128.000000 151.000000
136.000000 155.000000
144.000000 157.000000
151.000000 157.000000
240.000000 152.000000
232.000000 145.000000
221.000000 144.000000
212.000000 147.000000
205.000000 155.000000
213.000000 157.000000
223.000000 157.000000
233.000000 156.000000
145.000000 150.000000
222.000000 150.000000
170.000000 155.000000
169.000000 171.000000
169.000000 183.000000
167.000000 196.000000
166.000000 206.000000
174.000000 209.000000
182.000000 211.000000
195.000000 208.000000
207.000000 206.000000
204.000000 194.000000
196.000000 184.000000
194.000000 171.000000
195.000000 155.000000
220.000000 240.000000
204.000000 235.000000
193.000000 232.000000
184.000000 234.000000
174.000000 233.000000
163.000000 236.000000
152.000000 240.000000
161.000000 249.000000
169.000000 254.000000
181.000000 257.000000
193.000000 256.000000
204.000000 254.000000
208.000000 246.000000
