167.000000 43.000000
131.000000 46.000000
103.000000 61.000000
85.000000 100.000000
70.000000 128.000000
64.000000 160.000000
70.000000 195.000000
77.000000 227.000000
88.000000 259.000000
107.000000 285.000000
131.000000 307.000000
169.000000 318.000000
202.000000 305.000000
229.000000 283.000000
250.000000 256.000000
259.000000 227.000000
265.000000 197.000000
270.000000 164.000000
266.000000 133.000000
252.000000 104.000000
229.000000 80.000000
202.000000 52.000000
144.000000 135.000000
129.000000 130.000000
115.000000 128.000000
101.000000 126.000000
87.000000 129.000000
87.000000 136.000000
101.000000 135.000000
114.000000 136.000000
128.000000 139.000000
142.000000 144.000000
249.000000 132.000000
237.000000 129.000000
224.000000 129.000000
209.000000 131.000000
193.000000 135.000000
194.000000 143.000000
210.000000 140.000000
225.000000 137.000000
237.000000 136.000000
247.000000 138.000000
140.000000 162.000000
133.000000 152.000000
121.000000 147.000000
110.000000 148.000000
99.000000 154.000000
107.000000 162.000000
118.000000 165.000000
130.000000 165.000000
235.000000 157.000000
228.000000 150.000000
216.000000 148.000000
205.000000 153.000000
196.000000 161.000000
206.000000 165.000000
218.000000 166.000000
229.000000 164.000000
119.000000 155.000000
216.000000 156.000000
153.000000 154.000000
150.000000 171.000000
146.000000 187.000000
142.000000 203.000000
137.000000 219.000000
150.000000 227.000000
166.000000 232.000000
183.000000 228.000000
196.000000 219.000000
191.000000 204.000000
187.000000 189.000000
184.000000 173.000000
181.000000 155.000000
206.000000 252.000000
191.000000 250.000000
178.000000 248.000000
168.000000 251.000000
157.000000 248.000000
142.000000 251.000000
128.000000 253.000000
139.000000 264.000000
149.000000 270.000000
162.000000 273.000000
174.000000 273.000000
185.000000 269.000000
194.000000 262.000000
