152.000000 35.000000
116.000000 42.000000
83.000000 60.000000
57.000000 87.000000
56.000000 128.000000
55.000000 162.000000
62.000000 201.000000
71.000000 233.000000
86.000000 267.000000
102.000000 295.000000
130.000000 322.000000
167.000000 341.000000
208.000000 323.000000
237.000000 293.000000
255.000000 263.000000
272.000000 226.000000
279.000000 192.000000
276.000000 150.000000
269.000000 114.000000
251.000000 81.000000
229.000000 49.000000
193.000000 26.000000
121.000000 135.000000
108.000000 128.000000
92.000000 123.000000
76.000000 123.000000
63.000000 129.000000
66.000000 136.000000
78.000000 135.000000
91.000000 132.000000
105.000000 134.000000
115.000000 142.000000
243.000000 119.000000
230.000000 115.000000
216.000000 116.000000
201.000000 119.000000
177.000000 126.000000
181.000000 136.000000
203.000000 129.000000
217.000000 125.000000
230.000000 123.000000
243.000000 128.000000
124.000000 161.000000
118.000000 151.000000
102.000000 145.000000
88.000000 148.000000
78.000000 156.000000
88.000000 164.000000
100.000000 167.000000
113.000000 167.000000
232.000000 150.000000
222.000000 142.000000
208.000000 140.000000
191.000000 146.000000
184.000000 161.000000
201.000000 162.000000
214.000000 161.000000
225.000000 158.000000
102.000000 155.000000
208.000000 150.000000
137.000000 158.000000
138.000000 179.000000
137.000000 197.000000
133.000000 215.000000
128.000000 233.000000
141.000000 244.000000
160.000000 251.000000
179.000000 243.000000
191.000000 230.000000
184.000000 214.000000
178.000000 196.000000
174.000000 178.000000
172.000000 156.000000
209.000000 275.000000
191.000000 267.000000
173.000000 267.000000
161.000000 269.000000
147.000000 268.000000
139.000000 270.000000
124.000000 276.000000
135.000000 288.000000
145.000000 292.000000
158.000000 296.000000
171.000000 295.000000
184.000000 290.000000
194.000000 281.000000
