169.000000 92.000000
141.000000 101.000000
117.000000 118.000000
100.000000 141.000000
91.000000 169.000000
90.000000 198.000000
95.000000 232.000000
105.000000 263.000000
119.000000 294.000000
143.000000 314.000000
172.000000 326.000000
207.000000 328.000000
238.000000 312.000000
260.000000 290.000000
276.000000 262.000000
278.000000 231.000000
278.000000 201.000000
275.000000 171.000000
266.000000 143.000000
249.000000 119.000000
232.000000 94.000000
201.000000 87.000000
157.000000 157.000000
145.000000 154.000000
132.000000 153.000000
119.000000 154.000000
107.000000 161.000000
110.000000 169.000000
122.000000 165.000000
134.000000 164.000000
146.000000 164.000000
157.000000 165.000000
256.000000 143.000000
245.000000 140.000000
232.000000 140.000000
219.000000 144.000000
209.000000 149.000000
211.000000 157.000000
223.000000 153.000000
236.000000 149.000000
246.000000 149.000000
255.000000 150.000000
162.000000 188.000000
153.000000 181.000000
142.000000 179.000000
132.000000 181.000000
124.000000 187.000000
132.000000 192.000000
141.000000 192.000000
150.000000 191.000000
246.000000 168.000000
236.000000 164.000000
227.000000 165.000000
219.000000 170.000000
212.000000 177.000000
222.000000 178.000000
232.000000 178.000000
241.000000 175.000000
141.000000 185.000000
228.000000 172.000000
174.000000 182.000000
172.000000 196.000000
170.000000 210.000000
166.000000 225.000000
164.000000 238.000000
179.000000 243.000000
195.000000 244.000000
210.000000 237.000000
222.000000 227.000000
217.000000 216.000000
210.000000 205.000000
204.000000 192.000000
198.000000 178.000000
235.000000 257.000000
220.000000 254.000000
207.000000 253.000000
197.000000 257.000000
188.000000 257.000000
174.000000 263.000000
160.000000 269.000000
170.000000 280.000000
182.000000 286.000000
195.000000 288.000000
208.000000 286.000000
219.000000 279.000000
228.000000 269.000000
