180.000000 2.000000
140.000000 9.000000
105.000000 28.000000
78.000000 58.000000
61.000000 94.000000
56.000000 134.000000
63.000000 175.000000
74.000000 212.000000
87.000000 246.000000
111.000000 279.000000
139.000000 306.000000
180.000000 320.000000
225.000000 305.000000
254.000000 274.000000
272.000000 241.000000
283.000000 204.000000
300.000000 166.000000
306.000000 126.000000
304.000000 86.000000
285.000000 51.000000
256.000000 24.000000
220.000000 7.000000
145.000000 112.000000
127.000000 106.000000
109.000000 102.000000
92.000000 97.000000
77.000000 100.000000
78.000000 109.000000
92.000000 108.000000
108.000000 112.000000
125.000000 117.000000
142.000000 122.000000
277.000000 98.000000
259.000000 95.000000
242.000000 100.000000
225.000000 104.000000
208.000000 110.000000
209.000000 120.000000
227.000000 115.000000
243.000000 110.000000
259.000000 106.000000
274.000000 105.000000
147.000000 141.000000
138.000000 128.000000
122.000000 123.000000
107.000000 125.000000
90.000000 131.000000
107.000000 142.000000
120.000000 145.000000
133.000000 145.000000
262.000000 129.000000
247.000000 123.000000
231.000000 122.000000
218.000000 128.000000
208.000000 140.000000
220.000000 144.000000
236.000000 145.000000
249.000000 140.000000
118.000000 131.000000
234.000000 132.000000
162.000000 139.000000
159.000000 158.000000
154.000000 176.000000
149.000000 195.000000
147.000000 213.000000
160.000000 223.000000
176.000000 229.000000
193.000000 222.000000
207.000000 213.000000
204.000000 195.000000
200.000000 177.000000
195.000000 157.000000
193.000000 139.000000
223.000000 252.000000
204.000000 251.000000
190.000000 250.000000
177.000000 254.000000
164.000000 249.000000
148.000000 252.000000
134.000000 253.000000
147.000000 263.000000
158.000000 271.000000
172.000000 275.000000
185.000000 275.000000
198.000000 270.000000
210.000000 264.000000
