146.000000 65.000000
118.000000 71.000000
99.000000 86.000000
85.000000 109.000000
79.000000 149.000000
81.000000 160.000000
80.000000 185.000000
86.000000 210.000000
95.000000 236.000000
111.000000 260.000000
128.000000 286.000000
152.000000 303.000000
195.000000 291.000000
222.000000 270.000000
245.000000 244.000000
256.000000 216.000000
261.000000 185.000000
258.000000 143.000000
241.000000 119.000000
223.000000 97.000000
200.000000 76.000000
174.000000 64.000000
121.000000 140.000000
110.000000 136.000000
97.000000 133.000000
86.000000 131.000000
76.000000 135.000000
78.000000 142.000000
88.000000 141.000000
98.000000 142.000000
110.000000 143.000000
121.000000 146.000000
222.000000 139.000000
209.000000 133.000000
199.000000 133.000000
188.000000 135.000000
175.000000 137.000000
173.000000 147.000000
188.000000 143.000000
199.000000 140.000000
209.000000 141.000000
217.000000 146.000000
130.000000 163.000000
121.000000 155.000000
111.000000 151.000000
100.000000 154.000000
92.000000 160.000000
98.000000 166.000000
109.000000 170.000000
120.000000 169.000000
213.000000 159.000000
199.000000 149.000000
188.000000 148.000000
178.000000 153.000000
171.000000 161.000000
180.000000 164.000000
192.000000 168.000000
204.000000 165.000000
115.000000 158.000000
192.000000 156.000000
136.000000 158.000000
134.000000 174.000000
132.000000 189.000000
130.000000 208.000000
124.000000 217.000000
135.000000 224.000000
149.000000 227.000000
164.000000 222.000000
171.000000 212.000000
163.000000 203.000000
159.000000 189.000000
156.000000 175.000000
153.000000 162.000000
186.000000 248.000000
172.000000 245.000000
161.000000 244.000000
152.000000 248.000000
142.000000 247.000000
132.000000 245.000000
119.000000 243.000000
131.000000 258.000000
139.000000 263.000000
148.000000 266.000000
159.000000 265.000000
168.000000 262.000000
177.000000 256.000000
