148.000000 59.000000
117.000000 64.000000
90.000000 85.000000
72.000000 108.000000
69.000000 141.000000
75.000000 173.000000
80.000000 200.000000
86.000000 229.000000
92.000000 254.000000
106.000000 278.000000
127.000000 302.000000
162.000000 316.000000
197.000000 305.000000
222.000000 288.000000
243.000000 262.000000
253.000000 231.000000
258.000000 197.000000
259.000000 161.000000
253.000000 128.000000
239.000000 92.000000
212.000000 75.000000
181.000000 61.000000
133.000000 140.000000
119.000000 133.000000
103.000000 130.000000
88.000000 130.000000
76.000000 136.000000
81.000000 141.000000
91.000000 141.000000
103.000000 142.000000
117.000000 144.000000
129.000000 149.000000
237.000000 133.000000
224.000000 127.000000
210.000000 128.000000
196.000000 133.000000
181.000000 139.000000
184.000000 148.000000
199.000000 144.000000
212.000000 140.000000
224.000000 138.000000
235.000000 140.000000
136.000000 172.000000
124.000000 161.000000
112.000000 157.000000
101.000000 160.000000
88.000000 165.000000
99.000000 173.000000
110.000000 176.000000
121.000000 175.000000
224.000000 167.000000
213.000000 158.000000
200.000000 157.000000
189.000000 162.000000
180.000000 173.000000
191.000000 179.000000
206.000000 177.000000
215.000000 171.000000
112.000000 166.000000
201.000000 166.000000
145.000000 169.000000
147.000000 184.000000
142.000000 199.000000
135.000000 213.000000
133.000000 224.000000
140.000000 234.000000
158.000000 240.000000
176.000000 236.000000
183.000000 222.000000
176.000000 212.000000
171.000000 199.000000
170.000000 183.000000
168.000000 168.000000
197.000000 258.000000
182.000000 256.000000
170.000000 256.000000
160.000000 259.000000
149.000000 257.000000
138.000000 257.000000
126.000000 260.000000
134.000000 271.000000
144.000000 277.000000
156.000000 280.000000
167.000000 279.000000
178.000000 274.000000
187.000000 268.000000
