133.000000 44.000000
92.000000 62.000000
67.000000 89.000000
65.000000 123.000000
60.000000 154.000000
60.000000 189.000000
68.000000 224.000000
84.000000 262.000000
108.000000 295.000000
136.000000 301.000000
171.000000 318.000000
228.000000 314.000000
268.000000 284.000000
280.000000 251.000000
292.000000 216.000000
287.000000 176.000000
275.000000 146.000000
275.000000 113.000000
257.000000 83.000000
229.000000 61.000000
196.000000 35.000000
161.000000 34.000000
138.000000 135.000000
127.000000 136.000000
113.000000 135.000000
102.000000 140.000000
95.000000 146.000000
98.000000 151.000000
107.000000 147.000000
114.000000 143.000000
127.000000 143.000000
139.000000 146.000000
229.000000 109.000000
217.000000 109.000000
207.000000 111.000000
195.000000 116.000000
187.000000 120.000000
192.000000 130.000000
198.000000 122.000000
211.000000 119.000000
220.000000 116.000000
229.000000 116.000000
140.000000 160.000000
130.000000 154.000000
119.000000 153.000000
110.000000 157.000000
100.000000 173.000000
111.000000 169.000000
122.000000 168.000000
132.000000 164.000000
233.000000 137.000000
224.000000 129.000000
211.000000 130.000000
198.000000 133.000000
193.000000 141.000000
202.000000 142.000000
214.000000 145.000000
224.000000 139.000000
120.000000 160.000000
212.000000 136.000000
151.000000 150.000000
153.000000 165.000000
154.000000 179.000000
152.000000 193.000000
152.000000 209.000000
168.000000 210.000000
185.000000 208.000000
199.000000 201.000000
209.000000 189.000000
201.000000 178.000000
192.000000 167.000000
184.000000 156.000000
177.000000 142.000000
224.000000 219.000000
209.000000 220.000000
197.000000 220.000000
191.000000 226.000000
181.000000 226.000000
169.000000 234.000000
154.000000 242.000000
166.000000 248.000000
177.000000 250.000000
190.000000 249.000000
202.000000 245.000000
211.000000 237.000000
218.000000 229.000000
