162.000000 73.000000
137.000000 75.000000
112.000000 89.000000
93.000000 116.000000
87.000000 143.000000
84.000000 170.000000
91.000000 201.000000
97.000000 226.000000
100.000000 253.000000
116.000000 275.000000
139.000000 291.000000
170.000000 298.000000
205.000000 288.000000
233.000000 275.000000
249.000000 246.000000
254.000000 218.000000
257.000000 190.000000
255.000000 161.000000
252.000000 135.000000
244.000000 110.000000
223.000000 83.000000
194.000000 72.000000
141.000000 139.000000
130.000000 135.000000
119.000000 133.000000
109.000000 133.000000
100.000000 139.000000
102.000000 145.000000
111.000000 143.000000
120.000000 142.000000
130.000000 144.000000
138.000000 147.000000
234.000000 137.000000
224.000000 131.000000
212.000000 129.000000
199.000000 131.000000
187.000000 137.000000
190.000000 145.000000
202.000000 141.000000
213.000000 138.000000
223.000000 139.000000
232.000000 143.000000
145.000000 166.000000
136.000000 155.000000
126.000000 154.000000
115.000000 157.000000
105.000000 164.000000
118.000000 168.000000
126.000000 170.000000
136.000000 171.000000
230.000000 162.000000
214.000000 155.000000
205.000000 154.000000
196.000000 157.000000
189.000000 165.000000
198.000000 167.000000
207.000000 169.000000
216.000000 166.000000
127.000000 162.000000
206.000000 160.000000
153.000000 161.000000
153.000000 174.000000
154.000000 186.000000
148.000000 199.000000
142.000000 213.000000
152.000000 220.000000
165.000000 222.000000
178.000000 218.000000
190.000000 209.000000
185.000000 197.000000
180.000000 185.000000
177.000000 175.000000
175.000000 160.000000
200.000000 244.000000
186.000000 239.000000
175.000000 236.000000
167.000000 240.000000
158.000000 237.000000
148.000000 242.000000
136.000000 247.000000
144.000000 254.000000
153.000000 259.000000
163.000000 262.000000
174.000000 261.000000
185.000000 257.000000
193.000000 252.000000
