152.000000 0.000000
110.000000 0.000000
68.000000 9.000000
52.000000 54.000000
52.000000 96.000000
53.000000 141.000000
58.000000 177.000000
77.000000 219.000000
93.000000 248.000000
114.000000 279.000000
144.000000 310.000000
192.000000 322.000000
239.000000 305.000000
271.000000 278.000000
294.000000 245.000000
303.000000 206.000000
309.000000 159.000000
307.000000 112.000000
295.000000 69.000000
275.000000 27.000000
242.000000 2.000000
196.000000 0.000000
136.000000 82.000000
118.000000 79.000000
99.000000 77.000000
81.000000 80.000000
65.000000 92.000000
68.000000 97.000000
84.000000 89.000000
102.000000 88.000000
119.000000 91.000000
135.000000 93.000000
279.000000 76.000000
260.000000 67.000000
241.000000 65.000000
221.000000 71.000000
204.000000 79.000000
209.000000 88.000000
226.000000 82.000000
243.000000 77.000000
260.000000 76.000000
275.000000 82.000000
137.000000 129.000000
127.000000 118.000000
111.000000 113.000000
97.000000 118.000000
80.000000 130.000000
98.000000 133.000000
111.000000 134.000000
123.000000 132.000000
274.000000 115.000000
246.000000 105.000000
232.000000 104.000000
220.000000 112.000000
212.000000 122.000000
224.000000 124.000000
237.000000 125.000000
257.000000 123.000000
112.000000 123.000000
233.000000 113.000000
153.000000 119.000000
153.000000 138.000000
152.000000 156.000000
148.000000 176.000000
142.000000 197.000000
160.000000 204.000000
181.000000 207.000000
202.000000 200.000000
216.000000 190.000000
209.000000 172.000000
201.000000 155.000000
196.000000 135.000000
193.000000 115.000000
233.000000 243.000000
211.000000 237.000000
198.000000 232.000000
187.000000 239.000000
172.000000 235.000000
157.000000 242.000000
139.000000 250.000000
154.000000 262.000000
168.000000 267.000000
181.000000 270.000000
195.000000 269.000000
209.000000 263.000000
219.000000 253.000000
