175.000000 85.000000
147.000000 88.000000
117.000000 99.000000
97.000000 126.000000
90.000000 153.000000
86.000000 181.000000
90.000000 212.000000
97.000000 243.000000
107.000000 271.000000
127.000000 291.000000
150.000000 307.000000
180.000000 316.000000
207.000000 304.000000
228.000000 286.000000
244.000000 263.000000
253.000000 238.000000
260.000000 209.000000
264.000000 179.000000
259.000000 151.000000
247.000000 127.000000
227.000000 107.000000
202.000000 95.000000
155.000000 165.000000
142.000000 161.000000
129.000000 158.000000
115.000000 158.000000
104.000000 162.000000
106.000000 167.000000
116.000000 163.000000
129.000000 164.000000
141.000000 167.000000
153.000000 171.000000
244.000000 157.000000
232.000000 154.000000
220.000000 155.000000
209.000000 158.000000
199.000000 164.000000
201.000000 169.000000
211.000000 164.000000
221.000000 160.000000
233.000000 159.000000
242.000000 161.000000
154.000000 187.000000
147.000000 179.000000
137.000000 175.000000
127.000000 177.000000
115.000000 182.000000
126.000000 188.000000
135.000000 190.000000
145.000000 189.000000
239.000000 177.000000
224.000000 173.000000
214.000000 173.000000
206.000000 178.000000
200.000000 186.000000
208.000000 188.000000
218.000000 188.000000
227.000000 185.000000
137.000000 182.000000
216.000000 180.000000
166.000000 185.000000
164.000000 197.000000
163.000000 207.000000
160.000000 222.000000
156.000000 234.000000
166.000000 242.000000
178.000000 246.000000
192.000000 242.000000
200.000000 233.000000
197.000000 221.000000
193.000000 208.000000
190.000000 196.000000
188.000000 184.000000
209.000000 258.000000
198.000000 258.000000
188.000000 257.000000
179.000000 260.000000
169.000000 257.000000
158.000000 260.000000
146.000000 261.000000
155.000000 271.000000
164.000000 277.000000
175.000000 281.000000
185.000000 281.000000
194.000000 276.000000
202.000000 269.000000
