190.000000 42.000000
156.000000 37.000000
127.000000 52.000000
106.000000 75.000000
89.000000 109.000000
75.000000 160.000000
70.000000 195.000000
68.000000 230.000000
84.000000 261.000000
105.000000 291.000000
131.000000 316.000000
164.000000 333.000000
197.000000 321.000000
224.000000 300.000000
247.000000 276.000000
262.000000 248.000000
274.000000 219.000000
282.000000 186.000000
281.000000 154.000000
279.000000 110.000000
253.000000 80.000000
225.000000 57.000000
164.000000 139.000000
150.000000 133.000000
135.000000 128.000000
119.000000 127.000000
105.000000 130.000000
106.000000 137.000000
120.000000 136.000000
135.000000 138.000000
148.000000 142.000000
161.000000 147.000000
270.000000 147.000000
257.000000 141.000000
243.000000 141.000000
230.000000 141.000000
216.000000 144.000000
218.000000 152.000000
231.000000 150.000000
244.000000 149.000000
257.000000 149.000000
267.000000 153.000000
159.000000 169.000000
151.000000 159.000000
140.000000 153.000000
128.000000 154.000000
110.000000 160.000000
125.000000 165.000000
136.000000 168.000000
148.000000 168.000000
260.000000 178.000000
244.000000 167.000000
233.000000 164.000000
222.000000 168.000000
212.000000 174.000000
222.000000 176.000000
232.000000 178.000000
243.000000 178.000000
136.000000 160.000000
231.000000 170.000000
173.000000 167.000000
168.000000 183.000000
162.000000 198.000000
154.000000 211.000000
148.000000 225.000000
161.000000 235.000000
177.000000 241.000000
196.000000 239.000000
208.000000 231.000000
206.000000 218.000000
202.000000 204.000000
200.000000 187.000000
199.000000 171.000000
214.000000 262.000000
200.000000 259.000000
186.000000 256.000000
174.000000 258.000000
162.000000 253.000000
146.000000 253.000000
129.000000 252.000000
137.000000 268.000000
148.000000 280.000000
162.000000 288.000000
176.000000 290.000000
191.000000 285.000000
203.000000 276.000000
