190.000000 53.000000
164.000000 58.000000
138.000000 64.000000
118.000000 94.000000
114.000000 125.000000
111.000000 150.000000
115.000000 178.000000
115.000000 206.000000
128.000000 232.000000
147.000000 252.000000
170.000000 269.000000
202.000000 275.000000
230.000000 264.000000
250.000000 244.000000
265.000000 220.000000
265.000000 198.000000
267.000000 169.000000
266.000000 144.000000
264.000000 120.000000
257.000000 96.000000
239.000000 68.000000
219.000000 57.000000
174.000000 122.000000
164.000000 120.000000
154.000000 118.000000
143.000000 118.000000
133.000000 122.000000
135.000000 134.000000
144.000000 130.000000
155.000000 127.000000
164.000000 129.000000
173.000000 130.000000
255.000000 119.000000
247.000000 116.000000
236.000000 116.000000
226.000000 118.000000
215.000000 122.000000
217.000000 129.000000
227.000000 127.000000
237.000000 124.000000
247.000000 124.000000
253.000000 129.000000
175.000000 147.000000
168.000000 140.000000
158.000000 137.000000
149.000000 138.000000
139.000000 146.000000
149.000000 148.000000
158.000000 149.000000
166.000000 148.000000
250.000000 142.000000
238.000000 136.000000
230.000000 135.000000
222.000000 138.000000
216.000000 144.000000
224.000000 146.000000
232.000000 146.000000
240.000000 145.000000
156.000000 143.000000
230.000000 140.000000
186.000000 143.000000
184.000000 155.000000
181.000000 167.000000
180.000000 178.000000
173.000000 190.000000
183.000000 196.000000
197.000000 198.000000
210.000000 195.000000
219.000000 187.000000
215.000000 178.000000
211.000000 167.000000
207.000000 155.000000
205.000000 142.000000
226.000000 217.000000
215.000000 212.000000
206.000000 210.000000
198.000000 212.000000
190.000000 211.000000
179.000000 215.000000
168.000000 221.000000
177.000000 228.000000
185.000000 232.000000
194.000000 234.000000
204.000000 233.000000
213.000000 229.000000
220.000000 224.000000
