175.000000 9.000000
138.000000 3.000000
91.000000 16.000000
68.000000 45.000000
65.000000 85.000000
65.000000 124.000000
67.000000 157.000000
70.000000 194.000000
83.000000 231.000000
100.000000 257.000000
121.000000 289.000000
156.000000 305.000000
197.000000 293.000000
229.000000 270.000000
257.000000 244.000000
274.000000 215.000000
283.000000 179.000000
288.000000 140.000000
285.000000 103.000000
269.000000 69.000000
246.000000 34.000000
215.000000 10.000000
137.000000 104.000000
124.000000 98.000000
109.000000 93.000000
95.000000 89.000000
81.000000 92.000000
82.000000 99.000000
95.000000 99.000000
108.000000 102.000000
122.000000 107.000000
134.000000 112.000000
259.000000 109.000000
245.000000 103.000000
229.000000 102.000000
213.000000 104.000000
197.000000 108.000000
198.000000 116.000000
214.000000 113.000000
229.000000 112.000000
244.000000 111.000000
256.000000 117.000000
138.000000 132.000000
130.000000 120.000000
118.000000 113.000000
104.000000 115.000000
89.000000 122.000000
103.000000 130.000000
115.000000 133.000000
126.000000 134.000000
243.000000 135.000000
230.000000 126.000000
217.000000 123.000000
204.000000 128.000000
195.000000 137.000000
206.000000 141.000000
219.000000 144.000000
231.000000 141.000000
117.000000 123.000000
217.000000 132.000000
150.000000 131.000000
146.000000 149.000000
141.000000 165.000000
134.000000 181.000000
129.000000 197.000000
141.000000 207.000000
159.000000 215.000000
179.000000 209.000000
192.000000 199.000000
189.000000 185.000000
184.000000 170.000000
181.000000 151.000000
180.000000 133.000000
206.000000 235.000000
186.000000 233.000000
171.000000 232.000000
159.000000 236.000000
149.000000 231.000000
133.000000 232.000000
117.000000 230.000000
124.000000 244.000000
139.000000 254.000000
153.000000 261.000000
166.000000 262.000000
180.000000 256.000000
193.000000 247.000000
