172.000000 24.000000
137.000000 31.000000
106.000000 48.000000
81.000000 74.000000
66.000000 106.000000
62.000000 141.000000
64.000000 180.000000
72.000000 218.000000
86.000000 253.000000
108.000000 282.000000
137.000000 307.000000
177.000000 317.000000
218.000000 302.000000
248.000000 275.000000
270.000000 243.000000
282.000000 209.000000
288.000000 172.000000
290.000000 135.000000
283.000000 100.000000
266.000000 68.000000
240.000000 44.000000
208.000000 28.000000
142.000000 113.000000
128.000000 103.000000
114.000000 101.000000
100.000000 100.000000
87.000000 103.000000
89.000000 107.000000
100.000000 110.000000
117.000000 113.000000
129.000000 112.000000
139.000000 120.000000
267.000000 101.000000
251.000000 97.000000
235.000000 97.000000
219.000000 100.000000
205.000000 106.000000
209.000000 116.000000
223.000000 112.000000
238.000000 110.000000
251.000000 106.000000
264.000000 106.000000
147.000000 140.000000
137.000000 128.000000
124.000000 122.000000
110.000000 125.000000
94.000000 133.000000
108.000000 140.000000
121.000000 142.000000
134.000000 141.000000
260.000000 132.000000
240.000000 124.000000
227.000000 123.000000
215.000000 128.000000
206.000000 137.000000
217.000000 140.000000
230.000000 141.000000
243.000000 138.000000
123.000000 132.000000
228.000000 131.000000
160.000000 136.000000
158.000000 153.000000
160.000000 171.000000
151.000000 187.000000
148.000000 206.000000
159.000000 214.000000
176.000000 220.000000
194.000000 213.000000
206.000000 203.000000
202.000000 187.000000
196.000000 171.000000
193.000000 153.000000
192.000000 136.000000
217.000000 241.000000
200.000000 238.000000
187.000000 234.000000
176.000000 238.000000
163.000000 235.000000
148.000000 238.000000
133.000000 243.000000
143.000000 257.000000
154.000000 267.000000
169.000000 272.000000
184.000000 271.000000
197.000000 265.000000
208.000000 255.000000
