166.000000 76.000000
137.000000 81.000000
110.000000 96.000000
90.000000 118.000000
77.000000 145.000000
73.000000 175.000000
77.000000 208.000000
84.000000 241.000000
97.000000 271.000000
118.000000 293.000000
144.000000 312.000000
178.000000 319.000000
209.000000 310.000000
230.000000 285.000000
250.000000 258.000000
259.000000 232.000000
263.000000 202.000000
265.000000 169.000000
260.000000 140.000000
245.000000 113.000000
223.000000 93.000000
196.000000 80.000000
145.000000 150.000000
132.000000 146.000000
119.000000 144.000000
107.000000 142.000000
96.000000 146.000000
97.000000 156.000000
108.000000 151.000000
119.000000 153.000000
131.000000 155.000000
144.000000 158.000000
243.000000 142.000000
232.000000 139.000000
220.000000 141.000000
208.000000 143.000000
196.000000 148.000000
197.000000 155.000000
210.000000 151.000000
222.000000 148.000000
232.000000 146.000000
239.000000 149.000000
147.000000 178.000000
139.000000 168.000000
127.000000 164.000000
115.000000 165.000000
102.000000 171.000000
114.000000 179.000000
125.000000 181.000000
136.000000 181.000000
240.000000 166.000000
224.000000 160.000000
212.000000 160.000000
202.000000 165.000000
195.000000 174.000000
205.000000 177.000000
217.000000 177.000000
228.000000 173.000000
127.000000 171.000000
215.000000 167.000000
160.000000 177.000000
157.000000 191.000000
154.000000 205.000000
148.000000 218.000000
147.000000 232.000000
160.000000 239.000000
175.000000 243.000000
189.000000 237.000000
199.000000 228.000000
188.000000 216.000000
186.000000 203.000000
183.000000 191.000000
182.000000 176.000000
209.000000 259.000000
196.000000 256.000000
186.000000 257.000000
175.000000 258.000000
165.000000 258.000000
153.000000 259.000000
138.000000 265.000000
150.000000 272.000000
160.000000 278.000000
171.000000 282.000000
182.000000 281.000000
192.000000 276.000000
201.000000 269.000000
