174.000000 51.000000
144.000000 53.000000
105.000000 64.000000
88.000000 96.000000
72.000000 134.000000
72.000000 166.000000
78.000000 202.000000
86.000000 237.000000
96.000000 270.000000
115.000000 296.000000
141.000000 317.000000
177.000000 327.000000
213.000000 315.000000
239.000000 292.000000
255.000000 264.000000
264.000000 234.000000
271.000000 202.000000
276.000000 167.000000
274.000000 133.000000
269.000000 98.000000
242.000000 71.000000
211.000000 56.000000
147.000000 133.000000
132.000000 128.000000
118.000000 124.000000
103.000000 124.000000
89.000000 128.000000
90.000000 136.000000
103.000000 134.000000
118.000000 134.000000
132.000000 138.000000
144.000000 141.000000
257.000000 126.000000
245.000000 122.000000
231.000000 123.000000
217.000000 127.000000
204.000000 132.000000
206.000000 140.000000
219.000000 137.000000
233.000000 133.000000
245.000000 131.000000
255.000000 133.000000
146.000000 163.000000
138.000000 151.000000
124.000000 145.000000
111.000000 149.000000
95.000000 158.000000
112.000000 164.000000
123.000000 167.000000
133.000000 166.000000
249.000000 156.000000
237.000000 147.000000
224.000000 145.000000
212.000000 150.000000
204.000000 161.000000
215.000000 165.000000
228.000000 166.000000
240.000000 163.000000
122.000000 157.000000
227.000000 156.000000
159.000000 159.000000
158.000000 177.000000
159.000000 193.000000
154.000000 209.000000
146.000000 225.000000
159.000000 234.000000
174.000000 239.000000
191.000000 234.000000
203.000000 224.000000
199.000000 209.000000
194.000000 192.000000
192.000000 178.000000
189.000000 159.000000
212.000000 261.000000
197.000000 257.000000
185.000000 253.000000
175.000000 257.000000
166.000000 254.000000
152.000000 259.000000
138.000000 265.000000
151.000000 275.000000
160.000000 280.000000
171.000000 283.000000
182.000000 283.000000
192.000000 279.000000
201.000000 272.000000
