171.000000 3.000000
125.000000 7.000000
89.000000 40.000000
67.000000 76.000000
51.000000 112.000000
46.000000 152.000000
50.000000 191.000000
57.000000 229.000000
69.000000 269.000000
90.000000 303.000000
121.000000 329.000000
161.000000 344.000000
217.000000 327.000000
257.000000 298.000000
286.000000 262.000000
297.000000 224.000000
301.000000 182.000000
303.000000 140.000000
294.000000 101.000000
275.000000 66.000000
245.000000 39.000000
221.000000 7.000000
129.000000 109.000000
112.000000 106.000000
96.000000 105.000000
81.000000 105.000000
67.000000 112.000000
69.000000 119.000000
82.000000 116.000000
97.000000 116.000000
112.000000 118.000000
127.000000 121.000000
266.000000 105.000000
251.000000 100.000000
234.000000 100.000000
215.000000 101.000000
198.000000 105.000000
198.000000 116.000000
217.000000 112.000000
235.000000 110.000000
250.000000 109.000000
263.000000 111.000000
132.000000 144.000000
122.000000 133.000000
108.000000 128.000000
90.000000 129.000000
71.000000 140.000000
93.000000 147.000000
105.000000 150.000000
119.000000 150.000000
257.000000 133.000000
238.000000 123.000000
222.000000 123.000000
208.000000 129.000000
197.000000 141.000000
211.000000 145.000000
227.000000 146.000000
244.000000 142.000000
101.000000 134.000000
220.000000 130.000000
144.000000 139.000000
143.000000 160.000000
141.000000 176.000000
133.000000 197.000000
128.000000 219.000000
145.000000 227.000000
163.000000 231.000000
184.000000 226.000000
201.000000 214.000000
196.000000 196.000000
189.000000 179.000000
184.000000 159.000000
181.000000 139.000000
214.000000 271.000000
196.000000 260.000000
179.000000 256.000000
166.000000 261.000000
153.000000 256.000000
136.000000 261.000000
119.000000 272.000000
131.000000 276.000000
144.000000 285.000000
160.000000 290.000000
176.000000 290.000000
190.000000 283.000000
203.000000 274.000000
