152.000000 48.000000
124.000000 56.000000
100.000000 73.000000
82.000000 96.000000
76.000000 118.000000
83.000000 152.000000
91.000000 183.000000
99.000000 208.000000
110.000000 234.000000
122.000000 258.000000
146.000000 274.000000
178.000000 281.000000
212.000000 271.000000
239.000000 247.000000
256.000000 220.000000
260.000000 191.000000
259.000000 160.000000
256.000000 127.000000
248.000000 100.000000
231.000000 76.000000
208.000000 58.000000
181.000000 49.000000
133.000000 126.000000
123.000000 124.000000
109.000000 124.000000
98.000000 126.000000
91.000000 133.000000
92.000000 138.000000
100.000000 137.000000
109.000000 132.000000
121.000000 133.000000
133.000000 132.000000
227.000000 114.000000
216.000000 113.000000
206.000000 113.000000
193.000000 118.000000
179.000000 125.000000
181.000000 132.000000
197.000000 124.000000
205.000000 120.000000
218.000000 119.000000
230.000000 122.000000
139.000000 152.000000
134.000000 143.000000
123.000000 139.000000
112.000000 141.000000
96.000000 149.000000
108.000000 156.000000
119.000000 158.000000
130.000000 158.000000
227.000000 139.000000
210.000000 129.000000
199.000000 129.000000
189.000000 135.000000
182.000000 149.000000
191.000000 147.000000
203.000000 148.000000
213.000000 143.000000
122.000000 146.000000
201.000000 139.000000
149.000000 146.000000
149.000000 160.000000
148.000000 174.000000
144.000000 189.000000
142.000000 203.000000
151.000000 206.000000
159.000000 206.000000
176.000000 206.000000
191.000000 197.000000
185.000000 184.000000
179.000000 172.000000
174.000000 157.000000
172.000000 143.000000
201.000000 229.000000
187.000000 227.000000
177.000000 225.000000
168.000000 229.000000
159.000000 227.000000
150.000000 231.000000
140.000000 234.000000
149.000000 241.000000
157.000000 246.000000
167.000000 248.000000
178.000000 247.000000
188.000000 243.000000
196.000000 237.000000
