167.000000 10.000000
126.000000 14.000000
102.000000 19.000000
82.000000 46.000000
64.000000 92.000000
59.000000 125.000000
65.000000 161.000000
73.000000 196.000000
85.000000 229.000000
109.000000 255.000000
136.000000 277.000000
171.000000 289.000000
206.000000 274.000000
233.000000 251.000000
251.000000 223.000000
261.000000 193.000000
267.000000 159.000000
273.000000 125.000000
267.000000 92.000000
256.000000 59.000000
230.000000 34.000000
199.000000 23.000000
142.000000 92.000000
128.000000 88.000000
114.000000 86.000000
100.000000 85.000000
87.000000 89.000000
88.000000 98.000000
101.000000 96.000000
115.000000 96.000000
128.000000 99.000000
140.000000 102.000000
253.000000 94.000000
241.000000 89.000000
227.000000 89.000000
213.000000 91.000000
201.000000 95.000000
203.000000 103.000000
215.000000 100.000000
228.000000 98.000000
241.000000 98.000000
251.000000 101.000000
144.000000 122.000000
135.000000 112.000000
123.000000 108.000000
110.000000 110.000000
96.000000 118.000000
105.000000 127.000000
122.000000 128.000000
135.000000 127.000000
247.000000 117.000000
235.000000 111.000000
221.000000 109.000000
205.000000 115.000000
197.000000 127.000000
205.000000 129.000000
220.000000 132.000000
235.000000 126.000000
119.000000 118.000000
216.000000 118.000000
159.000000 121.000000
156.000000 137.000000
152.000000 152.000000
147.000000 167.000000
144.000000 182.000000
157.000000 190.000000
172.000000 196.000000
189.000000 190.000000
201.000000 181.000000
197.000000 167.000000
192.000000 154.000000
187.000000 137.000000
185.000000 122.000000
207.000000 218.000000
195.000000 216.000000
183.000000 214.000000
172.000000 218.000000
160.000000 214.000000
146.000000 217.000000
132.000000 218.000000
141.000000 230.000000
152.000000 239.000000
165.000000 244.000000
179.000000 244.000000
190.000000 238.000000
200.000000 230.000000
