173.000000 55.000000
129.000000 59.000000
91.000000 77.000000
72.000000 105.000000
66.000000 144.000000
63.000000 176.000000
68.000000 207.000000
74.000000 241.000000
84.000000 275.000000
105.000000 300.000000
131.000000 321.000000
168.000000 333.000000
207.000000 319.000000
238.000000 295.000000
260.000000 265.000000
267.000000 233.000000
276.000000 201.000000
278.000000 165.000000
272.000000 133.000000
261.000000 101.000000
238.000000 74.000000
213.000000 59.000000
127.000000 143.000000
114.000000 140.000000
103.000000 137.000000
89.000000 139.000000
76.000000 143.000000
80.000000 149.000000
89.000000 145.000000
101.000000 145.000000
114.000000 147.000000
125.000000 150.000000
231.000000 135.000000
223.000000 131.000000
211.000000 132.000000
194.000000 132.000000
181.000000 137.000000
182.000000 145.000000
196.000000 140.000000
211.000000 141.000000
224.000000 141.000000
232.000000 142.000000
131.000000 168.000000
123.000000 160.000000
112.000000 156.000000
102.000000 158.000000
93.000000 164.000000
100.000000 169.000000
110.000000 170.000000
121.000000 169.000000
221.000000 157.000000
212.000000 152.000000
201.000000 152.000000
191.000000 156.000000
182.000000 164.000000
193.000000 164.000000
204.000000 165.000000
213.000000 162.000000
112.000000 163.000000
204.000000 157.000000
141.000000 165.000000
141.000000 180.000000
138.000000 197.000000
132.000000 213.000000
131.000000 229.000000
144.000000 235.000000
160.000000 239.000000
176.000000 232.000000
189.000000 223.000000
185.000000 210.000000
175.000000 198.000000
172.000000 178.000000
170.000000 163.000000
213.000000 249.000000
192.000000 248.000000
177.000000 250.000000
164.000000 249.000000
151.000000 252.000000
137.000000 251.000000
121.000000 256.000000
132.000000 272.000000
142.000000 282.000000
158.000000 291.000000
175.000000 289.000000
189.000000 277.000000
198.000000 267.000000
