143.000000 93.000000
113.000000 108.000000
88.000000 124.000000
70.000000 146.000000
68.000000 176.000000
70.000000 202.000000
78.000000 235.000000
84.000000 259.000000
90.000000 283.000000
107.000000 303.000000
127.000000 319.000000
157.000000 325.000000
189.000000 316.000000
214.000000 297.000000
232.000000 272.000000
240.000000 245.000000
243.000000 216.000000
242.000000 186.000000
235.000000 158.000000
224.000000 126.000000
201.000000 104.000000
170.000000 91.000000
118.000000 165.000000
106.000000 161.000000
95.000000 159.000000
84.000000 159.000000
75.000000 164.000000
77.000000 172.000000
86.000000 168.000000
95.000000 169.000000
106.000000 170.000000
116.000000 173.000000
218.000000 158.000000
207.000000 154.000000
195.000000 153.000000
182.000000 156.000000
170.000000 161.000000
173.000000 169.000000
184.000000 165.000000
196.000000 162.000000
206.000000 162.000000
216.000000 164.000000
122.000000 194.000000
116.000000 185.000000
106.000000 182.000000
96.000000 184.000000
84.000000 193.000000
94.000000 197.000000
106.000000 199.000000
114.000000 197.000000
215.000000 188.000000
201.000000 176.000000
187.000000 176.000000
177.000000 180.000000
171.000000 189.000000
178.000000 193.000000
187.000000 197.000000
203.000000 193.000000
107.000000 189.000000
187.000000 184.000000
134.000000 189.000000
133.000000 204.000000
132.000000 217.000000
131.000000 231.000000
126.000000 242.000000
136.000000 250.000000
150.000000 253.000000
164.000000 248.000000
175.000000 238.000000
169.000000 226.000000
163.000000 213.000000
159.000000 201.000000
157.000000 187.000000
187.000000 273.000000
170.000000 267.000000
159.000000 265.000000
152.000000 269.000000
142.000000 267.000000
133.000000 272.000000
120.000000 276.000000
130.000000 283.000000
138.000000 288.000000
149.000000 289.000000
160.000000 288.000000
170.000000 284.000000
178.000000 278.000000
