182.000000 0.000000
140.000000 0.000000
102.000000 0.000000
72.000000 6.000000
53.000000 45.000000
47.000000 87.000000
53.000000 133.000000
62.000000 175.000000
79.000000 215.000000
106.000000 246.000000
137.000000 274.000000
183.000000 288.000000
226.000000 272.000000
261.000000 242.000000
292.000000 208.000000
308.000000 171.000000
316.000000 128.000000
321.000000 84.000000
314.000000 42.000000
294.000000 4.000000
263.000000 0.000000
225.000000 0.000000
144.000000 50.000000
127.000000 44.000000
109.000000 39.000000
90.000000 37.000000
74.000000 42.000000
76.000000 50.000000
91.000000 47.000000
107.000000 50.000000
124.000000 55.000000
141.000000 59.000000
287.000000 42.000000
270.000000 39.000000
252.000000 40.000000
234.000000 43.000000
217.000000 49.000000
218.000000 58.000000
236.000000 54.000000
253.000000 50.000000
269.000000 48.000000
283.000000 49.000000
147.000000 86.000000
136.000000 73.000000
120.000000 67.000000
97.000000 68.000000
82.000000 79.000000
99.000000 86.000000
119.000000 88.000000
135.000000 88.000000
271.000000 78.000000
253.000000 69.000000
238.000000 67.000000
225.000000 73.000000
214.000000 83.000000
227.000000 87.000000
243.000000 88.000000
257.000000 88.000000
119.000000 77.000000
239.000000 77.000000
163.000000 84.000000
159.000000 105.000000
154.000000 124.000000
147.000000 143.000000
145.000000 158.000000
157.000000 172.000000
178.000000 179.000000
198.000000 172.000000
212.000000 163.000000
210.000000 147.000000
204.000000 125.000000
198.000000 104.000000
196.000000 84.000000
226.000000 213.000000
204.000000 203.000000
190.000000 199.000000
178.000000 204.000000
166.000000 200.000000
149.000000 203.000000
133.000000 209.000000
141.000000 224.000000
155.000000 238.000000
172.000000 243.000000
190.000000 238.000000
201.000000 233.000000
214.000000 225.000000
