187.000000 48.000000
156.000000 47.000000
123.000000 62.000000
103.000000 80.000000
94.000000 111.000000
88.000000 138.000000
92.000000 167.000000
96.000000 199.000000
106.000000 226.000000
122.000000 250.000000
141.000000 269.000000
172.000000 277.000000
200.000000 272.000000
220.000000 254.000000
238.000000 232.000000
251.000000 209.000000
259.000000 181.000000
268.000000 153.000000
266.000000 125.000000
264.000000 94.000000
246.000000 71.000000
217.000000 50.000000
164.000000 117.000000
150.000000 110.000000
136.000000 104.000000
121.000000 100.000000
108.000000 106.000000
110.000000 113.000000
123.000000 111.000000
136.000000 114.000000
149.000000 119.000000
162.000000 124.000000
252.000000 116.000000
240.000000 111.000000
228.000000 113.000000
216.000000 117.000000
205.000000 122.000000
206.000000 128.000000
218.000000 125.000000
230.000000 123.000000
241.000000 122.000000
251.000000 123.000000
156.000000 139.000000
151.000000 130.000000
142.000000 125.000000
129.000000 124.000000
119.000000 130.000000
127.000000 137.000000
140.000000 140.000000
146.000000 139.000000
244.000000 141.000000
234.000000 132.000000
220.000000 133.000000
211.000000 136.000000
205.000000 142.000000
212.000000 145.000000
222.000000 146.000000
236.000000 146.000000
140.000000 131.000000
221.000000 139.000000
167.000000 137.000000
164.000000 151.000000
162.000000 164.000000
157.000000 177.000000
153.000000 190.000000
163.000000 199.000000
177.000000 205.000000
191.000000 202.000000
202.000000 194.000000
199.000000 180.000000
197.000000 166.000000
195.000000 153.000000
194.000000 140.000000
206.000000 224.000000
195.000000 221.000000
186.000000 219.000000
176.000000 221.000000
167.000000 218.000000
155.000000 219.000000
142.000000 217.000000
152.000000 231.000000
161.000000 237.000000
170.000000 241.000000
180.000000 242.000000
189.000000 239.000000
197.000000 233.000000
