145.000000 0.000000
104.000000 0.000000
68.000000 6.000000
55.000000 32.000000
39.000000 87.000000
41.000000 113.000000
31.000000 150.000000
38.000000 187.000000
45.000000 225.000000
59.000000 256.000000
78.000000 294.000000
127.000000 318.000000
173.000000 302.000000
216.000000 289.000000
264.000000 260.000000
287.000000 214.000000
291.000000 170.000000
286.000000 115.000000
269.000000 73.000000
253.000000 38.000000
222.000000 9.000000
184.000000 0.000000
98.000000 62.000000
81.000000 55.000000
67.000000 51.000000
53.000000 51.000000
41.000000 58.000000
43.000000 66.000000
55.000000 62.000000
65.000000 63.000000
79.000000 67.000000
93.000000 72.000000
238.000000 67.000000
223.000000 57.000000
207.000000 54.000000
190.000000 56.000000
172.000000 60.000000
174.000000 72.000000
192.000000 68.000000
207.000000 65.000000
222.000000 66.000000
234.000000 73.000000
100.000000 102.000000
90.000000 90.000000
77.000000 85.000000
65.000000 87.000000
56.000000 95.000000
67.000000 102.000000
77.000000 105.000000
88.000000 104.000000
218.000000 104.000000
207.000000 95.000000
192.000000 92.000000
179.000000 96.000000
168.000000 106.000000
181.000000 109.000000
194.000000 111.000000
207.000000 110.000000
84.000000 96.000000
201.000000 99.000000
113.000000 97.000000
110.000000 117.000000
105.000000 137.000000
96.000000 157.000000
89.000000 178.000000
99.000000 183.000000
115.000000 187.000000
134.000000 185.000000
163.000000 180.000000
158.000000 160.000000
152.000000 139.000000
149.000000 120.000000
149.000000 99.000000
170.000000 234.000000
151.000000 225.000000
124.000000 216.000000
111.000000 217.000000
99.000000 215.000000
87.000000 218.000000
78.000000 227.000000
90.000000 239.000000
102.000000 248.000000
115.000000 254.000000
130.000000 254.000000
144.000000 248.000000
157.000000 243.000000
