178.000000 52.000000
144.000000 57.000000
101.000000 44.000000
72.000000 79.000000
63.000000 128.000000
68.000000 163.000000
72.000000 200.000000
81.000000 234.000000
95.000000 267.000000
115.000000 297.000000
140.000000 324.000000
179.000000 340.000000
216.000000 322.000000
244.000000 294.000000
269.000000 265.000000
285.000000 227.000000
291.000000 195.000000
289.000000 162.000000
284.000000 128.000000
268.000000 97.000000
243.000000 73.000000
212.000000 57.000000
155.000000 145.000000
140.000000 138.000000
124.000000 137.000000
108.000000 138.000000
94.000000 145.000000
97.000000 153.000000
108.000000 148.000000
125.000000 149.000000
138.000000 147.000000
151.000000 152.000000
267.000000 140.000000
253.000000 136.000000
237.000000 137.000000
222.000000 139.000000
207.000000 144.000000
209.000000 152.000000
224.000000 148.000000
239.000000 146.000000
254.000000 148.000000
266.000000 153.000000
154.000000 171.000000
144.000000 160.000000
131.000000 155.000000
114.000000 157.000000
100.000000 166.000000
114.000000 172.000000
128.000000 173.000000
142.000000 172.000000
261.000000 167.000000
244.000000 158.000000
231.000000 157.000000
218.000000 161.000000
208.000000 170.000000
221.000000 174.000000
234.000000 175.000000
246.000000 172.000000
129.000000 162.000000
232.000000 165.000000
168.000000 170.000000
164.000000 187.000000
161.000000 207.000000
158.000000 221.000000
146.000000 231.000000
161.000000 245.000000
180.000000 252.000000
200.000000 244.000000
216.000000 232.000000
207.000000 219.000000
202.000000 206.000000
196.000000 186.000000
194.000000 170.000000
228.000000 263.000000
208.000000 256.000000
192.000000 261.000000
179.000000 264.000000
166.000000 261.000000
148.000000 253.000000
133.000000 259.000000
145.000000 284.000000
156.000000 291.000000
171.000000 300.000000
189.000000 302.000000
206.000000 297.000000
215.000000 283.000000
