175.000000 10.000000
133.000000 17.000000
90.000000 25.000000
63.000000 56.000000
63.000000 93.000000
57.000000 127.000000
62.000000 165.000000
69.000000 203.000000
83.000000 239.000000
107.000000 266.000000
135.000000 290.000000
171.000000 304.000000
209.000000 288.000000
236.000000 262.000000
256.000000 233.000000
270.000000 202.000000
278.000000 166.000000
283.000000 127.000000
277.000000 93.000000
264.000000 56.000000
244.000000 31.000000
212.000000 16.000000
143.000000 103.000000
128.000000 98.000000
111.000000 94.000000
96.000000 92.000000
82.000000 95.000000
84.000000 103.000000
97.000000 102.000000
111.000000 105.000000
127.000000 110.000000
141.000000 114.000000
258.000000 96.000000
245.000000 91.000000
230.000000 93.000000
216.000000 97.000000
200.000000 103.000000
202.000000 112.000000
219.000000 109.000000
232.000000 104.000000
244.000000 101.000000
255.000000 102.000000
143.000000 138.000000
135.000000 125.000000
122.000000 118.000000
108.000000 120.000000
98.000000 128.000000
107.000000 137.000000
119.000000 140.000000
131.000000 140.000000
242.000000 130.000000
233.000000 121.000000
220.000000 119.000000
209.000000 125.000000
201.000000 136.000000
213.000000 140.000000
225.000000 141.000000
236.000000 138.000000
119.000000 128.000000
220.000000 129.000000
157.000000 131.000000
156.000000 151.000000
152.000000 168.000000
147.000000 185.000000
143.000000 201.000000
156.000000 211.000000
171.000000 217.000000
188.000000 211.000000
198.000000 201.000000
194.000000 186.000000
189.000000 170.000000
186.000000 150.000000
184.000000 131.000000
209.000000 236.000000
194.000000 234.000000
182.000000 231.000000
171.000000 235.000000
160.000000 231.000000
146.000000 234.000000
132.000000 237.000000
143.000000 249.000000
153.000000 257.000000
166.000000 263.000000
178.000000 263.000000
190.000000 257.000000
199.000000 248.000000
