176.000000 63.000000
147.000000 66.000000
115.000000 74.000000
92.000000 104.000000
91.000000 138.000000
86.000000 168.000000
91.000000 196.000000
97.000000 225.000000
105.000000 256.000000
122.000000 281.000000
145.000000 299.000000
178.000000 308.000000
213.000000 299.000000
239.000000 278.000000
252.000000 254.000000
256.000000 228.000000
263.000000 195.000000
272.000000 164.000000
271.000000 136.000000
268.000000 103.000000
248.000000 68.000000
215.000000 57.000000
154.000000 131.000000
141.000000 125.000000
128.000000 121.000000
115.000000 121.000000
105.000000 128.000000
107.000000 134.000000
117.000000 130.000000
128.000000 131.000000
140.000000 135.000000
151.000000 140.000000
251.000000 132.000000
241.000000 123.000000
227.000000 122.000000
214.000000 126.000000
201.000000 131.000000
203.000000 140.000000
217.000000 135.000000
229.000000 132.000000
239.000000 131.000000
248.000000 136.000000
154.000000 164.000000
146.000000 155.000000
136.000000 150.000000
126.000000 152.000000
112.000000 160.000000
123.000000 166.000000
135.000000 170.000000
145.000000 169.000000
239.000000 160.000000
230.000000 153.000000
220.000000 151.000000
208.000000 155.000000
200.000000 166.000000
213.000000 170.000000
224.000000 170.000000
232.000000 165.000000
136.000000 158.000000
221.000000 158.000000
164.000000 159.000000
163.000000 173.000000
161.000000 186.000000
157.000000 200.000000
154.000000 213.000000
164.000000 219.000000
176.000000 222.000000
190.000000 218.000000
201.000000 212.000000
196.000000 199.000000
192.000000 185.000000
190.000000 174.000000
189.000000 158.000000
210.000000 246.000000
196.000000 242.000000
186.000000 239.000000
178.000000 242.000000
168.000000 239.000000
157.000000 243.000000
146.000000 247.000000
154.000000 256.000000
162.000000 262.000000
172.000000 266.000000
183.000000 266.000000
194.000000 262.000000
205.000000 256.000000
