147.000000 24.000000
118.000000 32.000000
85.000000 61.000000
65.000000 102.000000
66.000000 143.000000
65.000000 175.000000
67.000000 212.000000
75.000000 245.000000
88.000000 278.000000
113.000000 305.000000
145.000000 322.000000
190.000000 335.000000
226.000000 314.000000
252.000000 284.000000
267.000000 254.000000
272.000000 220.000000
275.000000 185.000000
209.000000 166.000000
273.000000 123.000000
256.000000 56.000000
216.000000 23.000000
183.000000 22.000000
138.000000 131.000000
125.000000 126.000000
111.000000 126.000000
99.000000 127.000000
86.000000 131.000000
88.000000 138.000000
101.000000 135.000000
113.000000 135.000000
125.000000 137.000000
136.000000 140.000000
246.000000 114.000000
234.000000 110.000000
221.000000 111.000000
209.000000 115.000000
196.000000 121.000000
200.000000 130.000000
212.000000 125.000000
224.000000 121.000000
234.000000 118.000000
247.000000 121.000000
143.000000 167.000000
133.000000 161.000000
120.000000 157.000000
109.000000 160.000000
96.000000 171.000000
108.000000 177.000000
121.000000 175.000000
131.000000 172.000000
238.000000 149.000000
228.000000 145.000000
217.000000 145.000000
207.000000 151.000000
193.000000 159.000000
227.000000 165.000000
236.000000 161.000000
244.000000 155.000000
119.000000 165.000000
220.000000 155.000000
155.000000 161.000000
158.000000 178.000000
159.000000 190.000000
157.000000 209.000000
148.000000 222.000000
159.000000 235.000000
177.000000 237.000000
195.000000 230.000000
200.000000 217.000000
192.000000 206.000000
191.000000 191.000000
185.000000 175.000000
181.000000 158.000000
219.000000 255.000000
203.000000 254.000000
189.000000 253.000000
180.000000 257.000000
167.000000 255.000000
152.000000 260.000000
136.000000 264.000000
148.000000 273.000000
161.000000 279.000000
175.000000 282.000000
189.000000 280.000000
201.000000 275.000000
209.000000 266.000000
