174.000000 30.000000
138.000000 31.000000
100.000000 47.000000
76.000000 73.000000
66.000000 107.000000
63.000000 141.000000
61.000000 177.000000
62.000000 215.000000
70.000000 254.000000
87.000000 285.000000
112.000000 313.000000
156.000000 330.000000
201.000000 317.000000
238.000000 294.000000
265.000000 260.000000
274.000000 223.000000
278.000000 187.000000
279.000000 150.000000
275.000000 116.000000
275.000000 83.000000
257.000000 55.000000
219.000000 34.000000
138.000000 106.000000
120.000000 100.000000
105.000000 101.000000
95.000000 103.000000
79.000000 104.000000
81.000000 113.000000
92.000000 110.000000
105.000000 110.000000
120.000000 113.000000
135.000000 118.000000
250.000000 115.000000
237.000000 108.000000
221.000000 107.000000
206.000000 107.000000
190.000000 110.000000
190.000000 121.000000
207.000000 118.000000
223.000000 117.000000
236.000000 118.000000
247.000000 121.000000
136.000000 142.000000
126.000000 132.000000
114.000000 128.000000
102.000000 129.000000
92.000000 137.000000
101.000000 143.000000
112.000000 146.000000
124.000000 146.000000
238.000000 146.000000
226.000000 136.000000
214.000000 133.000000
202.000000 136.000000
192.000000 144.000000
203.000000 148.000000
216.000000 151.000000
228.000000 149.000000
115.000000 136.000000
215.000000 141.000000
147.000000 142.000000
141.000000 159.000000
137.000000 175.000000
127.000000 191.000000
126.000000 208.000000
143.000000 215.000000
158.000000 218.000000
174.000000 216.000000
191.000000 208.000000
190.000000 194.000000
185.000000 178.000000
180.000000 161.000000
177.000000 144.000000
211.000000 242.000000
188.000000 239.000000
171.000000 234.000000
158.000000 236.000000
145.000000 232.000000
128.000000 235.000000
111.000000 241.000000
124.000000 255.000000
136.000000 263.000000
151.000000 268.000000
165.000000 268.000000
179.000000 263.000000
192.000000 257.000000
