181.000000 40.000000
143.000000 51.000000
117.000000 74.000000
99.000000 103.000000
87.000000 134.000000
83.000000 163.000000
86.000000 195.000000
92.000000 226.000000
104.000000 254.000000
123.000000 275.000000
146.000000 293.000000
176.000000 302.000000
207.000000 290.000000
234.000000 270.000000
247.000000 243.000000
258.000000 219.000000
264.000000 191.000000
271.000000 159.000000
266.000000 130.000000
252.000000 104.000000
251.000000 74.000000
223.000000 49.000000
150.000000 144.000000
138.000000 138.000000
132.000000 140.000000
122.000000 139.000000
110.000000 142.000000
112.000000 149.000000
122.000000 148.000000
132.000000 148.000000
138.000000 146.000000
147.000000 151.000000
246.000000 141.000000
235.000000 140.000000
225.000000 140.000000
214.000000 141.000000
203.000000 146.000000
207.000000 153.000000
213.000000 149.000000
225.000000 148.000000
235.000000 149.000000
246.000000 150.000000
152.000000 167.000000
145.000000 158.000000
134.000000 152.000000
123.000000 154.000000
114.000000 160.000000
121.000000 166.000000
132.000000 169.000000
143.000000 168.000000
246.000000 162.000000
227.000000 153.000000
216.000000 153.000000
206.000000 157.000000
199.000000 165.000000
209.000000 168.000000
219.000000 169.000000
229.000000 166.000000
134.000000 160.000000
217.000000 161.000000
163.000000 165.000000
162.000000 181.000000
160.000000 193.000000
159.000000 209.000000
156.000000 221.000000
161.000000 228.000000
175.000000 233.000000
188.000000 227.000000
199.000000 219.000000
195.000000 207.000000
192.000000 195.000000
188.000000 180.000000
186.000000 165.000000
207.000000 251.000000
193.000000 248.000000
182.000000 248.000000
175.000000 250.000000
166.000000 248.000000
156.000000 250.000000
143.000000 251.000000
153.000000 262.000000
159.000000 267.000000
171.000000 270.000000
183.000000 269.000000
191.000000 264.000000
197.000000 260.000000
