161.000000 36.000000
119.000000 40.000000
75.000000 63.000000
54.000000 97.000000
61.000000 150.000000
60.000000 174.000000
70.000000 211.000000
81.000000 245.000000
98.000000 277.000000
116.000000 303.000000
142.000000 324.000000
181.000000 331.000000
229.000000 322.000000
262.000000 303.000000
292.000000 257.000000
297.000000 224.000000
298.000000 183.000000
294.000000 135.000000
285.000000 107.000000
269.000000 73.000000
238.000000 51.000000
207.000000 37.000000
122.000000 135.000000
108.000000 135.000000
92.000000 136.000000
84.000000 145.000000
73.000000 149.000000
71.000000 143.000000
81.000000 138.000000
94.000000 143.000000
107.000000 142.000000
120.000000 143.000000
230.000000 124.000000
218.000000 114.000000
204.000000 114.000000
191.000000 119.000000
177.000000 125.000000
180.000000 132.000000
192.000000 126.000000
206.000000 121.000000
220.000000 122.000000
230.000000 117.000000
125.000000 163.000000
117.000000 154.000000
104.000000 151.000000
93.000000 156.000000
85.000000 163.000000
94.000000 168.000000
105.000000 170.000000
116.000000 167.000000
229.000000 142.000000
214.000000 137.000000
201.000000 138.000000
190.000000 144.000000
182.000000 154.000000
193.000000 155.000000
206.000000 154.000000
218.000000 150.000000
106.000000 160.000000
207.000000 145.000000
136.000000 158.000000
135.000000 175.000000
135.000000 191.000000
133.000000 208.000000
130.000000 225.000000
142.000000 233.000000
163.000000 237.000000
182.000000 227.000000
189.000000 216.000000
184.000000 199.000000
177.000000 184.000000
171.000000 169.000000
167.000000 154.000000
215.000000 247.000000
196.000000 248.000000
179.000000 249.000000
168.000000 255.000000
155.000000 253.000000
141.000000 257.000000
125.000000 258.000000
138.000000 270.000000
150.000000 277.000000
166.000000 281.000000
180.000000 278.000000
192.000000 271.000000
205.000000 263.000000
