191.000000 38.000000
147.000000 43.000000
109.000000 54.000000
92.000000 74.000000
81.000000 127.000000
78.000000 160.000000
82.000000 194.000000
89.000000 230.000000
100.000000 266.000000
121.000000 293.000000
147.000000 317.000000
187.000000 331.000000
230.000000 314.000000
259.000000 287.000000
284.000000 256.000000
289.000000 221.000000
290.000000 183.000000
287.000000 148.000000
280.000000 116.000000
264.000000 87.000000
247.000000 56.000000
222.000000 38.000000
149.000000 125.000000
135.000000 121.000000
121.000000 119.000000
108.000000 122.000000
97.000000 129.000000
100.000000 133.000000
110.000000 129.000000
122.000000 127.000000
135.000000 130.000000
148.000000 133.000000
257.000000 117.000000
243.000000 110.000000
230.000000 110.000000
216.000000 112.000000
201.000000 119.000000
204.000000 127.000000
218.000000 121.000000
231.000000 119.000000
243.000000 119.000000
251.000000 122.000000
151.000000 159.000000
143.000000 149.000000
130.000000 143.000000
119.000000 146.000000
110.000000 154.000000
118.000000 160.000000
130.000000 163.000000
142.000000 162.000000
254.000000 147.000000
237.000000 139.000000
225.000000 137.000000
215.000000 143.000000
207.000000 154.000000
219.000000 157.000000
231.000000 157.000000
241.000000 153.000000
129.000000 151.000000
227.000000 146.000000
162.000000 151.000000
160.000000 168.000000
157.000000 186.000000
152.000000 201.000000
148.000000 217.000000
162.000000 226.000000
179.000000 230.000000
197.000000 224.000000
211.000000 212.000000
206.000000 199.000000
200.000000 186.000000
194.000000 165.000000
192.000000 149.000000
228.000000 251.000000
211.000000 248.000000
194.000000 246.000000
183.000000 250.000000
170.000000 246.000000
156.000000 251.000000
141.000000 256.000000
153.000000 268.000000
164.000000 277.000000
178.000000 283.000000
193.000000 282.000000
207.000000 274.000000
218.000000 264.000000
