175.000000 65.000000
137.000000 70.000000
112.000000 84.000000
98.000000 107.000000
89.000000 135.000000
84.000000 164.000000
88.000000 195.000000
95.000000 225.000000
105.000000 254.000000
121.000000 280.000000
141.000000 302.000000
173.000000 317.000000
207.000000 303.000000
234.000000 280.000000
251.000000 253.000000
261.000000 225.000000
265.000000 195.000000
268.000000 164.000000
263.000000 136.000000
258.000000 98.000000
241.000000 74.000000
210.000000 67.000000
161.000000 160.000000
150.000000 154.000000
138.000000 151.000000
127.000000 150.000000
116.000000 150.000000
112.000000 160.000000
120.000000 161.000000
128.000000 160.000000
143.000000 161.000000
153.000000 168.000000
242.000000 157.000000
227.000000 151.000000
217.000000 150.000000
209.000000 152.000000
198.000000 158.000000
194.000000 160.000000
207.000000 160.000000
219.000000 158.000000
229.000000 161.000000
236.000000 158.000000
147.000000 176.000000
140.000000 164.000000
134.000000 157.000000
119.000000 160.000000
112.000000 167.000000
118.000000 175.000000
129.000000 177.000000
139.000000 177.000000
231.000000 167.000000
222.000000 160.000000
212.000000 159.000000
202.000000 164.000000
195.000000 174.000000
205.000000 176.000000
216.000000 177.000000
229.000000 175.000000
130.000000 167.000000
214.000000 167.000000
157.000000 172.000000
157.000000 187.000000
155.000000 201.000000
150.000000 215.000000
145.000000 229.000000
155.000000 237.000000
171.000000 242.000000
187.000000 236.000000
197.000000 227.000000
192.000000 214.000000
187.000000 200.000000
184.000000 186.000000
183.000000 171.000000
205.000000 255.000000
191.000000 255.000000
179.000000 255.000000
172.000000 257.000000
161.000000 255.000000
151.000000 257.000000
139.000000 255.000000
146.000000 267.000000
155.000000 275.000000
166.000000 280.000000
178.000000 280.000000
188.000000 275.000000
197.000000 266.000000
