164.000000 45.000000
126.000000 42.000000
88.000000 56.000000
75.000000 87.000000
75.000000 112.000000
73.000000 139.000000
70.000000 179.000000
68.000000 206.000000
73.000000 240.000000
80.000000 274.000000
92.000000 301.000000
127.000000 322.000000
170.000000 321.000000
207.000000 304.000000
237.000000 279.000000
257.000000 244.000000
267.000000 197.000000
262.000000 165.000000
258.000000 136.000000
249.000000 102.000000
224.000000 79.000000
195.000000 56.000000
125.000000 122.000000
111.000000 116.000000
97.000000 111.000000
84.000000 110.000000
72.000000 119.000000
76.000000 129.000000
83.000000 123.000000
96.000000 124.000000
108.000000 126.000000
120.000000 131.000000
232.000000 138.000000
222.000000 129.000000
206.000000 123.000000
190.000000 123.000000
172.000000 124.000000
177.000000 138.000000
190.000000 135.000000
205.000000 136.000000
219.000000 139.000000
228.000000 144.000000
120.000000 149.000000
113.000000 142.000000
102.000000 137.000000
91.000000 137.000000
82.000000 143.000000
87.000000 150.000000
98.000000 154.000000
110.000000 154.000000
217.000000 161.000000
205.000000 152.000000
194.000000 149.000000
182.000000 150.000000
172.000000 158.000000
183.000000 163.000000
194.000000 166.000000
205.000000 165.000000
100.000000 145.000000
193.000000 156.000000
131.000000 151.000000
125.000000 167.000000
118.000000 182.000000
109.000000 192.000000
103.000000 203.000000
118.000000 216.000000
129.000000 220.000000
147.000000 217.000000
164.000000 205.000000
163.000000 195.000000
153.000000 185.000000
153.000000 169.000000
159.000000 154.000000
173.000000 256.000000
159.000000 248.000000
145.000000 243.000000
133.000000 244.000000
122.000000 238.000000
109.000000 240.000000
94.000000 244.000000
104.000000 253.000000
115.000000 258.000000
125.000000 260.000000
135.000000 259.000000
147.000000 259.000000
161.000000 260.000000
