182.000000 42.000000
140.000000 50.000000
108.000000 73.000000
90.000000 102.000000
79.000000 134.000000
75.000000 167.000000
75.000000 199.000000
81.000000 235.000000
96.000000 269.000000
120.000000 300.000000
149.000000 319.000000
189.000000 333.000000
225.000000 317.000000
245.000000 289.000000
264.000000 260.000000
274.000000 228.000000
270.000000 197.000000
276.000000 164.000000
278.000000 136.000000
267.000000 102.000000
257.000000 59.000000
225.000000 42.000000
161.000000 130.000000
145.000000 126.000000
129.000000 124.000000
114.000000 125.000000
102.000000 133.000000
107.000000 144.000000
118.000000 140.000000
130.000000 136.000000
145.000000 138.000000
160.000000 141.000000
266.000000 130.000000
255.000000 123.000000
240.000000 123.000000
227.000000 126.000000
214.000000 131.000000
216.000000 140.000000
230.000000 137.000000
243.000000 134.000000
254.000000 136.000000
264.000000 142.000000
158.000000 158.000000
149.000000 149.000000
138.000000 146.000000
126.000000 148.000000
115.000000 157.000000
126.000000 161.000000
138.000000 162.000000
150.000000 160.000000
255.000000 155.000000
245.000000 146.000000
234.000000 144.000000
224.000000 148.000000
213.000000 155.000000
226.000000 158.000000
235.000000 158.000000
245.000000 158.000000
136.000000 153.000000
234.000000 151.000000
172.000000 156.000000
173.000000 171.000000
173.000000 188.000000
164.000000 203.000000
158.000000 214.000000
171.000000 227.000000
198.000000 233.000000
212.000000 224.000000
225.000000 204.000000
220.000000 198.000000
211.000000 190.000000
206.000000 173.000000
205.000000 153.000000
229.000000 250.000000
214.000000 246.000000
201.000000 244.000000
188.000000 248.000000
175.000000 244.000000
159.000000 247.000000
142.000000 249.000000
154.000000 264.000000
166.000000 275.000000
181.000000 282.000000
196.000000 282.000000
210.000000 274.000000
221.000000 264.000000
