147.000000 48.000000
111.000000 56.000000
78.000000 70.000000
60.000000 106.000000
59.000000 141.000000
58.000000 172.000000
63.000000 204.000000
72.000000 238.000000
81.000000 271.000000
99.000000 292.000000
123.000000 315.000000
166.000000 324.000000
207.000000 309.000000
233.000000 281.000000
257.000000 255.000000
260.000000 221.000000
259.000000 188.000000
257.000000 152.000000
249.000000 121.000000
234.000000 95.000000
219.000000 65.000000
189.000000 51.000000
122.000000 135.000000
108.000000 133.000000
95.000000 131.000000
82.000000 133.000000
71.000000 139.000000
74.000000 148.000000
85.000000 144.000000
96.000000 141.000000
107.000000 142.000000
120.000000 145.000000
222.000000 125.000000
209.000000 121.000000
196.000000 121.000000
183.000000 123.000000
169.000000 128.000000
171.000000 137.000000
185.000000 133.000000
198.000000 131.000000
209.000000 130.000000
220.000000 132.000000
122.000000 159.000000
115.000000 155.000000
103.000000 152.000000
92.000000 154.000000
81.000000 160.000000
87.000000 166.000000
100.000000 169.000000
112.000000 166.000000
218.000000 148.000000
205.000000 142.000000
193.000000 142.000000
182.000000 147.000000
172.000000 153.000000
185.000000 159.000000
196.000000 159.000000
210.000000 155.000000
102.000000 159.000000
195.000000 149.000000
134.000000 159.000000
131.000000 173.000000
128.000000 187.000000
124.000000 203.000000
118.000000 215.000000
129.000000 226.000000
143.000000 231.000000
159.000000 223.000000
173.000000 214.000000
171.000000 199.000000
168.000000 185.000000
165.000000 171.000000
160.000000 156.000000
192.000000 255.000000
175.000000 250.000000
162.000000 245.000000
150.000000 250.000000
140.000000 246.000000
129.000000 250.000000
121.000000 259.000000
130.000000 264.000000
140.000000 268.000000
152.000000 269.000000
164.000000 268.000000
173.000000 264.000000
182.000000 259.000000
