131.000000 53.000000
100.000000 56.000000
62.000000 71.000000
48.000000 121.000000
55.000000 152.000000
65.000000 186.000000
63.000000 220.000000
72.000000 254.000000
88.000000 279.000000
102.000000 303.000000
125.000000 325.000000
160.000000 334.000000
195.000000 320.000000
231.000000 303.000000
274.000000 269.000000
277.000000 229.000000
278.000000 195.000000
271.000000 150.000000
263.000000 121.000000
228.000000 80.000000
195.000000 66.000000
165.000000 60.000000
113.000000 147.000000
100.000000 142.000000
86.000000 140.000000
73.000000 141.000000
63.000000 146.000000
68.000000 159.000000
76.000000 151.000000
87.000000 150.000000
99.000000 151.000000
109.000000 154.000000
222.000000 135.000000
207.000000 131.000000
193.000000 131.000000
180.000000 135.000000
167.000000 140.000000
172.000000 147.000000
184.000000 143.000000
196.000000 141.000000
208.000000 140.000000
218.000000 145.000000
116.000000 174.000000
107.000000 166.000000
95.000000 164.000000
85.000000 167.000000
77.000000 173.000000
88.000000 175.000000
96.000000 176.000000
105.000000 175.000000
208.000000 160.000000
198.000000 154.000000
187.000000 155.000000
178.000000 160.000000
169.000000 167.000000
181.000000 168.000000
190.000000 168.000000
200.000000 165.000000
95.000000 170.000000
190.000000 161.000000
128.000000 170.000000
127.000000 186.000000
125.000000 203.000000
121.000000 218.000000
117.000000 235.000000
131.000000 248.000000
145.000000 246.000000
165.000000 238.000000
178.000000 227.000000
172.000000 212.000000
164.000000 199.000000
159.000000 183.000000
156.000000 167.000000
202.000000 259.000000
180.000000 259.000000
161.000000 261.000000
147.000000 266.000000
138.000000 263.000000
124.000000 264.000000
106.000000 263.000000
123.000000 280.000000
135.000000 285.000000
147.000000 287.000000
161.000000 285.000000
173.000000 279.000000
182.000000 272.000000
