168.000000 35.000000
130.000000 45.000000
95.000000 69.000000
87.000000 99.000000
80.000000 132.000000
78.000000 162.000000
80.000000 194.000000
81.000000 230.000000
91.000000 263.000000
114.000000 305.000000
134.000000 331.000000
179.000000 349.000000
229.000000 327.000000
253.000000 292.000000
271.000000 258.000000
274.000000 225.000000
274.000000 192.000000
274.000000 160.000000
274.000000 137.000000
265.000000 111.000000
253.000000 68.000000
214.000000 33.000000
148.000000 133.000000
132.000000 130.000000
118.000000 128.000000
104.000000 129.000000
93.000000 135.000000
95.000000 144.000000
107.000000 141.000000
119.000000 140.000000
132.000000 141.000000
147.000000 144.000000
253.000000 128.000000
240.000000 123.000000
226.000000 124.000000
212.000000 126.000000
198.000000 130.000000
200.000000 141.000000
214.000000 136.000000
229.000000 135.000000
241.000000 134.000000
252.000000 137.000000
148.000000 159.000000
141.000000 154.000000
130.000000 150.000000
118.000000 152.000000
109.000000 159.000000
118.000000 164.000000
127.000000 166.000000
137.000000 165.000000
246.000000 152.000000
232.000000 147.000000
221.000000 146.000000
211.000000 151.000000
204.000000 157.000000
213.000000 161.000000
225.000000 161.000000
235.000000 159.000000
129.000000 157.000000
224.000000 153.000000
161.000000 158.000000
157.000000 174.000000
153.000000 188.000000
148.000000 203.000000
145.000000 218.000000
159.000000 227.000000
175.000000 231.000000
192.000000 226.000000
205.000000 216.000000
203.000000 203.000000
198.000000 188.000000
193.000000 174.000000
190.000000 158.000000
223.000000 251.000000
204.000000 248.000000
188.000000 246.000000
177.000000 250.000000
164.000000 247.000000
151.000000 250.000000
134.000000 254.000000
147.000000 264.000000
158.000000 271.000000
171.000000 276.000000
184.000000 276.000000
197.000000 270.000000
209.000000 262.000000
