173.000000 36.000000
132.000000 39.000000
98.000000 52.000000
85.000000 87.000000
75.000000 118.000000
70.000000 150.000000
73.000000 186.000000
78.000000 223.000000
88.000000 256.000000
108.000000 283.000000
131.000000 310.000000
172.000000 325.000000
212.000000 309.000000
236.000000 283.000000
256.000000 254.000000
266.000000 219.000000
274.000000 183.000000
278.000000 148.000000
272.000000 116.000000
263.000000 73.000000
248.000000 50.000000
212.000000 37.000000
147.000000 141.000000
134.000000 131.000000
124.000000 125.000000
107.000000 129.000000
96.000000 134.000000
102.000000 139.000000
113.000000 137.000000
123.000000 140.000000
133.000000 139.000000
146.000000 144.000000
249.000000 134.000000
237.000000 128.000000
226.000000 127.000000
214.000000 127.000000
201.000000 132.000000
202.000000 148.000000
216.000000 138.000000
226.000000 138.000000
237.000000 143.000000
250.000000 149.000000
149.000000 159.000000
141.000000 149.000000
129.000000 143.000000
117.000000 144.000000
108.000000 151.000000
117.000000 158.000000
127.000000 161.000000
136.000000 160.000000
239.000000 151.000000
230.000000 144.000000
218.000000 143.000000
208.000000 147.000000
200.000000 156.000000
210.000000 160.000000
221.000000 161.000000
232.000000 158.000000
126.000000 151.000000
218.000000 151.000000
160.000000 153.000000
156.000000 172.000000
152.000000 188.000000
146.000000 204.000000
141.000000 222.000000
154.000000 231.000000
172.000000 236.000000
188.000000 231.000000
201.000000 222.000000
199.000000 207.000000
194.000000 190.000000
190.000000 174.000000
187.000000 154.000000
210.000000 258.000000
195.000000 257.000000
182.000000 253.000000
172.000000 258.000000
163.000000 254.000000
151.000000 258.000000
135.000000 260.000000
144.000000 271.000000
154.000000 278.000000
167.000000 282.000000
180.000000 283.000000
192.000000 278.000000
201.000000 270.000000
