177.000000 46.000000
136.000000 51.000000
96.000000 63.000000
73.000000 94.000000
72.000000 137.000000
69.000000 166.000000
70.000000 206.000000
75.000000 238.000000
84.000000 273.000000
103.000000 306.000000
134.000000 325.000000
173.000000 336.000000
208.000000 322.000000
243.000000 304.000000
263.000000 279.000000
275.000000 240.000000
274.000000 207.000000
275.000000 169.000000
275.000000 137.000000
273.000000 98.000000
251.000000 69.000000
216.000000 43.000000
145.000000 149.000000
132.000000 144.000000
119.000000 142.000000
106.000000 144.000000
94.000000 146.000000
97.000000 159.000000
108.000000 155.000000
119.000000 153.000000
131.000000 153.000000
144.000000 158.000000
252.000000 147.000000
238.000000 142.000000
224.000000 142.000000
209.000000 144.000000
195.000000 149.000000
198.000000 157.000000
212.000000 154.000000
226.000000 152.000000
237.000000 154.000000
248.000000 157.000000
142.000000 169.000000
135.000000 165.000000
122.000000 160.000000
110.000000 162.000000
100.000000 169.000000
110.000000 174.000000
122.000000 176.000000
132.000000 175.000000
243.000000 169.000000
230.000000 161.000000
219.000000 160.000000
210.000000 165.000000
203.000000 172.000000
212.000000 175.000000
223.000000 176.000000
234.000000 174.000000
122.000000 167.000000
221.000000 167.000000
157.000000 171.000000
156.000000 188.000000
154.000000 204.000000
150.000000 219.000000
142.000000 230.000000
157.000000 241.000000
173.000000 247.000000
190.000000 241.000000
203.000000 229.000000
196.000000 219.000000
191.000000 205.000000
188.000000 188.000000
187.000000 171.000000
211.000000 266.000000
196.000000 262.000000
184.000000 262.000000
174.000000 263.000000
161.000000 261.000000
148.000000 261.000000
131.000000 260.000000
146.000000 276.000000
157.000000 281.000000
169.000000 283.000000
181.000000 281.000000
191.000000 280.000000
202.000000 274.000000
