169.000000 56.000000
127.000000 58.000000
100.000000 87.000000
87.000000 117.000000
81.000000 150.000000
77.000000 182.000000
78.000000 216.000000
83.000000 248.000000
95.000000 280.000000
116.000000 305.000000
144.000000 326.000000
182.000000 335.000000
217.000000 317.000000
233.000000 292.000000
254.000000 265.000000
259.000000 236.000000
265.000000 198.000000
272.000000 168.000000
271.000000 134.000000
266.000000 105.000000
254.000000 67.000000
209.000000 58.000000
150.000000 139.000000
136.000000 136.000000
122.000000 135.000000
109.000000 134.000000
98.000000 140.000000
99.000000 146.000000
110.000000 143.000000
122.000000 144.000000
135.000000 146.000000
149.000000 149.000000
249.000000 141.000000
237.000000 138.000000
226.000000 136.000000
215.000000 140.000000
203.000000 146.000000
197.000000 156.000000
213.000000 150.000000
226.000000 147.000000
239.000000 148.000000
249.000000 150.000000
148.000000 170.000000
139.000000 161.000000
128.000000 157.000000
117.000000 159.000000
110.000000 167.000000
121.000000 173.000000
129.000000 175.000000
137.000000 174.000000
242.000000 160.000000
233.000000 153.000000
220.000000 152.000000
210.000000 156.000000
203.000000 166.000000
213.000000 170.000000
225.000000 171.000000
236.000000 167.000000
128.000000 165.000000
223.000000 160.000000
162.000000 165.000000
159.000000 182.000000
156.000000 199.000000
151.000000 215.000000
146.000000 232.000000
160.000000 239.000000
177.000000 242.000000
193.000000 239.000000
207.000000 229.000000
202.000000 213.000000
197.000000 198.000000
192.000000 181.000000
189.000000 164.000000
214.000000 269.000000
201.000000 265.000000
188.000000 261.000000
178.000000 265.000000
165.000000 262.000000
153.000000 266.000000
138.000000 269.000000
150.000000 277.000000
160.000000 281.000000
173.000000 284.000000
186.000000 283.000000
197.000000 280.000000
206.000000 275.000000
