180.000000 28.000000
143.000000 31.000000
111.000000 47.000000
84.000000 85.000000
76.000000 117.000000
69.000000 151.000000
64.000000 185.000000
64.000000 216.000000
74.000000 253.000000
88.000000 288.000000
117.000000 310.000000
174.000000 324.000000
222.000000 312.000000
256.000000 289.000000
271.000000 260.000000
279.000000 227.000000
282.000000 197.000000
281.000000 165.000000
277.000000 130.000000
276.000000 77.000000
250.000000 48.000000
218.000000 35.000000
162.000000 124.000000
149.000000 118.000000
136.000000 114.000000
123.000000 114.000000
110.000000 117.000000
112.000000 125.000000
124.000000 124.000000
135.000000 125.000000
147.000000 127.000000
158.000000 131.000000
261.000000 132.000000
250.000000 127.000000
236.000000 124.000000
222.000000 126.000000
209.000000 128.000000
210.000000 136.000000
224.000000 135.000000
238.000000 136.000000
248.000000 139.000000
258.000000 141.000000
154.000000 152.000000
147.000000 144.000000
137.000000 141.000000
127.000000 143.000000
115.000000 149.000000
127.000000 153.000000
136.000000 155.000000
144.000000 155.000000
243.000000 157.000000
235.000000 152.000000
226.000000 150.000000
217.000000 152.000000
210.000000 157.000000
218.000000 161.000000
227.000000 163.000000
236.000000 162.000000
138.000000 149.000000
225.000000 156.000000
168.000000 151.000000
168.000000 166.000000
164.000000 180.000000
158.000000 192.000000
149.000000 203.000000
168.000000 212.000000
181.000000 213.000000
196.000000 214.000000
209.000000 206.000000
204.000000 196.000000
197.000000 181.000000
196.000000 167.000000
197.000000 153.000000
216.000000 248.000000
205.000000 238.000000
186.000000 230.000000
177.000000 233.000000
168.000000 229.000000
151.000000 237.000000
133.000000 248.000000
145.000000 251.000000
159.000000 252.000000
169.000000 255.000000
181.000000 256.000000
191.000000 253.000000
204.000000 252.000000
