209.000000 27.000000
174.000000 32.000000
139.000000 41.000000
105.000000 81.000000
94.000000 112.000000
85.000000 143.000000
78.000000 187.000000
75.000000 226.000000
82.000000 258.000000
108.000000 292.000000
139.000000 321.000000
186.000000 339.000000
222.000000 323.000000
241.000000 296.000000
258.000000 266.000000
268.000000 232.000000
274.000000 196.000000
278.000000 168.000000
278.000000 143.000000
278.000000 110.000000
270.000000 74.000000
248.000000 37.000000
178.000000 123.000000
162.000000 117.000000
147.000000 115.000000
129.000000 117.000000
118.000000 123.000000
122.000000 134.000000
133.000000 129.000000
146.000000 126.000000
161.000000 128.000000
175.000000 133.000000
277.000000 132.000000
269.000000 129.000000
255.000000 125.000000
241.000000 125.000000
228.000000 128.000000
229.000000 138.000000
242.000000 136.000000
255.000000 139.000000
265.000000 141.000000
271.000000 146.000000
173.000000 155.000000
165.000000 145.000000
154.000000 141.000000
143.000000 142.000000
133.000000 147.000000
138.000000 154.000000
151.000000 157.000000
164.000000 157.000000
265.000000 159.000000
253.000000 151.000000
246.000000 146.000000
233.000000 149.000000
225.000000 156.000000
234.000000 163.000000
245.000000 165.000000
256.000000 163.000000
153.000000 149.000000
244.000000 157.000000
186.000000 155.000000
187.000000 171.000000
180.000000 188.000000
173.000000 202.000000
163.000000 218.000000
177.000000 228.000000
203.000000 238.000000
216.000000 235.000000
226.000000 223.000000
224.000000 209.000000
220.000000 194.000000
216.000000 175.000000
215.000000 158.000000
234.000000 257.000000
218.000000 253.000000
204.000000 248.000000
191.000000 250.000000
177.000000 250.000000
161.000000 254.000000
145.000000 254.000000
155.000000 268.000000
169.000000 279.000000
181.000000 281.000000
196.000000 283.000000
210.000000 278.000000
223.000000 269.000000
