156.000000 35.000000
108.000000 50.000000
76.000000 77.000000
71.000000 113.000000
70.000000 147.000000
71.000000 180.000000
76.000000 209.000000
89.000000 242.000000
100.000000 273.000000
118.000000 300.000000
148.000000 322.000000
191.000000 332.000000
234.000000 317.000000
247.000000 277.000000
264.000000 248.000000
273.000000 219.000000
277.000000 187.000000
272.000000 156.000000
264.000000 127.000000
255.000000 93.000000
240.000000 44.000000
191.000000 32.000000
145.000000 149.000000
131.000000 145.000000
119.000000 145.000000
106.000000 144.000000
93.000000 151.000000
97.000000 164.000000
108.000000 157.000000
118.000000 156.000000
131.000000 154.000000
144.000000 157.000000
250.000000 128.000000
236.000000 126.000000
223.000000 129.000000
211.000000 133.000000
196.000000 140.000000
199.000000 148.000000
214.000000 143.000000
227.000000 139.000000
238.000000 135.000000
249.000000 135.000000
147.000000 172.000000
138.000000 165.000000
124.000000 161.000000
113.000000 166.000000
104.000000 173.000000
116.000000 178.000000
126.000000 176.000000
136.000000 174.000000
237.000000 154.000000
232.000000 149.000000
222.000000 148.000000
212.000000 152.000000
205.000000 159.000000
212.000000 160.000000
221.000000 162.000000
229.000000 158.000000
128.000000 168.000000
219.000000 156.000000
158.000000 166.000000
157.000000 183.000000
155.000000 198.000000
152.000000 213.000000
148.000000 229.000000
162.000000 236.000000
180.000000 239.000000
197.000000 231.000000
208.000000 221.000000
202.000000 208.000000
195.000000 193.000000
191.000000 181.000000
186.000000 163.000000
223.000000 253.000000
209.000000 251.000000
197.000000 252.000000
183.000000 259.000000
171.000000 257.000000
160.000000 259.000000
141.000000 265.000000
154.000000 273.000000
166.000000 280.000000
180.000000 282.000000
192.000000 281.000000
206.000000 275.000000
215.000000 265.000000
