119.000000 55.000000
82.000000 65.000000
56.000000 83.000000
53.000000 127.000000
60.000000 159.000000
66.000000 195.000000
72.000000 224.000000
83.000000 249.000000
93.000000 284.000000
112.000000 305.000000
133.000000 330.000000
167.000000 340.000000
207.000000 323.000000
240.000000 297.000000
263.000000 272.000000
273.000000 229.000000
271.000000 194.000000
272.000000 152.000000
256.000000 115.000000
235.000000 75.000000
187.000000 45.000000
154.000000 48.000000
106.000000 151.000000
95.000000 154.000000
83.000000 157.000000
74.000000 162.000000
69.000000 164.000000
75.000000 178.000000
81.000000 172.000000
88.000000 172.000000
98.000000 164.000000
105.000000 160.000000
215.000000 138.000000
205.000000 134.000000
189.000000 133.000000
176.000000 136.000000
162.000000 140.000000
164.000000 149.000000
179.000000 145.000000
191.000000 141.000000
201.000000 144.000000
214.000000 149.000000
114.000000 180.000000
102.000000 172.000000
92.000000 170.000000
79.000000 176.000000
73.000000 180.000000
83.000000 184.000000
92.000000 186.000000
101.000000 184.000000
203.000000 159.000000
192.000000 154.000000
180.000000 155.000000
171.000000 161.000000
164.000000 171.000000
175.000000 171.000000
186.000000 170.000000
197.000000 166.000000
92.000000 177.000000
185.000000 161.000000
125.000000 177.000000
122.000000 193.000000
124.000000 208.000000
123.000000 226.000000
116.000000 242.000000
128.000000 249.000000
146.000000 252.000000
163.000000 243.000000
174.000000 231.000000
166.000000 218.000000
159.000000 202.000000
155.000000 189.000000
150.000000 171.000000
201.000000 269.000000
177.000000 265.000000
162.000000 266.000000
151.000000 270.000000
138.000000 269.000000
125.000000 273.000000
111.000000 277.000000
124.000000 287.000000
135.000000 294.000000
150.000000 298.000000
164.000000 296.000000
176.000000 288.000000
185.000000 278.000000
