165.000000 40.000000
130.000000 49.000000
103.000000 68.000000
93.000000 104.000000
81.000000 130.000000
77.000000 158.000000
79.000000 188.000000
82.000000 216.000000
91.000000 244.000000
108.000000 267.000000
130.000000 286.000000
165.000000 298.000000
201.000000 287.000000
227.000000 267.000000
249.000000 241.000000
257.000000 210.000000
257.000000 185.000000
259.000000 156.000000
254.000000 127.000000
251.000000 93.000000
234.000000 56.000000
198.000000 37.000000
137.000000 124.000000
124.000000 121.000000
113.000000 120.000000
102.000000 120.000000
91.000000 125.000000
94.000000 137.000000
103.000000 129.000000
114.000000 128.000000
124.000000 129.000000
135.000000 131.000000
237.000000 126.000000
225.000000 120.000000
211.000000 119.000000
198.000000 121.000000
186.000000 124.000000
186.000000 131.000000
199.000000 127.000000
212.000000 126.000000
224.000000 129.000000
232.000000 134.000000
138.000000 150.000000
131.000000 144.000000
121.000000 141.000000
112.000000 142.000000
105.000000 146.000000
112.000000 150.000000
121.000000 152.000000
129.000000 152.000000
222.000000 145.000000
214.000000 140.000000
204.000000 140.000000
195.000000 143.000000
187.000000 149.000000
196.000000 151.000000
206.000000 151.000000
215.000000 149.000000
121.000000 146.000000
207.000000 145.000000
148.000000 145.000000
146.000000 161.000000
147.000000 174.000000
141.000000 186.000000
131.000000 199.000000
143.000000 209.000000
160.000000 214.000000
175.000000 209.000000
189.000000 197.000000
181.000000 184.000000
178.000000 173.000000
175.000000 159.000000
175.000000 146.000000
209.000000 229.000000
191.000000 223.000000
176.000000 222.000000
164.000000 225.000000
151.000000 224.000000
138.000000 225.000000
123.000000 228.000000
133.000000 240.000000
146.000000 243.000000
156.000000 247.000000
169.000000 246.000000
184.000000 244.000000
198.000000 238.000000
