209.000000 44.000000
172.000000 44.000000
120.000000 48.000000
107.000000 91.000000
96.000000 117.000000
86.000000 149.000000
85.000000 188.000000
86.000000 224.000000
95.000000 259.000000
110.000000 293.000000
140.000000 313.000000
175.000000 330.000000
206.000000 318.000000
223.000000 298.000000
246.000000 271.000000
263.000000 245.000000
274.000000 211.000000
276.000000 186.000000
278.000000 150.000000
284.000000 114.000000
273.000000 85.000000
251.000000 51.000000
175.000000 136.000000
161.000000 130.000000
144.000000 123.000000
131.000000 123.000000
119.000000 128.000000
121.000000 141.000000
133.000000 136.000000
144.000000 134.000000
159.000000 139.000000
172.000000 144.000000
277.000000 159.000000
268.000000 154.000000
258.000000 150.000000
245.000000 146.000000
233.000000 148.000000
234.000000 154.000000
246.000000 153.000000
256.000000 161.000000
265.000000 164.000000
274.000000 170.000000
167.000000 156.000000
164.000000 147.000000
152.000000 145.000000
141.000000 144.000000
130.000000 152.000000
139.000000 156.000000
152.000000 161.000000
161.000000 159.000000
265.000000 173.000000
257.000000 166.000000
246.000000 163.000000
235.000000 166.000000
227.000000 172.000000
237.000000 177.000000
247.000000 179.000000
257.000000 178.000000
149.000000 154.000000
246.000000 171.000000
186.000000 165.000000
186.000000 183.000000
176.000000 192.000000
168.000000 203.000000
158.000000 215.000000
176.000000 230.000000
194.000000 243.000000
213.000000 239.000000
225.000000 224.000000
218.000000 213.000000
215.000000 195.000000
214.000000 186.000000
214.000000 170.000000
232.000000 253.000000
219.000000 250.000000
201.000000 249.000000
186.000000 250.000000
170.000000 244.000000
154.000000 240.000000
129.000000 235.000000
143.000000 260.000000
156.000000 275.000000
171.000000 282.000000
185.000000 283.000000
203.000000 280.000000
214.000000 270.000000
