162.000000 30.000000
124.000000 35.000000
96.000000 59.000000
71.000000 88.000000
60.000000 123.000000
57.000000 158.000000
65.000000 195.000000
76.000000 232.000000
89.000000 264.000000
109.000000 291.000000
137.000000 314.000000
175.000000 326.000000
212.000000 311.000000
240.000000 285.000000
261.000000 256.000000
272.000000 224.000000
277.000000 187.000000
280.000000 147.000000
273.000000 112.000000
255.000000 82.000000
234.000000 49.000000
201.000000 28.000000
139.000000 125.000000
123.000000 123.000000
106.000000 122.000000
89.000000 121.000000
75.000000 126.000000
78.000000 136.000000
91.000000 131.000000
107.000000 132.000000
122.000000 134.000000
137.000000 136.000000
256.000000 120.000000
242.000000 115.000000
226.000000 115.000000
210.000000 117.000000
194.000000 121.000000
196.000000 131.000000
212.000000 128.000000
227.000000 125.000000
242.000000 125.000000
255.000000 127.000000
139.000000 153.000000
128.000000 144.000000
114.000000 141.000000
102.000000 145.000000
93.000000 152.000000
103.000000 157.000000
117.000000 159.000000
129.000000 157.000000
238.000000 145.000000
229.000000 139.000000
216.000000 138.000000
205.000000 143.000000
196.000000 151.000000
208.000000 153.000000
219.000000 153.000000
230.000000 151.000000
114.000000 149.000000
218.000000 145.000000
151.000000 150.000000
150.000000 168.000000
147.000000 185.000000
143.000000 201.000000
139.000000 216.000000
151.000000 224.000000
169.000000 230.000000
189.000000 223.000000
200.000000 213.000000
195.000000 199.000000
190.000000 185.000000
184.000000 165.000000
181.000000 149.000000
214.000000 252.000000
198.000000 251.000000
184.000000 249.000000
172.000000 254.000000
159.000000 251.000000
144.000000 254.000000
128.000000 257.000000
142.000000 267.000000
154.000000 273.000000
167.000000 277.000000
179.000000 276.000000
192.000000 271.000000
202.000000 263.000000
