191.000000 29.000000
150.000000 32.000000
114.000000 47.000000
102.000000 80.000000
93.000000 113.000000
87.000000 147.000000
88.000000 182.000000
96.000000 215.000000
102.000000 249.000000
126.000000 286.000000
163.000000 320.000000
210.000000 329.000000
237.000000 307.000000
243.000000 272.000000
258.000000 245.000000
266.000000 216.000000
271.000000 186.000000
275.000000 158.000000
275.000000 122.000000
274.000000 90.000000
259.000000 52.000000
225.000000 32.000000
172.000000 127.000000
159.000000 123.000000
145.000000 122.000000
132.000000 123.000000
120.000000 128.000000
125.000000 139.000000
135.000000 134.000000
146.000000 133.000000
158.000000 130.000000
170.000000 133.000000
264.000000 134.000000
254.000000 131.000000
242.000000 129.000000
228.000000 127.000000
219.000000 133.000000
221.000000 142.000000
229.000000 139.000000
243.000000 139.000000
252.000000 142.000000
259.000000 144.000000
168.000000 152.000000
161.000000 144.000000
150.000000 140.000000
140.000000 141.000000
131.000000 146.000000
139.000000 151.000000
148.000000 153.000000
157.000000 153.000000
256.000000 152.000000
248.000000 146.000000
237.000000 145.000000
227.000000 148.000000
222.000000 152.000000
229.000000 157.000000
241.000000 158.000000
250.000000 158.000000
148.000000 146.000000
237.000000 151.000000
184.000000 150.000000
187.000000 167.000000
181.000000 180.000000
175.000000 193.000000
164.000000 206.000000
185.000000 221.000000
202.000000 224.000000
220.000000 218.000000
237.000000 206.000000
223.000000 196.000000
211.000000 182.000000
209.000000 167.000000
208.000000 151.000000
237.000000 238.000000
225.000000 231.000000
213.000000 231.000000
202.000000 236.000000
190.000000 237.000000
174.000000 235.000000
151.000000 239.000000
168.000000 258.000000
184.000000 265.000000
197.000000 270.000000
213.000000 268.000000
221.000000 263.000000
233.000000 253.000000
