175.000000 33.000000
135.000000 35.000000
85.000000 58.000000
72.000000 95.000000
63.000000 129.000000
65.000000 161.000000
67.000000 196.000000
71.000000 229.000000
82.000000 265.000000
101.000000 295.000000
129.000000 321.000000
172.000000 333.000000
212.000000 317.000000
240.000000 289.000000
276.000000 258.000000
281.000000 226.000000
283.000000 192.000000
282.000000 160.000000
280.000000 124.000000
272.000000 89.000000
255.000000 59.000000
215.000000 32.000000
141.000000 126.000000
127.000000 122.000000
114.000000 119.000000
102.000000 124.000000
88.000000 126.000000
91.000000 138.000000
104.000000 137.000000
114.000000 131.000000
127.000000 133.000000
139.000000 137.000000
252.000000 127.000000
241.000000 120.000000
226.000000 119.000000
212.000000 121.000000
197.000000 125.000000
198.000000 135.000000
214.000000 132.000000
228.000000 129.000000
239.000000 133.000000
249.000000 137.000000
139.000000 156.000000
131.000000 148.000000
120.000000 144.000000
109.000000 146.000000
101.000000 152.000000
108.000000 157.000000
120.000000 159.000000
131.000000 158.000000
236.000000 151.000000
228.000000 146.000000
217.000000 144.000000
208.000000 148.000000
199.000000 155.000000
209.000000 158.000000
220.000000 158.000000
230.000000 157.000000
119.000000 151.000000
219.000000 151.000000
152.000000 150.000000
148.000000 168.000000
143.000000 184.000000
137.000000 199.000000
133.000000 215.000000
147.000000 223.000000
167.000000 228.000000
187.000000 223.000000
201.000000 213.000000
196.000000 200.000000
191.000000 185.000000
186.000000 168.000000
183.000000 151.000000
208.000000 253.000000
193.000000 248.000000
179.000000 245.000000
168.000000 249.000000
156.000000 245.000000
143.000000 249.000000
125.000000 255.000000
138.000000 263.000000
149.000000 270.000000
162.000000 275.000000
175.000000 275.000000
187.000000 270.000000
197.000000 262.000000
