154.000000 42.000000
121.000000 49.000000
92.000000 66.000000
70.000000 91.000000
67.000000 127.000000
60.000000 154.000000
65.000000 191.000000
69.000000 223.000000
76.000000 261.000000
94.000000 290.000000
128.000000 306.000000
172.000000 322.000000
217.000000 298.000000
261.000000 275.000000
276.000000 242.000000
284.000000 209.000000
281.000000 174.000000
277.000000 135.000000
259.000000 110.000000
249.000000 74.000000
226.000000 48.000000
190.000000 32.000000
133.000000 117.000000
116.000000 115.000000
102.000000 118.000000
90.000000 122.000000
83.000000 130.000000
86.000000 139.000000
94.000000 135.000000
104.000000 127.000000
116.000000 123.000000
131.000000 125.000000
240.000000 110.000000
228.000000 109.000000
215.000000 107.000000
202.000000 109.000000
190.000000 113.000000
192.000000 121.000000
204.000000 117.000000
216.000000 115.000000
226.000000 119.000000
238.000000 123.000000
136.000000 144.000000
127.000000 137.000000
115.000000 134.000000
104.000000 138.000000
96.000000 143.000000
105.000000 148.000000
117.000000 148.000000
127.000000 147.000000
227.000000 136.000000
217.000000 130.000000
205.000000 129.000000
195.000000 134.000000
188.000000 141.000000
198.000000 141.000000
209.000000 141.000000
218.000000 139.000000
114.000000 141.000000
209.000000 134.000000
148.000000 142.000000
146.000000 158.000000
143.000000 174.000000
138.000000 188.000000
128.000000 197.000000
150.000000 209.000000
163.000000 214.000000
180.000000 204.000000
196.000000 193.000000
188.000000 179.000000
182.000000 169.000000
172.000000 158.000000
177.000000 141.000000
216.000000 233.000000
198.000000 228.000000
179.000000 231.000000
170.000000 233.000000
155.000000 232.000000
139.000000 236.000000
126.000000 241.000000
137.000000 254.000000
147.000000 261.000000
165.000000 264.000000
178.000000 263.000000
189.000000 257.000000
199.000000 249.000000
