191.000000 47.000000
153.000000 51.000000
119.000000 67.000000
91.000000 93.000000
73.000000 126.000000
65.000000 163.000000
67.000000 203.000000
73.000000 242.000000
84.000000 278.000000
110.000000 308.000000
141.000000 335.000000
180.000000 347.000000
219.000000 332.000000
245.000000 307.000000
271.000000 276.000000
280.000000 242.000000
284.000000 213.000000
289.000000 174.000000
291.000000 136.000000
287.000000 100.000000
261.000000 72.000000
228.000000 54.000000
164.000000 146.000000
143.000000 144.000000
130.000000 140.000000
118.000000 143.000000
109.000000 146.000000
112.000000 162.000000
120.000000 156.000000
128.000000 154.000000
146.000000 154.000000
159.000000 158.000000
275.000000 156.000000
262.000000 150.000000
250.000000 147.000000
239.000000 148.000000
230.000000 149.000000
226.000000 157.000000
237.000000 158.000000
250.000000 159.000000
258.000000 162.000000
265.000000 169.000000
161.000000 167.000000
150.000000 160.000000
141.000000 158.000000
127.000000 159.000000
117.000000 169.000000
128.000000 176.000000
139.000000 176.000000
150.000000 172.000000
260.000000 179.000000
255.000000 170.000000
244.000000 168.000000
233.000000 166.000000
222.000000 175.000000
233.000000 180.000000
241.000000 183.000000
251.000000 184.000000
139.000000 166.000000
240.000000 173.000000
177.000000 169.000000
173.000000 187.000000
168.000000 205.000000
165.000000 217.000000
155.000000 237.000000
169.000000 248.000000
188.000000 255.000000
208.000000 251.000000
220.000000 240.000000
216.000000 224.000000
211.000000 208.000000
208.000000 190.000000
206.000000 170.000000
228.000000 277.000000
211.000000 274.000000
198.000000 271.000000
187.000000 275.000000
175.000000 270.000000
156.000000 271.000000
136.000000 271.000000
153.000000 284.000000
167.000000 288.000000
179.000000 289.000000
192.000000 293.000000
203.000000 292.000000
218.000000 288.000000
