156.000000 58.000000
129.000000 52.000000
89.000000 52.000000
69.000000 88.000000
64.000000 133.000000
67.000000 165.000000
70.000000 203.000000
72.000000 235.000000
79.000000 264.000000
89.000000 287.000000
107.000000 309.000000
144.000000 325.000000
181.000000 321.000000
221.000000 307.000000
242.000000 279.000000
263.000000 251.000000
275.000000 197.000000
276.000000 160.000000
266.000000 120.000000
259.000000 74.000000
222.000000 59.000000
185.000000 59.000000
120.000000 144.000000
108.000000 142.000000
99.000000 141.000000
87.000000 140.000000
77.000000 141.000000
79.000000 153.000000
89.000000 150.000000
97.000000 148.000000
108.000000 150.000000
116.000000 152.000000
222.000000 138.000000
210.000000 134.000000
198.000000 135.000000
186.000000 138.000000
174.000000 143.000000
176.000000 149.000000
188.000000 145.000000
200.000000 142.000000
210.000000 142.000000
220.000000 144.000000
115.000000 165.000000
115.000000 156.000000
104.000000 153.000000
93.000000 154.000000
89.000000 164.000000
96.000000 168.000000
104.000000 168.000000
122.000000 160.000000
211.000000 159.000000
202.000000 154.000000
193.000000 153.000000
183.000000 156.000000
176.000000 162.000000
185.000000 165.000000
194.000000 165.000000
204.000000 164.000000
103.000000 158.000000
194.000000 158.000000
135.000000 161.000000
131.000000 175.000000
126.000000 190.000000
120.000000 204.000000
115.000000 217.000000
129.000000 227.000000
142.000000 231.000000
162.000000 228.000000
181.000000 215.000000
175.000000 201.000000
169.000000 190.000000
165.000000 177.000000
162.000000 160.000000
191.000000 252.000000
172.000000 246.000000
160.000000 243.000000
149.000000 246.000000
135.000000 243.000000
123.000000 246.000000
109.000000 247.000000
119.000000 259.000000
129.000000 266.000000
143.000000 266.000000
157.000000 267.000000
169.000000 264.000000
179.000000 260.000000
