170.000000 33.000000
129.000000 37.000000
93.000000 58.000000
67.000000 86.000000
65.000000 122.000000
59.000000 156.000000
59.000000 198.000000
62.000000 237.000000
78.000000 268.000000
98.000000 300.000000
124.000000 323.000000
166.000000 338.000000
212.000000 334.000000
246.000000 304.000000
272.000000 272.000000
284.000000 235.000000
291.000000 198.000000
294.000000 160.000000
287.000000 124.000000
273.000000 84.000000
245.000000 55.000000
208.000000 35.000000
145.000000 123.000000
131.000000 118.000000
115.000000 115.000000
101.000000 114.000000
87.000000 118.000000
89.000000 126.000000
102.000000 124.000000
116.000000 126.000000
130.000000 129.000000
143.000000 132.000000
259.000000 124.000000
245.000000 120.000000
230.000000 119.000000
217.000000 121.000000
205.000000 126.000000
207.000000 134.000000
219.000000 131.000000
232.000000 129.000000
245.000000 130.000000
255.000000 135.000000
145.000000 155.000000
137.000000 146.000000
126.000000 141.000000
115.000000 142.000000
106.000000 147.000000
111.000000 153.000000
125.000000 155.000000
137.000000 155.000000
240.000000 152.000000
231.000000 146.000000
221.000000 145.000000
211.000000 148.000000
205.000000 156.000000
214.000000 158.000000
223.000000 159.000000
233.000000 157.000000
123.000000 147.000000
221.000000 151.000000
160.000000 152.000000
157.000000 170.000000
153.000000 187.000000
149.000000 203.000000
141.000000 220.000000
155.000000 230.000000
174.000000 235.000000
192.000000 231.000000
207.000000 221.000000
203.000000 205.000000
198.000000 190.000000
193.000000 171.000000
191.000000 154.000000
214.000000 267.000000
199.000000 259.000000
183.000000 255.000000
173.000000 258.000000
162.000000 255.000000
146.000000 258.000000
129.000000 265.000000
141.000000 277.000000
153.000000 283.000000
163.000000 288.000000
176.000000 287.000000
190.000000 280.000000
200.000000 275.000000
