187.000000 20.000000
149.000000 25.000000
115.000000 41.000000
87.000000 68.000000
69.000000 101.000000
62.000000 139.000000
57.000000 175.000000
57.000000 214.000000
62.000000 252.000000
83.000000 291.000000
116.000000 314.000000
185.000000 328.000000
237.000000 313.000000
277.000000 289.000000
297.000000 258.000000
300.000000 216.000000
301.000000 182.000000
306.000000 145.000000
301.000000 107.000000
284.000000 73.000000
258.000000 45.000000
224.000000 27.000000
159.000000 107.000000
141.000000 101.000000
124.000000 97.000000
106.000000 96.000000
92.000000 103.000000
94.000000 113.000000
109.000000 110.000000
124.000000 110.000000
139.000000 113.000000
155.000000 118.000000
283.000000 103.000000
269.000000 97.000000
254.000000 98.000000
239.000000 101.000000
222.000000 105.000000
224.000000 116.000000
240.000000 112.000000
255.000000 110.000000
269.000000 109.000000
282.000000 113.000000
156.000000 143.000000
147.000000 133.000000
133.000000 128.000000
120.000000 130.000000
109.000000 138.000000
119.000000 144.000000
132.000000 146.000000
145.000000 145.000000
265.000000 138.000000
256.000000 131.000000
243.000000 129.000000
231.000000 133.000000
221.000000 142.000000
233.000000 145.000000
245.000000 146.000000
256.000000 143.000000
132.000000 136.000000
243.000000 137.000000
171.000000 138.000000
166.000000 156.000000
161.000000 173.000000
153.000000 189.000000
149.000000 208.000000
165.000000 216.000000
186.000000 216.000000
205.000000 216.000000
220.000000 208.000000
219.000000 192.000000
212.000000 174.000000
207.000000 158.000000
204.000000 139.000000
226.000000 246.000000
209.000000 245.000000
196.000000 242.000000
185.000000 246.000000
175.000000 242.000000
159.000000 246.000000
141.000000 245.000000
153.000000 256.000000
165.000000 263.000000
178.000000 268.000000
192.000000 268.000000
204.000000 263.000000
216.000000 256.000000
