177.000000 41.000000
143.000000 47.000000
113.000000 63.000000
89.000000 88.000000
74.000000 118.000000
69.000000 152.000000
67.000000 190.000000
71.000000 226.000000
79.000000 258.000000
90.000000 293.000000
126.000000 321.000000
185.000000 333.000000
227.000000 319.000000
259.000000 292.000000
280.000000 258.000000
284.000000 215.000000
289.000000 181.000000
284.000000 147.000000
275.000000 117.000000
266.000000 85.000000
242.000000 61.000000
211.000000 46.000000
160.000000 118.000000
144.000000 115.000000
129.000000 114.000000
114.000000 115.000000
102.000000 122.000000
105.000000 129.000000
117.000000 125.000000
130.000000 125.000000
144.000000 126.000000
158.000000 129.000000
265.000000 122.000000
252.000000 116.000000
239.000000 116.000000
225.000000 118.000000
211.000000 123.000000
214.000000 133.000000
227.000000 129.000000
240.000000 127.000000
252.000000 126.000000
263.000000 129.000000
158.000000 154.000000
150.000000 145.000000
138.000000 142.000000
127.000000 143.000000
118.000000 148.000000
126.000000 154.000000
138.000000 156.000000
149.000000 155.000000
250.000000 149.000000
242.000000 144.000000
231.000000 142.000000
221.000000 145.000000
213.000000 153.000000
223.000000 156.000000
233.000000 155.000000
242.000000 154.000000
135.000000 148.000000
230.000000 149.000000
172.000000 149.000000
170.000000 168.000000
166.000000 184.000000
161.000000 199.000000
156.000000 216.000000
170.000000 223.000000
187.000000 227.000000
204.000000 224.000000
217.000000 216.000000
213.000000 201.000000
207.000000 185.000000
203.000000 168.000000
201.000000 149.000000
220.000000 266.000000
208.000000 253.000000
197.000000 249.000000
188.000000 252.000000
176.000000 249.000000
164.000000 254.000000
143.000000 264.000000
156.000000 271.000000
168.000000 274.000000
181.000000 276.000000
192.000000 277.000000
203.000000 278.000000
212.000000 273.000000
