172.000000 31.000000
135.000000 35.000000
104.000000 56.000000
84.000000 90.000000
74.000000 127.000000
71.000000 163.000000
67.000000 198.000000
72.000000 233.000000
85.000000 267.000000
109.000000 296.000000
141.000000 317.000000
181.000000 338.000000
224.000000 321.000000
254.000000 296.000000
279.000000 265.000000
290.000000 226.000000
291.000000 186.000000
283.000000 154.000000
275.000000 118.000000
264.000000 89.000000
243.000000 57.000000
211.000000 35.000000
141.000000 122.000000
129.000000 115.000000
119.000000 117.000000
106.000000 120.000000
97.000000 131.000000
105.000000 140.000000
112.000000 136.000000
122.000000 132.000000
134.000000 130.000000
147.000000 135.000000
261.000000 130.000000
252.000000 119.000000
238.000000 119.000000
225.000000 121.000000
213.000000 124.000000
216.000000 136.000000
226.000000 134.000000
235.000000 135.000000
245.000000 140.000000
256.000000 143.000000
153.000000 154.000000
144.000000 146.000000
132.000000 142.000000
120.000000 144.000000
109.000000 150.000000
121.000000 156.000000
131.000000 158.000000
141.000000 157.000000
243.000000 152.000000
236.000000 144.000000
223.000000 139.000000
213.000000 144.000000
206.000000 152.000000
216.000000 155.000000
227.000000 156.000000
237.000000 159.000000
130.000000 149.000000
225.000000 147.000000
166.000000 149.000000
162.000000 166.000000
159.000000 182.000000
152.000000 197.000000
148.000000 213.000000
164.000000 221.000000
184.000000 226.000000
201.000000 221.000000
214.000000 210.000000
210.000000 196.000000
203.000000 183.000000
197.000000 165.000000
194.000000 149.000000
232.000000 253.000000
207.000000 248.000000
194.000000 246.000000
184.000000 250.000000
172.000000 247.000000
158.000000 250.000000
136.000000 257.000000
152.000000 266.000000
162.000000 268.000000
175.000000 269.000000
187.000000 269.000000
206.000000 266.000000
218.000000 260.000000
