104.000000 77.000000
74.000000 93.000000
49.000000 116.000000
41.000000 146.000000
43.000000 176.000000
60.000000 207.000000
70.000000 237.000000
80.000000 258.000000
102.000000 289.000000
122.000000 316.000000
146.000000 336.000000
182.000000 341.000000
218.000000 314.000000
251.000000 284.000000
262.000000 256.000000
264.000000 221.000000
264.000000 182.000000
252.000000 151.000000
245.000000 115.000000
214.000000 82.000000
178.000000 59.000000
140.000000 63.000000
104.000000 161.000000
87.000000 159.000000
72.000000 159.000000
58.000000 164.000000
53.000000 172.000000
56.000000 177.000000
63.000000 173.000000
75.000000 170.000000
88.000000 169.000000
102.000000 169.000000
197.000000 128.000000
184.000000 127.000000
171.000000 130.000000
156.000000 137.000000
142.000000 145.000000
146.000000 154.000000
158.000000 147.000000
175.000000 140.000000
188.000000 136.000000
198.000000 138.000000
107.000000 188.000000
98.000000 182.000000
87.000000 181.000000
78.000000 185.000000
71.000000 193.000000
80.000000 196.000000
89.000000 196.000000
98.000000 193.000000
199.000000 157.000000
182.000000 154.000000
171.000000 157.000000
164.000000 163.000000
159.000000 171.000000
168.000000 171.000000
178.000000 169.000000
187.000000 164.000000
88.000000 188.000000
177.000000 161.000000
117.000000 183.000000
118.000000 199.000000
118.000000 214.000000
117.000000 230.000000
117.000000 247.000000
130.000000 250.000000
147.000000 249.000000
163.000000 234.000000
177.000000 227.000000
169.000000 215.000000
157.000000 203.000000
150.000000 189.000000
145.000000 177.000000
216.000000 239.000000
183.000000 255.000000
166.000000 260.000000
156.000000 266.000000
146.000000 266.000000
133.000000 271.000000
122.000000 274.000000
133.000000 288.000000
144.000000 293.000000
159.000000 295.000000
172.000000 291.000000
184.000000 277.000000
194.000000 264.000000
