174.000000 31.000000
138.000000 37.000000
106.000000 51.000000
85.000000 79.000000
73.000000 120.000000
67.000000 153.000000
70.000000 189.000000
76.000000 223.000000
80.000000 263.000000
105.000000 294.000000
137.000000 317.000000
185.000000 331.000000
228.000000 314.000000
257.000000 288.000000
273.000000 254.000000
278.000000 219.000000
277.000000 187.000000
281.000000 153.000000
276.000000 120.000000
268.000000 89.000000
245.000000 52.000000
210.000000 36.000000
153.000000 123.000000
137.000000 118.000000
122.000000 116.000000
107.000000 117.000000
92.000000 121.000000
95.000000 131.000000
108.000000 128.000000
123.000000 128.000000
137.000000 130.000000
151.000000 134.000000
264.000000 120.000000
252.000000 115.000000
238.000000 115.000000
223.000000 118.000000
210.000000 123.000000
212.000000 133.000000
226.000000 129.000000
239.000000 127.000000
251.000000 126.000000
262.000000 129.000000
153.000000 154.000000
145.000000 145.000000
133.000000 140.000000
121.000000 142.000000
112.000000 149.000000
121.000000 156.000000
132.000000 158.000000
142.000000 157.000000
251.000000 152.000000
241.000000 144.000000
228.000000 142.000000
217.000000 146.000000
208.000000 155.000000
219.000000 158.000000
231.000000 158.000000
241.000000 156.000000
130.000000 148.000000
228.000000 149.000000
167.000000 151.000000
164.000000 169.000000
160.000000 186.000000
154.000000 201.000000
150.000000 216.000000
165.000000 223.000000
182.000000 228.000000
200.000000 224.000000
214.000000 215.000000
210.000000 201.000000
204.000000 187.000000
199.000000 170.000000
196.000000 151.000000
216.000000 259.000000
205.000000 251.000000
192.000000 248.000000
181.000000 252.000000
170.000000 248.000000
156.000000 252.000000
140.000000 260.000000
149.000000 267.000000
161.000000 276.000000
173.000000 278.000000
188.000000 277.000000
200.000000 275.000000
209.000000 267.000000
