162.000000 43.000000
128.000000 46.000000
88.000000 46.000000
71.000000 69.000000
59.000000 113.000000
58.000000 145.000000
55.000000 178.000000
57.000000 215.000000
61.000000 253.000000
74.000000 284.000000
98.000000 312.000000
139.000000 329.000000
182.000000 319.000000
214.000000 294.000000
242.000000 264.000000
256.000000 235.000000
261.000000 195.000000
267.000000 160.000000
260.000000 125.000000
252.000000 92.000000
229.000000 67.000000
195.000000 51.000000
130.000000 128.000000
121.000000 125.000000
113.000000 123.000000
105.000000 125.000000
89.000000 129.000000
91.000000 132.000000
106.000000 133.000000
114.000000 132.000000
120.000000 134.000000
127.000000 137.000000
229.000000 139.000000
222.000000 134.000000
211.000000 129.000000
195.000000 128.000000
180.000000 129.000000
183.000000 141.000000
197.000000 139.000000
209.000000 139.000000
217.000000 142.000000
226.000000 146.000000
124.000000 158.000000
120.000000 146.000000
106.000000 140.000000
94.000000 141.000000
85.000000 147.000000
93.000000 155.000000
104.000000 158.000000
114.000000 158.000000
224.000000 160.000000
211.000000 151.000000
200.000000 149.000000
186.000000 149.000000
176.000000 153.000000
190.000000 164.000000
203.000000 166.000000
213.000000 164.000000
104.000000 149.000000
200.000000 157.000000
136.000000 154.000000
128.000000 173.000000
124.000000 186.000000
116.000000 203.000000
112.000000 219.000000
128.000000 229.000000
147.000000 230.000000
165.000000 229.000000
179.000000 224.000000
173.000000 209.000000
164.000000 195.000000
160.000000 176.000000
162.000000 156.000000
190.000000 257.000000
171.000000 257.000000
157.000000 255.000000
146.000000 258.000000
135.000000 260.000000
121.000000 254.000000
101.000000 256.000000
115.000000 271.000000
125.000000 277.000000
137.000000 278.000000
150.000000 276.000000
164.000000 275.000000
177.000000 271.000000
