172.000000 13.000000
133.000000 15.000000
100.000000 35.000000
76.000000 72.000000
55.000000 110.000000
58.000000 154.000000
59.000000 192.000000
66.000000 233.000000
79.000000 273.000000
103.000000 305.000000
132.000000 329.000000
173.000000 341.000000
210.000000 325.000000
244.000000 300.000000
268.000000 268.000000
281.000000 233.000000
289.000000 192.000000
291.000000 154.000000
285.000000 117.000000
269.000000 85.000000
256.000000 47.000000
221.000000 21.000000
143.000000 103.000000
127.000000 99.000000
111.000000 97.000000
96.000000 99.000000
82.000000 110.000000
85.000000 125.000000
99.000000 112.000000
113.000000 111.000000
127.000000 113.000000
142.000000 116.000000
261.000000 109.000000
251.000000 101.000000
236.000000 99.000000
222.000000 100.000000
207.000000 103.000000
208.000000 116.000000
224.000000 113.000000
239.000000 111.000000
250.000000 112.000000
260.000000 118.000000
144.000000 149.000000
133.000000 140.000000
121.000000 135.000000
109.000000 137.000000
99.000000 145.000000
108.000000 152.000000
119.000000 155.000000
131.000000 153.000000
255.000000 148.000000
239.000000 136.000000
228.000000 134.000000
217.000000 139.000000
208.000000 147.000000
220.000000 152.000000
231.000000 153.000000
243.000000 151.000000
119.000000 143.000000
229.000000 143.000000
157.000000 142.000000
154.000000 161.000000
150.000000 178.000000
145.000000 195.000000
140.000000 213.000000
159.000000 219.000000
173.000000 220.000000
189.000000 217.000000
206.000000 213.000000
203.000000 197.000000
199.000000 181.000000
194.000000 161.000000
192.000000 143.000000
216.000000 260.000000
202.000000 255.000000
187.000000 250.000000
176.000000 254.000000
163.000000 250.000000
149.000000 256.000000
133.000000 262.000000
143.000000 274.000000
154.000000 283.000000
168.000000 289.000000
183.000000 289.000000
195.000000 282.000000
206.000000 272.000000
