135.000000 19.000000
95.000000 38.000000
61.000000 83.000000
49.000000 126.000000
61.000000 164.000000
63.000000 195.000000
74.000000 226.000000
88.000000 256.000000
105.000000 283.000000
128.000000 305.000000
154.000000 324.000000
192.000000 330.000000
224.000000 311.000000
244.000000 280.000000
257.000000 249.000000
272.000000 214.000000
272.000000 177.000000
269.000000 148.000000
264.000000 116.000000
253.000000 87.000000
227.000000 52.000000
180.000000 16.000000
115.000000 157.000000
103.000000 157.000000
92.000000 157.000000
82.000000 160.000000
73.000000 173.000000
72.000000 166.000000
82.000000 169.000000
92.000000 163.000000
103.000000 163.000000
115.000000 163.000000
222.000000 126.000000
210.000000 126.000000
194.000000 128.000000
180.000000 134.000000
169.000000 140.000000
172.000000 147.000000
183.000000 140.000000
197.000000 135.000000
211.000000 135.000000
222.000000 135.000000
125.000000 184.000000
116.000000 175.000000
103.000000 172.000000
91.000000 177.000000
84.000000 186.000000
94.000000 190.000000
105.000000 190.000000
114.000000 187.000000
216.000000 152.000000
205.000000 147.000000
193.000000 149.000000
182.000000 155.000000
174.000000 164.000000
188.000000 167.000000
200.000000 165.000000
210.000000 159.000000
104.000000 180.000000
196.000000 156.000000
134.000000 178.000000
136.000000 193.000000
137.000000 209.000000
133.000000 223.000000
138.000000 236.000000
153.000000 239.000000
167.000000 233.000000
180.000000 227.000000
194.000000 227.000000
186.000000 213.000000
174.000000 201.000000
163.000000 183.000000
157.000000 168.000000
214.000000 251.000000
201.000000 251.000000
183.000000 255.000000
170.000000 257.000000
159.000000 262.000000
145.000000 265.000000
129.000000 265.000000
146.000000 285.000000
159.000000 287.000000
175.000000 292.000000
188.000000 288.000000
199.000000 280.000000
207.000000 270.000000
