171.000000 34.000000
133.000000 42.000000
99.000000 57.000000
78.000000 93.000000
73.000000 128.000000
69.000000 160.000000
72.000000 195.000000
79.000000 229.000000
87.000000 264.000000
110.000000 296.000000
142.000000 319.000000
181.000000 329.000000
229.000000 322.000000
260.000000 298.000000
283.000000 266.000000
291.000000 223.000000
290.000000 186.000000
282.000000 154.000000
280.000000 124.000000
274.000000 90.000000
259.000000 63.000000
212.000000 30.000000
154.000000 133.000000
138.000000 128.000000
124.000000 131.000000
113.000000 137.000000
102.000000 145.000000
105.000000 149.000000
115.000000 144.000000
126.000000 142.000000
137.000000 138.000000
152.000000 143.000000
258.000000 133.000000
244.000000 126.000000
233.000000 123.000000
219.000000 127.000000
205.000000 132.000000
207.000000 141.000000
221.000000 136.000000
235.000000 133.000000
246.000000 134.000000
255.000000 139.000000
155.000000 163.000000
145.000000 154.000000
134.000000 149.000000
122.000000 151.000000
107.000000 164.000000
119.000000 165.000000
131.000000 166.000000
142.000000 166.000000
254.000000 156.000000
239.000000 147.000000
226.000000 146.000000
215.000000 148.000000
205.000000 159.000000
216.000000 161.000000
229.000000 161.000000
240.000000 159.000000
129.000000 157.000000
227.000000 153.000000
165.000000 158.000000
162.000000 175.000000
157.000000 191.000000
151.000000 207.000000
150.000000 224.000000
165.000000 226.000000
185.000000 229.000000
200.000000 225.000000
215.000000 220.000000
212.000000 205.000000
205.000000 190.000000
199.000000 176.000000
195.000000 158.000000
232.000000 253.000000
212.000000 247.000000
195.000000 248.000000
183.000000 252.000000
170.000000 249.000000
155.000000 251.000000
137.000000 255.000000
147.000000 270.000000
159.000000 280.000000
176.000000 285.000000
191.000000 284.000000
205.000000 277.000000
216.000000 267.000000
