204.000000 47.000000
159.000000 46.000000
117.000000 55.000000
83.000000 82.000000
82.000000 117.000000
72.000000 150.000000
67.000000 187.000000
66.000000 224.000000
73.000000 258.000000
95.000000 290.000000
123.000000 315.000000
164.000000 331.000000
203.000000 323.000000
231.000000 302.000000
254.000000 278.000000
274.000000 249.000000
285.000000 217.000000
292.000000 180.000000
287.000000 146.000000
280.000000 112.000000
271.000000 87.000000
242.000000 60.000000
162.000000 127.000000
148.000000 122.000000
135.000000 118.000000
121.000000 114.000000
106.000000 126.000000
106.000000 138.000000
120.000000 128.000000
134.000000 131.000000
146.000000 134.000000
159.000000 138.000000
267.000000 148.000000
254.000000 136.000000
240.000000 136.000000
226.000000 135.000000
213.000000 137.000000
213.000000 147.000000
226.000000 147.000000
240.000000 148.000000
252.000000 151.000000
264.000000 159.000000
155.000000 158.000000
148.000000 150.000000
136.000000 145.000000
125.000000 144.000000
114.000000 152.000000
125.000000 154.000000
135.000000 157.000000
144.000000 158.000000
254.000000 172.000000
240.000000 162.000000
230.000000 160.000000
220.000000 161.000000
212.000000 166.000000
221.000000 170.000000
229.000000 172.000000
239.000000 172.000000
136.000000 150.000000
230.000000 165.000000
171.000000 157.000000
171.000000 178.000000
165.000000 195.000000
153.000000 205.000000
146.000000 217.000000
159.000000 227.000000
176.000000 234.000000
192.000000 233.000000
208.000000 226.000000
207.000000 211.000000
200.000000 194.000000
201.000000 178.000000
200.000000 162.000000
213.000000 265.000000
195.000000 259.000000
185.000000 255.000000
173.000000 257.000000
161.000000 252.000000
148.000000 253.000000
133.000000 254.000000
143.000000 265.000000
153.000000 271.000000
165.000000 276.000000
176.000000 278.000000
188.000000 276.000000
197.000000 272.000000
