189.000000 32.000000
150.000000 36.000000
110.000000 43.000000
80.000000 80.000000
75.000000 118.000000
68.000000 149.000000
65.000000 182.000000
69.000000 216.000000
78.000000 251.000000
92.000000 282.000000
113.000000 310.000000
147.000000 335.000000
192.000000 323.000000
220.000000 302.000000
248.000000 277.000000
267.000000 239.000000
267.000000 197.000000
272.000000 166.000000
272.000000 133.000000
276.000000 96.000000
253.000000 73.000000
231.000000 44.000000
132.000000 129.000000
122.000000 124.000000
112.000000 118.000000
100.000000 117.000000
89.000000 120.000000
93.000000 135.000000
102.000000 131.000000
113.000000 129.000000
124.000000 131.000000
130.000000 135.000000
240.000000 135.000000
227.000000 126.000000
215.000000 125.000000
204.000000 125.000000
192.000000 133.000000
192.000000 142.000000
207.000000 139.000000
215.000000 139.000000
226.000000 143.000000
236.000000 146.000000
139.000000 147.000000
127.000000 140.000000
117.000000 135.000000
107.000000 137.000000
96.000000 147.000000
106.000000 149.000000
115.000000 152.000000
125.000000 152.000000
232.000000 159.000000
220.000000 149.000000
208.000000 142.000000
198.000000 145.000000
189.000000 152.000000
198.000000 157.000000
212.000000 162.000000
223.000000 160.000000
118.000000 143.000000
209.000000 152.000000
147.000000 148.000000
142.000000 164.000000
136.000000 179.000000
127.000000 191.000000
124.000000 207.000000
136.000000 218.000000
153.000000 224.000000
170.000000 221.000000
184.000000 210.000000
182.000000 197.000000
178.000000 183.000000
175.000000 166.000000
174.000000 150.000000
202.000000 248.000000
179.000000 242.000000
167.000000 240.000000
153.000000 240.000000
141.000000 240.000000
129.000000 238.000000
117.000000 246.000000
123.000000 258.000000
131.000000 267.000000
144.000000 274.000000
159.000000 275.000000
172.000000 270.000000
183.000000 262.000000
