191.000000 38.000000
145.000000 28.000000
102.000000 52.000000
83.000000 93.000000
82.000000 129.000000
77.000000 160.000000
79.000000 199.000000
85.000000 235.000000
95.000000 270.000000
118.000000 297.000000
147.000000 319.000000
187.000000 333.000000
224.000000 316.000000
248.000000 292.000000
272.000000 266.000000
275.000000 231.000000
277.000000 195.000000
282.000000 161.000000
277.000000 129.000000
269.000000 99.000000
262.000000 67.000000
237.000000 39.000000
161.000000 134.000000
144.000000 132.000000
130.000000 127.000000
115.000000 129.000000
102.000000 137.000000
104.000000 145.000000
117.000000 140.000000
131.000000 139.000000
144.000000 141.000000
158.000000 144.000000
266.000000 136.000000
253.000000 129.000000
239.000000 129.000000
226.000000 132.000000
213.000000 137.000000
215.000000 146.000000
227.000000 142.000000
240.000000 140.000000
253.000000 140.000000
263.000000 144.000000
161.000000 166.000000
153.000000 160.000000
140.000000 155.000000
128.000000 157.000000
119.000000 164.000000
128.000000 169.000000
139.000000 170.000000
150.000000 170.000000
253.000000 164.000000
241.000000 156.000000
230.000000 156.000000
220.000000 160.000000
213.000000 168.000000
223.000000 170.000000
233.000000 170.000000
244.000000 167.000000
138.000000 162.000000
232.000000 163.000000
175.000000 166.000000
171.000000 181.000000
168.000000 197.000000
162.000000 212.000000
158.000000 228.000000
170.000000 238.000000
186.000000 243.000000
202.000000 239.000000
214.000000 228.000000
211.000000 214.000000
207.000000 199.000000
202.000000 181.000000
200.000000 166.000000
219.000000 266.000000
206.000000 264.000000
195.000000 262.000000
186.000000 265.000000
178.000000 262.000000
166.000000 265.000000
153.000000 268.000000
161.000000 277.000000
171.000000 283.000000
181.000000 287.000000
192.000000 287.000000
202.000000 282.000000
209.000000 276.000000
