168.000000 30.000000
129.000000 40.000000
92.000000 55.000000
76.000000 95.000000
63.000000 125.000000
58.000000 157.000000
59.000000 193.000000
65.000000 226.000000
75.000000 260.000000
94.000000 289.000000
119.000000 316.000000
161.000000 331.000000
211.000000 322.000000
240.000000 298.000000
257.000000 266.000000
272.000000 234.000000
278.000000 192.000000
274.000000 153.000000
262.000000 124.000000
258.000000 93.000000
244.000000 51.000000
208.000000 32.000000
135.000000 125.000000
119.000000 119.000000
104.000000 116.000000
89.000000 118.000000
76.000000 124.000000
80.000000 131.000000
91.000000 128.000000
105.000000 127.000000
118.000000 129.000000
131.000000 133.000000
245.000000 124.000000
231.000000 118.000000
215.000000 114.000000
200.000000 117.000000
185.000000 122.000000
188.000000 131.000000
202.000000 126.000000
219.000000 129.000000
231.000000 133.000000
243.000000 140.000000
135.000000 153.000000
124.000000 145.000000
112.000000 141.000000
101.000000 143.000000
92.000000 150.000000
100.000000 155.000000
111.000000 157.000000
122.000000 156.000000
231.000000 148.000000
222.000000 140.000000
210.000000 139.000000
198.000000 144.000000
188.000000 151.000000
199.000000 154.000000
212.000000 155.000000
223.000000 153.000000
112.000000 148.000000
211.000000 146.000000
146.000000 149.000000
142.000000 167.000000
137.000000 183.000000
131.000000 198.000000
127.000000 214.000000
141.000000 223.000000
160.000000 227.000000
178.000000 221.000000
192.000000 211.000000
188.000000 198.000000
182.000000 184.000000
177.000000 167.000000
174.000000 150.000000
210.000000 246.000000
190.000000 242.000000
173.000000 242.000000
161.000000 244.000000
148.000000 240.000000
130.000000 243.000000
116.000000 248.000000
126.000000 264.000000
138.000000 274.000000
153.000000 279.000000
169.000000 279.000000
184.000000 271.000000
197.000000 261.000000
