135.000000 39.000000
86.000000 53.000000
68.000000 84.000000
65.000000 126.000000
66.000000 168.000000
71.000000 185.000000
73.000000 214.000000
75.000000 242.000000
82.000000 269.000000
98.000000 300.000000
122.000000 321.000000
162.000000 330.000000
201.000000 322.000000
227.000000 298.000000
259.000000 271.000000
264.000000 234.000000
264.000000 197.000000
258.000000 158.000000
258.000000 126.000000
244.000000 94.000000
226.000000 67.000000
186.000000 33.000000
119.000000 143.000000
105.000000 141.000000
93.000000 143.000000
82.000000 145.000000
66.000000 146.000000
72.000000 156.000000
83.000000 154.000000
93.000000 152.000000
104.000000 149.000000
118.000000 151.000000
220.000000 131.000000
201.000000 129.000000
188.000000 131.000000
172.000000 135.000000
156.000000 142.000000
162.000000 149.000000
176.000000 144.000000
190.000000 140.000000
205.000000 140.000000
218.000000 137.000000
122.000000 169.000000
113.000000 162.000000
102.000000 159.000000
93.000000 162.000000
81.000000 170.000000
92.000000 173.000000
102.000000 173.000000
113.000000 172.000000
213.000000 156.000000
199.000000 150.000000
189.000000 151.000000
175.000000 156.000000
170.000000 163.000000
183.000000 164.000000
192.000000 164.000000
201.000000 162.000000
101.000000 166.000000
192.000000 156.000000
133.000000 165.000000
131.000000 180.000000
127.000000 197.000000
124.000000 211.000000
123.000000 225.000000
136.000000 233.000000
154.000000 235.000000
166.000000 225.000000
170.000000 217.000000
168.000000 205.000000
166.000000 193.000000
159.000000 180.000000
154.000000 166.000000
196.000000 253.000000
180.000000 251.000000
167.000000 250.000000
156.000000 254.000000
144.000000 252.000000
131.000000 256.000000
115.000000 262.000000
128.000000 271.000000
139.000000 277.000000
152.000000 280.000000
165.000000 279.000000
176.000000 273.000000
185.000000 264.000000
