161.000000 74.000000
132.000000 79.000000
103.000000 79.000000
80.000000 104.000000
74.000000 142.000000
71.000000 172.000000
65.000000 201.000000
73.000000 238.000000
88.000000 267.000000
112.000000 292.000000
134.000000 319.000000
179.000000 332.000000
211.000000 312.000000
235.000000 290.000000
254.000000 268.000000
275.000000 238.000000
283.000000 197.000000
280.000000 162.000000
270.000000 134.000000
257.000000 108.000000
244.000000 77.000000
201.000000 73.000000
141.000000 142.000000
129.000000 139.000000
116.000000 137.000000
104.000000 136.000000
94.000000 139.000000
96.000000 146.000000
107.000000 145.000000
117.000000 146.000000
129.000000 147.000000
140.000000 150.000000
235.000000 131.000000
225.000000 128.000000
213.000000 129.000000
202.000000 132.000000
190.000000 136.000000
191.000000 145.000000
204.000000 141.000000
216.000000 138.000000
226.000000 137.000000
235.000000 137.000000
143.000000 166.000000
135.000000 158.000000
125.000000 156.000000
116.000000 158.000000
108.000000 163.000000
115.000000 168.000000
123.000000 169.000000
131.000000 168.000000
226.000000 155.000000
218.000000 150.000000
208.000000 150.000000
199.000000 154.000000
191.000000 162.000000
200.000000 163.000000
210.000000 163.000000
219.000000 161.000000
124.000000 162.000000
209.000000 156.000000
154.000000 162.000000
153.000000 176.000000
151.000000 190.000000
148.000000 203.000000
139.000000 228.000000
151.000000 236.000000
169.000000 236.000000
181.000000 233.000000
201.000000 221.000000
191.000000 201.000000
186.000000 189.000000
182.000000 175.000000
179.000000 160.000000
214.000000 240.000000
197.000000 248.000000
184.000000 254.000000
171.000000 253.000000
162.000000 256.000000
148.000000 253.000000
132.000000 247.000000
140.000000 265.000000
156.000000 271.000000
168.000000 274.000000
182.000000 273.000000
196.000000 270.000000
205.000000 258.000000
