188.000000 78.000000
157.000000 81.000000
128.000000 93.000000
105.000000 113.000000
89.000000 140.000000
82.000000 170.000000
82.000000 203.000000
84.000000 237.000000
94.000000 268.000000
113.000000 295.000000
138.000000 316.000000
171.000000 327.000000
207.000000 319.000000
233.000000 301.000000
253.000000 276.000000
265.000000 248.000000
272.000000 216.000000
279.000000 184.000000
277.000000 153.000000
265.000000 125.000000
244.000000 101.000000
218.000000 85.000000
162.000000 142.000000
148.000000 137.000000
138.000000 137.000000
125.000000 140.000000
111.000000 143.000000
114.000000 153.000000
126.000000 151.000000
137.000000 145.000000
148.000000 148.000000
160.000000 153.000000
252.000000 152.000000
239.000000 144.000000
232.000000 143.000000
217.000000 143.000000
206.000000 148.000000
209.000000 156.000000
220.000000 153.000000
232.000000 151.000000
243.000000 156.000000
249.000000 160.000000
160.000000 172.000000
152.000000 162.000000
141.000000 158.000000
129.000000 159.000000
121.000000 165.000000
130.000000 171.000000
139.000000 173.000000
149.000000 174.000000
243.000000 173.000000
235.000000 166.000000
224.000000 164.000000
214.000000 167.000000
207.000000 175.000000
216.000000 179.000000
226.000000 181.000000
236.000000 179.000000
139.000000 165.000000
224.000000 172.000000
173.000000 170.000000
169.000000 185.000000
164.000000 199.000000
159.000000 212.000000
155.000000 225.000000
167.000000 233.000000
180.000000 238.000000
193.000000 236.000000
205.000000 228.000000
202.000000 214.000000
199.000000 202.000000
197.000000 186.000000
195.000000 172.000000
212.000000 264.000000
200.000000 260.000000
189.000000 256.000000
178.000000 259.000000
166.000000 254.000000
153.000000 257.000000
139.000000 259.000000
150.000000 268.000000
159.000000 274.000000
171.000000 279.000000
183.000000 281.000000
193.000000 277.000000
203.000000 272.000000
