210.000000 31.000000
172.000000 33.000000
137.000000 46.000000
108.000000 69.000000
87.000000 100.000000
77.000000 136.000000
61.000000 174.000000
61.000000 215.000000
66.000000 261.000000
91.000000 299.000000
129.000000 329.000000
181.000000 345.000000
226.000000 321.000000
255.000000 298.000000
278.000000 270.000000
293.000000 235.000000
306.000000 201.000000
315.000000 164.000000
313.000000 126.000000
300.000000 91.000000
277.000000 62.000000
246.000000 41.000000
182.000000 118.000000
165.000000 111.000000
148.000000 106.000000
131.000000 102.000000
113.000000 107.000000
115.000000 119.000000
131.000000 118.000000
147.000000 121.000000
162.000000 125.000000
177.000000 131.000000
297.000000 127.000000
283.000000 119.000000
268.000000 118.000000
252.000000 121.000000
236.000000 126.000000
239.000000 138.000000
254.000000 134.000000
268.000000 133.000000
282.000000 134.000000
293.000000 138.000000
172.000000 152.000000
167.000000 141.000000
155.000000 135.000000
142.000000 135.000000
132.000000 140.000000
140.000000 149.000000
151.000000 153.000000
162.000000 154.000000
281.000000 164.000000
263.000000 150.000000
251.000000 148.000000
238.000000 151.000000
229.000000 161.000000
240.000000 165.000000
252.000000 165.000000
264.000000 164.000000
151.000000 142.000000
252.000000 156.000000
189.000000 150.000000
183.000000 170.000000
179.000000 188.000000
168.000000 203.000000
164.000000 221.000000
179.000000 231.000000
194.000000 238.000000
212.000000 236.000000
231.000000 227.000000
229.000000 210.000000
224.000000 193.000000
220.000000 174.000000
219.000000 153.000000
224.000000 273.000000
212.000000 267.000000
201.000000 263.000000
190.000000 265.000000
179.000000 260.000000
166.000000 262.000000
150.000000 262.000000
158.000000 273.000000
168.000000 282.000000
181.000000 288.000000
194.000000 290.000000
206.000000 287.000000
216.000000 281.000000
