193.000000 112.000000
169.000000 112.000000
144.000000 112.000000
120.000000 121.000000
112.000000 154.000000
105.000000 177.000000
103.000000 203.000000
103.000000 229.000000
107.000000 256.000000
120.000000 279.000000
140.000000 299.000000
169.000000 312.000000
197.000000 306.000000
219.000000 290.000000
234.000000 272.000000
244.000000 250.000000
251.000000 227.000000
258.000000 201.000000
258.000000 177.000000
260.000000 152.000000
249.000000 127.000000
219.000000 117.000000
168.000000 159.000000
160.000000 155.000000
148.000000 154.000000
138.000000 155.000000
127.000000 155.000000
129.000000 164.000000
138.000000 164.000000
148.000000 162.000000
155.000000 160.000000
165.000000 164.000000
249.000000 173.000000
239.000000 168.000000
231.000000 167.000000
224.000000 165.000000
216.000000 170.000000
214.000000 167.000000
224.000000 172.000000
231.000000 173.000000
240.000000 176.000000
246.000000 178.000000
167.000000 180.000000
168.000000 172.000000
154.000000 168.000000
145.000000 168.000000
134.000000 175.000000
143.000000 177.000000
151.000000 181.000000
160.000000 181.000000
237.000000 186.000000
229.000000 180.000000
217.000000 176.000000
212.000000 180.000000
206.000000 185.000000
213.000000 189.000000
221.000000 190.000000
229.000000 190.000000
151.000000 173.000000
220.000000 183.000000
176.000000 180.000000
173.000000 195.000000
170.000000 207.000000
169.000000 219.000000
166.000000 226.000000
170.000000 234.000000
182.000000 236.000000
192.000000 238.000000
203.000000 232.000000
202.000000 220.000000
198.000000 209.000000
197.000000 196.000000
197.000000 183.000000
206.000000 266.000000
193.000000 258.000000
184.000000 253.000000
176.000000 255.000000
168.000000 251.000000
158.000000 253.000000
148.000000 256.000000
154.000000 265.000000
161.000000 270.000000
169.000000 275.000000
179.000000 276.000000
187.000000 273.000000
198.000000 272.000000
