161.000000 53.000000
124.000000 66.000000
84.000000 76.000000
69.000000 113.000000
64.000000 151.000000
61.000000 183.000000
65.000000 216.000000
73.000000 247.000000
86.000000 278.000000
109.000000 305.000000
135.000000 328.000000
170.000000 339.000000
205.000000 322.000000
229.000000 295.000000
250.000000 265.000000
262.000000 235.000000
267.000000 200.000000
266.000000 168.000000
259.000000 137.000000
256.000000 107.000000
239.000000 80.000000
206.000000 61.000000
131.000000 152.000000
118.000000 149.000000
107.000000 147.000000
94.000000 145.000000
81.000000 149.000000
83.000000 157.000000
95.000000 156.000000
107.000000 156.000000
119.000000 158.000000
129.000000 160.000000
242.000000 143.000000
231.000000 140.000000
221.000000 141.000000
207.000000 147.000000
188.000000 155.000000
194.000000 162.000000
209.000000 156.000000
219.000000 152.000000
229.000000 149.000000
241.000000 149.000000
135.000000 179.000000
127.000000 170.000000
114.000000 166.000000
102.000000 168.000000
93.000000 174.000000
102.000000 181.000000
113.000000 183.000000
124.000000 182.000000
237.000000 166.000000
221.000000 162.000000
208.000000 161.000000
197.000000 166.000000
189.000000 175.000000
200.000000 179.000000
212.000000 179.000000
226.000000 176.000000
113.000000 173.000000
208.000000 169.000000
147.000000 171.000000
146.000000 190.000000
143.000000 207.000000
138.000000 224.000000
134.000000 241.000000
148.000000 247.000000
164.000000 250.000000
185.000000 245.000000
191.000000 232.000000
188.000000 219.000000
181.000000 207.000000
177.000000 187.000000
174.000000 170.000000
206.000000 269.000000
191.000000 270.000000
170.000000 273.000000
161.000000 272.000000
154.000000 272.000000
142.000000 273.000000
126.000000 270.000000
137.000000 285.000000
149.000000 292.000000
163.000000 296.000000
177.000000 292.000000
185.000000 286.000000
196.000000 279.000000
