168.000000 15.000000
118.000000 23.000000
93.000000 49.000000
75.000000 83.000000
60.000000 117.000000
56.000000 154.000000
55.000000 192.000000
61.000000 240.000000
79.000000 283.000000
111.000000 307.000000
145.000000 319.000000
186.000000 324.000000
224.000000 318.000000
257.000000 291.000000
289.000000 262.000000
298.000000 222.000000
300.000000 177.000000
301.000000 138.000000
293.000000 96.000000
275.000000 60.000000
245.000000 37.000000
208.000000 23.000000
148.000000 108.000000
131.000000 106.000000
117.000000 103.000000
101.000000 103.000000
85.000000 109.000000
87.000000 119.000000
102.000000 114.000000
117.000000 115.000000
133.000000 117.000000
149.000000 120.000000
266.000000 103.000000
252.000000 97.000000
236.000000 97.000000
220.000000 100.000000
204.000000 106.000000
207.000000 117.000000
224.000000 113.000000
239.000000 109.000000
253.000000 109.000000
265.000000 110.000000
142.000000 147.000000
134.000000 136.000000
122.000000 131.000000
102.000000 137.000000
95.000000 151.000000
109.000000 153.000000
119.000000 151.000000
132.000000 149.000000
266.000000 144.000000
248.000000 129.000000
231.000000 127.000000
221.000000 132.000000
214.000000 141.000000
225.000000 145.000000
237.000000 145.000000
250.000000 144.000000
120.000000 140.000000
239.000000 137.000000
159.000000 140.000000
159.000000 159.000000
150.000000 178.000000
145.000000 191.000000
155.000000 201.000000
171.000000 202.000000
187.000000 201.000000
201.000000 200.000000
214.000000 198.000000
216.000000 186.000000
205.000000 175.000000
197.000000 157.000000
195.000000 138.000000
224.000000 241.000000
207.000000 235.000000
196.000000 231.000000
183.000000 235.000000
168.000000 232.000000
152.000000 237.000000
134.000000 244.000000
153.000000 253.000000
166.000000 254.000000
178.000000 256.000000
192.000000 259.000000
202.000000 256.000000
215.000000 252.000000
