185.000000 40.000000
151.000000 47.000000
120.000000 63.000000
96.000000 88.000000
81.000000 120.000000
76.000000 154.000000
78.000000 192.000000
84.000000 228.000000
96.000000 265.000000
121.000000 294.000000
155.000000 314.000000
198.000000 325.000000
237.000000 318.000000
264.000000 297.000000
286.000000 260.000000
294.000000 222.000000
298.000000 184.000000
299.000000 149.000000
292.000000 115.000000
276.000000 84.000000
251.000000 60.000000
219.000000 45.000000
167.000000 118.000000
153.000000 114.000000
137.000000 111.000000
121.000000 110.000000
109.000000 115.000000
110.000000 123.000000
123.000000 120.000000
137.000000 121.000000
153.000000 124.000000
167.000000 129.000000
274.000000 114.000000
260.000000 110.000000
246.000000 110.000000
233.000000 113.000000
221.000000 118.000000
224.000000 127.000000
237.000000 123.000000
249.000000 121.000000
261.000000 120.000000
273.000000 121.000000
164.000000 149.000000
154.000000 138.000000
143.000000 134.000000
131.000000 136.000000
123.000000 142.000000
129.000000 149.000000
141.000000 151.000000
153.000000 150.000000
261.000000 141.000000
251.000000 134.000000
240.000000 134.000000
231.000000 138.000000
223.000000 146.000000
233.000000 149.000000
243.000000 149.000000
254.000000 147.000000
140.000000 142.000000
242.000000 141.000000
179.000000 147.000000
179.000000 168.000000
178.000000 179.000000
169.000000 193.000000
166.000000 208.000000
184.000000 217.000000
208.000000 217.000000
218.000000 214.000000
227.000000 207.000000
226.000000 191.000000
216.000000 178.000000
211.000000 162.000000
208.000000 146.000000
236.000000 245.000000
220.000000 241.000000
207.000000 238.000000
196.000000 242.000000
183.000000 239.000000
168.000000 244.000000
153.000000 253.000000
164.000000 261.000000
182.000000 266.000000
196.000000 266.000000
206.000000 264.000000
216.000000 263.000000
226.000000 255.000000
