140.000000 44.000000
103.000000 52.000000
75.000000 63.000000
52.000000 98.000000
48.000000 123.000000
54.000000 164.000000
54.000000 187.000000
59.000000 217.000000
65.000000 247.000000
71.000000 275.000000
87.000000 306.000000
124.000000 326.000000
159.000000 316.000000
192.000000 296.000000
222.000000 269.000000
233.000000 238.000000
248.000000 207.000000
245.000000 173.000000
240.000000 133.000000
216.000000 107.000000
215.000000 77.000000
215.000000 38.000000
101.000000 132.000000
89.000000 127.000000
77.000000 122.000000
66.000000 121.000000
55.000000 125.000000
56.000000 131.000000
66.000000 131.000000
77.000000 132.000000
88.000000 135.000000
99.000000 140.000000
198.000000 133.000000
187.000000 127.000000
173.000000 126.000000
161.000000 128.000000
148.000000 132.000000
150.000000 140.000000
162.000000 137.000000
174.000000 135.000000
186.000000 135.000000
195.000000 139.000000
101.000000 163.000000
96.000000 154.000000
87.000000 147.000000
76.000000 148.000000
67.000000 154.000000
73.000000 162.000000
82.000000 165.000000
91.000000 165.000000
189.000000 161.000000
177.000000 153.000000
166.000000 152.000000
153.000000 155.000000
146.000000 167.000000
160.000000 172.000000
174.000000 173.000000
180.000000 167.000000
86.000000 155.000000
168.000000 160.000000
108.000000 166.000000
103.000000 182.000000
95.000000 195.000000
93.000000 208.000000
89.000000 219.000000
97.000000 237.000000
123.000000 233.000000
138.000000 229.000000
143.000000 218.000000
141.000000 209.000000
136.000000 196.000000
131.000000 181.000000
138.000000 161.000000
162.000000 259.000000
145.000000 260.000000
134.000000 256.000000
123.000000 260.000000
113.000000 240.000000
102.000000 252.000000
84.000000 251.000000
93.000000 266.000000
105.000000 271.000000
116.000000 273.000000
129.000000 273.000000
143.000000 272.000000
157.000000 265.000000
