167.000000 33.000000
132.000000 37.000000
96.000000 53.000000
82.000000 86.000000
67.000000 116.000000
62.000000 150.000000
67.000000 183.000000
76.000000 217.000000
89.000000 249.000000
106.000000 279.000000
128.000000 307.000000
170.000000 319.000000
209.000000 296.000000
238.000000 272.000000
254.000000 244.000000
266.000000 213.000000
273.000000 179.000000
278.000000 146.000000
272.000000 113.000000
256.000000 83.000000
252.000000 61.000000
218.000000 39.000000
151.000000 118.000000
134.000000 120.000000
121.000000 118.000000
112.000000 118.000000
102.000000 131.000000
98.000000 120.000000
113.000000 129.000000
123.000000 126.000000
136.000000 131.000000
151.000000 131.000000
246.000000 125.000000
234.000000 124.000000
221.000000 120.000000
207.000000 119.000000
193.000000 123.000000
194.000000 133.000000
209.000000 131.000000
219.000000 131.000000
232.000000 133.000000
244.000000 137.000000
141.000000 150.000000
133.000000 139.000000
121.000000 133.000000
108.000000 135.000000
99.000000 143.000000
108.000000 150.000000
119.000000 152.000000
130.000000 152.000000
240.000000 143.000000
228.000000 139.000000
215.000000 143.000000
207.000000 135.000000
197.000000 148.000000
207.000000 151.000000
219.000000 152.000000
233.000000 152.000000
121.000000 142.000000
219.000000 136.000000
155.000000 144.000000
153.000000 161.000000
149.000000 177.000000
143.000000 194.000000
141.000000 210.000000
154.000000 217.000000
170.000000 221.000000
186.000000 216.000000
199.000000 208.000000
195.000000 193.000000
190.000000 177.000000
186.000000 159.000000
184.000000 144.000000
204.000000 247.000000
191.000000 239.000000
179.000000 235.000000
170.000000 238.000000
158.000000 235.000000
146.000000 239.000000
134.000000 245.000000
142.000000 253.000000
151.000000 259.000000
164.000000 264.000000
177.000000 264.000000
187.000000 260.000000
196.000000 254.000000
