225.000000 80.000000
187.000000 78.000000
151.000000 69.000000
123.000000 85.000000
100.000000 114.000000
87.000000 148.000000
74.000000 187.000000
77.000000 231.000000
87.000000 267.000000
114.000000 295.000000
138.000000 323.000000
175.000000 341.000000
209.000000 329.000000
242.000000 312.000000
262.000000 286.000000
281.000000 251.000000
288.000000 215.000000
297.000000 196.000000
291.000000 161.000000
297.000000 126.000000
290.000000 94.000000
256.000000 96.000000
184.000000 155.000000
170.000000 150.000000
156.000000 148.000000
140.000000 141.000000
127.000000 147.000000
125.000000 156.000000
141.000000 153.000000
155.000000 168.000000
167.000000 158.000000
182.000000 165.000000
292.000000 169.000000
284.000000 159.000000
275.000000 157.000000
257.000000 162.000000
239.000000 168.000000
242.000000 174.000000
258.000000 171.000000
273.000000 167.000000
284.000000 167.000000
294.000000 170.000000
178.000000 172.000000
174.000000 166.000000
164.000000 163.000000
147.000000 174.000000
135.000000 168.000000
148.000000 164.000000
159.000000 176.000000
167.000000 178.000000
281.000000 188.000000
274.000000 179.000000
262.000000 174.000000
251.000000 180.000000
238.000000 184.000000
244.000000 194.000000
260.000000 194.000000
272.000000 194.000000
158.000000 159.000000
255.000000 176.000000
197.000000 174.000000
191.000000 191.000000
184.000000 206.000000
177.000000 221.000000
169.000000 236.000000
179.000000 247.000000
194.000000 254.000000
210.000000 254.000000
224.000000 249.000000
224.000000 232.000000
222.000000 215.000000
222.000000 200.000000
224.000000 180.000000
224.000000 284.000000
209.000000 280.000000
200.000000 275.000000
188.000000 277.000000
179.000000 271.000000
164.000000 271.000000
147.000000 269.000000
157.000000 282.000000
166.000000 290.000000
178.000000 295.000000
190.000000 298.000000
202.000000 296.000000
212.000000 292.000000
