157.000000 57.000000
125.000000 44.000000
83.000000 61.000000
74.000000 105.000000
64.000000 137.000000
63.000000 176.000000
71.000000 208.000000
78.000000 239.000000
84.000000 266.000000
102.000000 295.000000
124.000000 319.000000
165.000000 335.000000
209.000000 318.000000
240.000000 296.000000
269.000000 266.000000
280.000000 223.000000
284.000000 184.000000
273.000000 149.000000
270.000000 118.000000
251.000000 84.000000
240.000000 40.000000
194.000000 45.000000
128.000000 131.000000
113.000000 127.000000
98.000000 127.000000
83.000000 129.000000
71.000000 146.000000
79.000000 154.000000
88.000000 143.000000
100.000000 141.000000
113.000000 140.000000
125.000000 142.000000
240.000000 130.000000
226.000000 123.000000
212.000000 122.000000
198.000000 123.000000
183.000000 128.000000
186.000000 139.000000
200.000000 136.000000
214.000000 136.000000
226.000000 137.000000
238.000000 148.000000
129.000000 164.000000
123.000000 152.000000
111.000000 153.000000
101.000000 156.000000
92.000000 161.000000
101.000000 167.000000
110.000000 168.000000
120.000000 167.000000
228.000000 158.000000
216.000000 150.000000
205.000000 149.000000
193.000000 151.000000
185.000000 160.000000
195.000000 163.000000
206.000000 163.000000
216.000000 161.000000
116.000000 161.000000
206.000000 155.000000
140.000000 159.000000
137.000000 178.000000
134.000000 195.000000
129.000000 210.000000
124.000000 228.000000
137.000000 237.000000
156.000000 240.000000
176.000000 234.000000
191.000000 223.000000
185.000000 207.000000
178.000000 193.000000
172.000000 176.000000
169.000000 158.000000
204.000000 259.000000
185.000000 258.000000
171.000000 258.000000
159.000000 262.000000
145.000000 262.000000
135.000000 263.000000
119.000000 264.000000
130.000000 274.000000
145.000000 278.000000
155.000000 278.000000
166.000000 277.000000
180.000000 275.000000
191.000000 270.000000
