206.000000 34.000000
174.000000 31.000000
124.000000 35.000000
114.000000 80.000000
104.000000 115.000000
86.000000 145.000000
82.000000 182.000000
94.000000 228.000000
111.000000 261.000000
132.000000 290.000000
165.000000 309.000000
207.000000 322.000000
245.000000 307.000000
266.000000 279.000000
280.000000 247.000000
289.000000 218.000000
295.000000 185.000000
291.000000 151.000000
289.000000 121.000000
282.000000 93.000000
266.000000 51.000000
237.000000 44.000000
180.000000 128.000000
166.000000 123.000000
153.000000 119.000000
139.000000 118.000000
128.000000 123.000000
129.000000 130.000000
141.000000 127.000000
153.000000 129.000000
166.000000 133.000000
179.000000 136.000000
278.000000 127.000000
270.000000 122.000000
256.000000 123.000000
244.000000 127.000000
233.000000 131.000000
235.000000 137.000000
246.000000 134.000000
258.000000 131.000000
271.000000 136.000000
276.000000 140.000000
181.000000 158.000000
173.000000 147.000000
160.000000 143.000000
148.000000 144.000000
141.000000 152.000000
150.000000 157.000000
161.000000 158.000000
170.000000 157.000000
270.000000 153.000000
260.000000 146.000000
249.000000 145.000000
239.000000 148.000000
232.000000 156.000000
241.000000 159.000000
252.000000 159.000000
262.000000 157.000000
158.000000 150.000000
249.000000 152.000000
194.000000 156.000000
191.000000 171.000000
188.000000 186.000000
182.000000 202.000000
178.000000 217.000000
190.000000 224.000000
208.000000 230.000000
225.000000 224.000000
234.000000 216.000000
231.000000 202.000000
226.000000 186.000000
222.000000 172.000000
220.000000 156.000000
244.000000 250.000000
230.000000 243.000000
218.000000 242.000000
208.000000 245.000000
197.000000 243.000000
182.000000 245.000000
164.000000 249.000000
178.000000 256.000000
189.000000 263.000000
202.000000 268.000000
214.000000 268.000000
225.000000 263.000000
235.000000 256.000000
