193.000000 14.000000
152.000000 14.000000
120.000000 24.000000
94.000000 41.000000
83.000000 112.000000
71.000000 166.000000
71.000000 210.000000
78.000000 258.000000
96.000000 298.000000
127.000000 319.000000
159.000000 334.000000
197.000000 338.000000
241.000000 324.000000
266.000000 296.000000
280.000000 258.000000
289.000000 227.000000
296.000000 193.000000
301.000000 160.000000
296.000000 128.000000
282.000000 98.000000
261.000000 58.000000
237.000000 29.000000
180.000000 132.000000
164.000000 127.000000
148.000000 125.000000
131.000000 123.000000
117.000000 133.000000
122.000000 141.000000
132.000000 136.000000
148.000000 139.000000
164.000000 141.000000
179.000000 144.000000
284.000000 134.000000
271.000000 128.000000
255.000000 129.000000
240.000000 131.000000
226.000000 135.000000
228.000000 145.000000
242.000000 143.000000
256.000000 141.000000
271.000000 141.000000
282.000000 142.000000
178.000000 164.000000
168.000000 154.000000
156.000000 150.000000
143.000000 152.000000
134.000000 159.000000
142.000000 166.000000
155.000000 167.000000
168.000000 166.000000
267.000000 161.000000
257.000000 155.000000
246.000000 153.000000
236.000000 156.000000
227.000000 164.000000
237.000000 168.000000
249.000000 168.000000
260.000000 167.000000
152.000000 158.000000
246.000000 161.000000
191.000000 164.000000
188.000000 181.000000
183.000000 196.000000
177.000000 211.000000
174.000000 224.000000
186.000000 232.000000
202.000000 238.000000
219.000000 233.000000
231.000000 226.000000
227.000000 212.000000
223.000000 199.000000
219.000000 181.000000
216.000000 165.000000
236.000000 259.000000
228.000000 264.000000
217.000000 266.000000
199.000000 264.000000
186.000000 263.000000
169.000000 260.000000
156.000000 259.000000
167.000000 269.000000
178.000000 273.000000
190.000000 271.000000
205.000000 275.000000
217.000000 273.000000
228.000000 270.000000
