180.000000 34.000000
146.000000 35.000000
106.000000 50.000000
82.000000 81.000000
76.000000 143.000000
72.000000 174.000000
75.000000 205.000000
80.000000 238.000000
92.000000 271.000000
115.000000 298.000000
143.000000 325.000000
190.000000 340.000000
228.000000 320.000000
245.000000 289.000000
261.000000 258.000000
268.000000 228.000000
273.000000 196.000000
283.000000 177.000000
279.000000 137.000000
276.000000 104.000000
256.000000 60.000000
221.000000 40.000000
156.000000 143.000000
143.000000 140.000000
128.000000 142.000000
116.000000 142.000000
105.000000 146.000000
108.000000 157.000000
120.000000 157.000000
130.000000 150.000000
142.000000 151.000000
153.000000 151.000000
256.000000 150.000000
246.000000 142.000000
232.000000 140.000000
220.000000 140.000000
205.000000 142.000000
207.000000 149.000000
221.000000 150.000000
233.000000 150.000000
244.000000 154.000000
252.000000 159.000000
154.000000 167.000000
147.000000 160.000000
138.000000 156.000000
128.000000 158.000000
120.000000 163.000000
127.000000 168.000000
136.000000 170.000000
145.000000 169.000000
244.000000 164.000000
230.000000 157.000000
220.000000 157.000000
212.000000 161.000000
204.000000 167.000000
213.000000 168.000000
223.000000 169.000000
233.000000 170.000000
135.000000 163.000000
222.000000 164.000000
165.000000 164.000000
166.000000 179.000000
163.000000 195.000000
154.000000 211.000000
155.000000 226.000000
164.000000 233.000000
182.000000 237.000000
198.000000 232.000000
211.000000 223.000000
206.000000 211.000000
197.000000 196.000000
197.000000 179.000000
194.000000 163.000000
225.000000 251.000000
204.000000 250.000000
193.000000 249.000000
182.000000 252.000000
169.000000 249.000000
155.000000 252.000000
142.000000 252.000000
151.000000 265.000000
161.000000 273.000000
177.000000 278.000000
189.000000 275.000000
199.000000 274.000000
208.000000 265.000000
