147.000000 38.000000
113.000000 45.000000
82.000000 62.000000
68.000000 104.000000
67.000000 139.000000
62.000000 170.000000
62.000000 202.000000
65.000000 230.000000
74.000000 264.000000
86.000000 294.000000
117.000000 322.000000
157.000000 334.000000
201.000000 324.000000
232.000000 302.000000
255.000000 267.000000
262.000000 232.000000
270.000000 192.000000
268.000000 151.000000
259.000000 116.000000
249.000000 68.000000
220.000000 52.000000
182.000000 45.000000
135.000000 129.000000
119.000000 124.000000
104.000000 121.000000
90.000000 124.000000
83.000000 130.000000
84.000000 139.000000
91.000000 131.000000
104.000000 131.000000
118.000000 133.000000
133.000000 138.000000
238.000000 129.000000
225.000000 123.000000
211.000000 122.000000
199.000000 124.000000
183.000000 129.000000
185.000000 138.000000
200.000000 134.000000
213.000000 132.000000
225.000000 132.000000
235.000000 139.000000
135.000000 157.000000
122.000000 146.000000
112.000000 141.000000
101.000000 144.000000
91.000000 149.000000
98.000000 157.000000
109.000000 159.000000
120.000000 158.000000
231.000000 153.000000
215.000000 145.000000
203.000000 144.000000
192.000000 147.000000
184.000000 156.000000
194.000000 159.000000
205.000000 160.000000
216.000000 159.000000
111.000000 149.000000
204.000000 151.000000
142.000000 157.000000
144.000000 171.000000
136.000000 185.000000
130.000000 200.000000
126.000000 215.000000
141.000000 221.000000
157.000000 224.000000
170.000000 219.000000
185.000000 215.000000
182.000000 201.000000
176.000000 187.000000
173.000000 172.000000
170.000000 156.000000
198.000000 260.000000
179.000000 249.000000
169.000000 245.000000
156.000000 245.000000
144.000000 242.000000
129.000000 246.000000
113.000000 252.000000
124.000000 264.000000
135.000000 271.000000
150.000000 275.000000
163.000000 275.000000
177.000000 271.000000
186.000000 263.000000
