171.000000 29.000000
141.000000 33.000000
111.000000 44.000000
82.000000 68.000000
80.000000 136.000000
80.000000 171.000000
84.000000 211.000000
94.000000 251.000000
114.000000 278.000000
140.000000 301.000000
173.000000 319.000000
216.000000 325.000000
250.000000 308.000000
269.000000 278.000000
283.000000 249.000000
283.000000 209.000000
285.000000 183.000000
286.000000 151.000000
278.000000 111.000000
261.000000 61.000000
230.000000 33.000000
198.000000 24.000000
167.000000 135.000000
153.000000 130.000000
138.000000 128.000000
124.000000 130.000000
111.000000 137.000000
118.000000 149.000000
126.000000 142.000000
139.000000 141.000000
153.000000 142.000000
164.000000 145.000000
264.000000 123.000000
254.000000 118.000000
241.000000 119.000000
228.000000 124.000000
220.000000 129.000000
225.000000 139.000000
232.000000 134.000000
243.000000 131.000000
254.000000 130.000000
263.000000 136.000000
170.000000 165.000000
160.000000 157.000000
148.000000 155.000000
137.000000 157.000000
130.000000 163.000000
137.000000 168.000000
149.000000 168.000000
159.000000 167.000000
261.000000 152.000000
246.000000 146.000000
237.000000 147.000000
227.000000 151.000000
221.000000 158.000000
231.000000 160.000000
240.000000 160.000000
249.000000 156.000000
146.000000 161.000000
238.000000 153.000000
183.000000 162.000000
186.000000 178.000000
183.000000 196.000000
175.000000 207.000000
172.000000 222.000000
186.000000 230.000000
208.000000 234.000000
221.000000 226.000000
233.000000 214.000000
224.000000 201.000000
216.000000 188.000000
212.000000 172.000000
208.000000 159.000000
246.000000 248.000000
231.000000 246.000000
216.000000 246.000000
206.000000 249.000000
196.000000 248.000000
180.000000 253.000000
163.000000 256.000000
176.000000 265.000000
188.000000 272.000000
198.000000 270.000000
214.000000 269.000000
227.000000 265.000000
236.000000 259.000000
