142.000000 50.000000
110.000000 57.000000
82.000000 73.000000
79.000000 103.000000
69.000000 141.000000
71.000000 170.000000
69.000000 202.000000
74.000000 236.000000
84.000000 261.000000
100.000000 290.000000
138.000000 327.000000
170.000000 333.000000
209.000000 317.000000
238.000000 293.000000
253.000000 253.000000
263.000000 217.000000
266.000000 181.000000
260.000000 145.000000
248.000000 110.000000
247.000000 68.000000
212.000000 50.000000
174.000000 53.000000
126.000000 123.000000
111.000000 120.000000
97.000000 122.000000
88.000000 127.000000
70.000000 122.000000
72.000000 130.000000
93.000000 134.000000
99.000000 130.000000
112.000000 131.000000
125.000000 133.000000
230.000000 124.000000
220.000000 122.000000
207.000000 118.000000
196.000000 120.000000
181.000000 121.000000
183.000000 129.000000
197.000000 131.000000
210.000000 131.000000
222.000000 133.000000
231.000000 134.000000
130.000000 151.000000
120.000000 139.000000
109.000000 139.000000
95.000000 143.000000
90.000000 150.000000
98.000000 156.000000
108.000000 154.000000
120.000000 155.000000
222.000000 146.000000
209.000000 139.000000
198.000000 138.000000
189.000000 142.000000
181.000000 150.000000
191.000000 152.000000
201.000000 152.000000
211.000000 150.000000
113.000000 145.000000
204.000000 145.000000
138.000000 146.000000
136.000000 163.000000
134.000000 178.000000
127.000000 192.000000
125.000000 206.000000
137.000000 210.000000
162.000000 210.000000
171.000000 206.000000
185.000000 203.000000
180.000000 190.000000
175.000000 178.000000
170.000000 162.000000
167.000000 146.000000
197.000000 236.000000
183.000000 236.000000
169.000000 235.000000
159.000000 237.000000
144.000000 235.000000
131.000000 236.000000
121.000000 238.000000
132.000000 253.000000
143.000000 259.000000
156.000000 262.000000
166.000000 261.000000
179.000000 257.000000
189.000000 250.000000
