172.000000 65.000000
140.000000 63.000000
102.000000 78.000000
92.000000 112.000000
84.000000 143.000000
84.000000 172.000000
85.000000 202.000000
90.000000 230.000000
101.000000 258.000000
121.000000 281.000000
144.000000 301.000000
177.000000 310.000000
211.000000 302.000000
232.000000 278.000000
249.000000 254.000000
258.000000 227.000000
262.000000 201.000000
264.000000 174.000000
254.000000 146.000000
256.000000 113.000000
235.000000 71.000000
208.000000 61.000000
157.000000 140.000000
143.000000 137.000000
129.000000 135.000000
116.000000 136.000000
105.000000 140.000000
107.000000 149.000000
118.000000 147.000000
130.000000 147.000000
143.000000 147.000000
156.000000 149.000000
252.000000 141.000000
242.000000 136.000000
229.000000 137.000000
218.000000 138.000000
204.000000 141.000000
205.000000 150.000000
219.000000 148.000000
230.000000 147.000000
241.000000 147.000000
250.000000 149.000000
157.000000 164.000000
150.000000 156.000000
140.000000 153.000000
130.000000 155.000000
122.000000 160.000000
130.000000 165.000000
138.000000 166.000000
147.000000 166.000000
236.000000 161.000000
228.000000 155.000000
219.000000 154.000000
210.000000 157.000000
203.000000 164.000000
212.000000 167.000000
221.000000 167.000000
229.000000 166.000000
138.000000 159.000000
220.000000 160.000000
170.000000 162.000000
168.000000 177.000000
164.000000 191.000000
158.000000 204.000000
155.000000 216.000000
166.000000 225.000000
180.000000 229.000000
194.000000 226.000000
205.000000 217.000000
201.000000 205.000000
197.000000 194.000000
193.000000 177.000000
192.000000 162.000000
215.000000 243.000000
200.000000 243.000000
190.000000 241.000000
178.000000 244.000000
167.000000 240.000000
155.000000 242.000000
139.000000 240.000000
151.000000 255.000000
161.000000 263.000000
172.000000 268.000000
184.000000 268.000000
195.000000 264.000000
204.000000 257.000000
