177.000000 27.000000
142.000000 22.000000
104.000000 35.000000
83.000000 62.000000
72.000000 101.000000
66.000000 135.000000
71.000000 171.000000
73.000000 204.000000
78.000000 242.000000
88.000000 272.000000
113.000000 307.000000
171.000000 331.000000
225.000000 309.000000
253.000000 286.000000
273.000000 247.000000
281.000000 207.000000
283.000000 171.000000
282.000000 137.000000
275.000000 104.000000
269.000000 74.000000
242.000000 42.000000
208.000000 27.000000
140.000000 114.000000
126.000000 110.000000
112.000000 107.000000
99.000000 105.000000
87.000000 107.000000
88.000000 112.000000
99.000000 110.000000
111.000000 112.000000
125.000000 116.000000
137.000000 119.000000
256.000000 109.000000
242.000000 107.000000
229.000000 107.000000
215.000000 109.000000
204.000000 113.000000
206.000000 119.000000
217.000000 115.000000
229.000000 112.000000
242.000000 111.000000
254.000000 113.000000
145.000000 142.000000
137.000000 131.000000
125.000000 126.000000
113.000000 127.000000
105.000000 133.000000
111.000000 140.000000
123.000000 143.000000
134.000000 143.000000
242.000000 136.000000
232.000000 128.000000
219.000000 127.000000
208.000000 133.000000
201.000000 142.000000
212.000000 144.000000
224.000000 145.000000
234.000000 142.000000
123.000000 133.000000
222.000000 135.000000
159.000000 141.000000
153.000000 158.000000
148.000000 172.000000
142.000000 191.000000
140.000000 209.000000
152.000000 216.000000
168.000000 222.000000
188.000000 217.000000
202.000000 207.000000
197.000000 192.000000
195.000000 174.000000
190.000000 158.000000
187.000000 141.000000
208.000000 254.000000
194.000000 245.000000
179.000000 241.000000
169.000000 244.000000
157.000000 241.000000
144.000000 244.000000
132.000000 254.000000
140.000000 257.000000
150.000000 264.000000
162.000000 268.000000
175.000000 269.000000
187.000000 264.000000
198.000000 257.000000
