174.000000 6.000000
130.000000 13.000000
90.000000 43.000000
68.000000 83.000000
64.000000 117.000000
58.000000 150.000000
63.000000 186.000000
70.000000 223.000000
75.000000 255.000000
97.000000 284.000000
127.000000 306.000000
177.000000 339.000000
228.000000 306.000000
254.000000 288.000000
270.000000 259.000000
278.000000 219.000000
280.000000 184.000000
284.000000 149.000000
278.000000 116.000000
270.000000 74.000000
256.000000 42.000000
212.000000 14.000000
145.000000 112.000000
129.000000 108.000000
113.000000 106.000000
97.000000 107.000000
84.000000 116.000000
88.000000 125.000000
100.000000 121.000000
115.000000 120.000000
129.000000 121.000000
144.000000 123.000000
255.000000 114.000000
242.000000 107.000000
228.000000 105.000000
213.000000 107.000000
201.000000 111.000000
203.000000 122.000000
216.000000 119.000000
230.000000 117.000000
242.000000 119.000000
254.000000 123.000000
143.000000 146.000000
134.000000 139.000000
124.000000 135.000000
104.000000 136.000000
93.000000 144.000000
111.000000 148.000000
122.000000 149.000000
133.000000 148.000000
247.000000 144.000000
232.000000 138.000000
221.000000 137.000000
210.000000 139.000000
201.000000 147.000000
211.000000 149.000000
222.000000 150.000000
232.000000 149.000000
120.000000 141.000000
220.000000 143.000000
158.000000 142.000000
155.000000 160.000000
150.000000 176.000000
144.000000 190.000000
145.000000 201.000000
160.000000 209.000000
171.000000 210.000000
185.000000 207.000000
202.000000 199.000000
202.000000 189.000000
196.000000 176.000000
191.000000 160.000000
188.000000 143.000000
212.000000 246.000000
198.000000 237.000000
184.000000 231.000000
173.000000 235.000000
161.000000 231.000000
145.000000 237.000000
126.000000 244.000000
136.000000 256.000000
148.000000 265.000000
164.000000 271.000000
179.000000 271.000000
194.000000 266.000000
205.000000 257.000000
