192.000000 26.000000
161.000000 28.000000
127.000000 38.000000
98.000000 62.000000
87.000000 98.000000
73.000000 136.000000
71.000000 172.000000
70.000000 210.000000
83.000000 257.000000
109.000000 286.000000
142.000000 309.000000
197.000000 324.000000
242.000000 311.000000
262.000000 277.000000
281.000000 246.000000
285.000000 209.000000
285.000000 178.000000
283.000000 150.000000
282.000000 122.000000
276.000000 86.000000
256.000000 47.000000
227.000000 32.000000
169.000000 112.000000
154.000000 108.000000
139.000000 106.000000
124.000000 107.000000
113.000000 113.000000
115.000000 119.000000
127.000000 117.000000
140.000000 117.000000
153.000000 118.000000
167.000000 121.000000
273.000000 114.000000
260.000000 108.000000
247.000000 108.000000
235.000000 110.000000
223.000000 113.000000
225.000000 122.000000
238.000000 120.000000
249.000000 118.000000
261.000000 119.000000
272.000000 121.000000
167.000000 149.000000
158.000000 141.000000
147.000000 136.000000
136.000000 138.000000
120.000000 144.000000
135.000000 148.000000
146.000000 150.000000
157.000000 149.000000
263.000000 146.000000
247.000000 137.000000
239.000000 137.000000
230.000000 141.000000
224.000000 147.000000
232.000000 149.000000
241.000000 149.000000
250.000000 147.000000
145.000000 143.000000
239.000000 143.000000
181.000000 145.000000
179.000000 161.000000
175.000000 175.000000
170.000000 189.000000
165.000000 203.000000
180.000000 209.000000
195.000000 221.000000
213.000000 214.000000
229.000000 206.000000
223.000000 186.000000
216.000000 175.000000
212.000000 160.000000
211.000000 145.000000
242.000000 238.000000
220.000000 229.000000
206.000000 228.000000
195.000000 231.000000
184.000000 228.000000
169.000000 230.000000
140.000000 236.000000
161.000000 245.000000
173.000000 256.000000
188.000000 264.000000
203.000000 263.000000
218.000000 256.000000
228.000000 245.000000
