187.000000 48.000000
157.000000 49.000000
119.000000 59.000000
94.000000 79.000000
76.000000 116.000000
68.000000 147.000000
69.000000 182.000000
74.000000 215.000000
80.000000 250.000000
95.000000 281.000000
121.000000 307.000000
162.000000 323.000000
199.000000 313.000000
229.000000 292.000000
249.000000 263.000000
259.000000 231.000000
268.000000 200.000000
275.000000 169.000000
273.000000 136.000000
264.000000 104.000000
245.000000 76.000000
218.000000 60.000000
152.000000 123.000000
137.000000 116.000000
122.000000 113.000000
107.000000 113.000000
93.000000 117.000000
95.000000 126.000000
109.000000 125.000000
122.000000 125.000000
135.000000 128.000000
148.000000 132.000000
259.000000 126.000000
247.000000 120.000000
234.000000 120.000000
221.000000 121.000000
206.000000 124.000000
206.000000 134.000000
221.000000 133.000000
235.000000 132.000000
247.000000 132.000000
257.000000 134.000000
148.000000 155.000000
140.000000 145.000000
129.000000 140.000000
117.000000 141.000000
106.000000 146.000000
114.000000 154.000000
124.000000 157.000000
135.000000 157.000000
243.000000 158.000000
236.000000 151.000000
224.000000 148.000000
212.000000 152.000000
202.000000 159.000000
213.000000 162.000000
224.000000 164.000000
234.000000 163.000000
126.000000 148.000000
224.000000 156.000000
162.000000 152.000000
158.000000 168.000000
153.000000 183.000000
146.000000 195.000000
140.000000 210.000000
151.000000 222.000000
169.000000 228.000000
186.000000 224.000000
199.000000 216.000000
195.000000 202.000000
192.000000 187.000000
190.000000 173.000000
189.000000 155.000000
206.000000 251.000000
192.000000 246.000000
179.000000 242.000000
167.000000 244.000000
159.000000 240.000000
142.000000 242.000000
125.000000 245.000000
135.000000 258.000000
145.000000 267.000000
158.000000 273.000000
172.000000 274.000000
185.000000 269.000000
195.000000 262.000000
