179.000000 3.000000
137.000000 13.000000
101.000000 34.000000
73.000000 61.000000
62.000000 102.000000
65.000000 142.000000
68.000000 181.000000
74.000000 219.000000
87.000000 258.000000
109.000000 290.000000
138.000000 316.000000
187.000000 329.000000
230.000000 311.000000
259.000000 285.000000
276.000000 252.000000
284.000000 214.000000
292.000000 178.000000
295.000000 142.000000
289.000000 106.000000
273.000000 74.000000
255.000000 37.000000
221.000000 16.000000
163.000000 107.000000
146.000000 101.000000
130.000000 96.000000
112.000000 96.000000
96.000000 103.000000
98.000000 111.000000
114.000000 109.000000
131.000000 110.000000
145.000000 113.000000
159.000000 118.000000
277.000000 110.000000
263.000000 102.000000
246.000000 102.000000
230.000000 105.000000
216.000000 109.000000
218.000000 119.000000
233.000000 115.000000
248.000000 113.000000
263.000000 115.000000
275.000000 118.000000
160.000000 142.000000
149.000000 134.000000
135.000000 129.000000
122.000000 131.000000
112.000000 137.000000
122.000000 142.000000
135.000000 144.000000
148.000000 144.000000
256.000000 138.000000
246.000000 132.000000
234.000000 133.000000
225.000000 137.000000
216.000000 143.000000
226.000000 146.000000
237.000000 147.000000
248.000000 144.000000
134.000000 136.000000
237.000000 139.000000
174.000000 141.000000
169.000000 159.000000
165.000000 176.000000
160.000000 192.000000
159.000000 205.000000
176.000000 215.000000
190.000000 222.000000
202.000000 220.000000
216.000000 209.000000
215.000000 193.000000
210.000000 178.000000
206.000000 159.000000
203.000000 142.000000
229.000000 247.000000
214.000000 246.000000
200.000000 244.000000
189.000000 249.000000
176.000000 245.000000
160.000000 247.000000
141.000000 252.000000
154.000000 259.000000
166.000000 268.000000
181.000000 274.000000
196.000000 274.000000
208.000000 267.000000
218.000000 259.000000
