151.000000 42.000000
114.000000 48.000000
77.000000 75.000000
70.000000 113.000000
71.000000 149.000000
69.000000 180.000000
75.000000 213.000000
82.000000 243.000000
94.000000 274.000000
113.000000 301.000000
137.000000 325.000000
176.000000 338.000000
216.000000 323.000000
243.000000 295.000000
262.000000 266.000000
270.000000 233.000000
272.000000 199.000000
273.000000 165.000000
266.000000 134.000000
250.000000 88.000000
231.000000 39.000000
191.000000 40.000000
133.000000 147.000000
119.000000 144.000000
106.000000 142.000000
94.000000 140.000000
84.000000 143.000000
85.000000 151.000000
95.000000 150.000000
105.000000 152.000000
118.000000 154.000000
132.000000 155.000000
244.000000 141.000000
232.000000 138.000000
218.000000 139.000000
205.000000 140.000000
192.000000 142.000000
192.000000 151.000000
207.000000 149.000000
220.000000 147.000000
232.000000 146.000000
243.000000 147.000000
138.000000 173.000000
130.000000 167.000000
119.000000 164.000000
109.000000 165.000000
101.000000 171.000000
108.000000 175.000000
119.000000 176.000000
129.000000 175.000000
230.000000 164.000000
221.000000 160.000000
211.000000 160.000000
201.000000 162.000000
193.000000 169.000000
202.000000 171.000000
213.000000 171.000000
223.000000 169.000000
118.000000 169.000000
212.000000 165.000000
151.000000 171.000000
148.000000 188.000000
145.000000 204.000000
139.000000 220.000000
137.000000 236.000000
149.000000 241.000000
166.000000 245.000000
183.000000 239.000000
196.000000 232.000000
192.000000 217.000000
186.000000 203.000000
181.000000 187.000000
177.000000 170.000000
206.000000 266.000000
190.000000 264.000000
178.000000 261.000000
168.000000 264.000000
158.000000 263.000000
146.000000 266.000000
133.000000 269.000000
141.000000 279.000000
151.000000 285.000000
164.000000 288.000000
176.000000 287.000000
187.000000 282.000000
197.000000 276.000000
