175.000000 43.000000
138.000000 38.000000
103.000000 53.000000
83.000000 100.000000
75.000000 158.000000
75.000000 191.000000
86.000000 225.000000
100.000000 256.000000
118.000000 286.000000
137.000000 310.000000
161.000000 332.000000
198.000000 339.000000
225.000000 309.000000
240.000000 284.000000
258.000000 256.000000
265.000000 227.000000
267.000000 194.000000
269.000000 159.000000
270.000000 127.000000
268.000000 96.000000
255.000000 63.000000
232.000000 35.000000
140.000000 155.000000
127.000000 152.000000
113.000000 150.000000
101.000000 150.000000
89.000000 154.000000
92.000000 160.000000
103.000000 158.000000
113.000000 158.000000
126.000000 160.000000
137.000000 162.000000
252.000000 130.000000
238.000000 131.000000
225.000000 135.000000
212.000000 140.000000
199.000000 147.000000
201.000000 154.000000
214.000000 149.000000
227.000000 144.000000
239.000000 139.000000
251.000000 137.000000
146.000000 183.000000
139.000000 172.000000
126.000000 168.000000
113.000000 171.000000
105.000000 179.000000
112.000000 186.000000
125.000000 188.000000
137.000000 186.000000
244.000000 163.000000
234.000000 156.000000
221.000000 156.000000
210.000000 163.000000
203.000000 174.000000
214.000000 177.000000
228.000000 176.000000
239.000000 171.000000
126.000000 177.000000
224.000000 165.000000
160.000000 179.000000
158.000000 197.000000
156.000000 213.000000
153.000000 229.000000
158.000000 239.000000
168.000000 248.000000
178.000000 252.000000
195.000000 244.000000
209.000000 238.000000
203.000000 224.000000
197.000000 208.000000
192.000000 193.000000
188.000000 176.000000
224.000000 255.000000
207.000000 257.000000
193.000000 258.000000
184.000000 263.000000
174.000000 261.000000
162.000000 262.000000
148.000000 263.000000
155.000000 287.000000
167.000000 297.000000
183.000000 300.000000
197.000000 298.000000
206.000000 289.000000
216.000000 272.000000
