160.000000 58.000000
126.000000 52.000000
93.000000 77.000000
73.000000 115.000000
73.000000 148.000000
78.000000 181.000000
78.000000 213.000000
83.000000 247.000000
95.000000 281.000000
122.000000 307.000000
151.000000 326.000000
192.000000 336.000000
232.000000 314.000000
255.000000 295.000000
273.000000 261.000000
269.000000 224.000000
271.000000 192.000000
268.000000 161.000000
260.000000 132.000000
254.000000 92.000000
226.000000 54.000000
191.000000 52.000000
142.000000 144.000000
128.000000 141.000000
114.000000 140.000000
101.000000 143.000000
91.000000 150.000000
94.000000 157.000000
104.000000 153.000000
115.000000 151.000000
128.000000 151.000000
140.000000 153.000000
249.000000 138.000000
234.000000 131.000000
220.000000 131.000000
206.000000 135.000000
193.000000 141.000000
196.000000 149.000000
209.000000 144.000000
222.000000 142.000000
234.000000 140.000000
243.000000 142.000000
144.000000 173.000000
135.000000 165.000000
125.000000 163.000000
113.000000 165.000000
103.000000 171.000000
117.000000 178.000000
127.000000 179.000000
136.000000 177.000000
241.000000 160.000000
225.000000 155.000000
214.000000 153.000000
205.000000 157.000000
198.000000 165.000000
207.000000 169.000000
218.000000 169.000000
228.000000 166.000000
126.000000 170.000000
214.000000 161.000000
155.000000 168.000000
155.000000 185.000000
153.000000 200.000000
150.000000 216.000000
153.000000 225.000000
165.000000 225.000000
177.000000 229.000000
188.000000 225.000000
201.000000 219.000000
201.000000 210.000000
194.000000 197.000000
188.000000 181.000000
184.000000 164.000000
216.000000 259.000000
203.000000 253.000000
191.000000 250.000000
181.000000 255.000000
169.000000 253.000000
158.000000 259.000000
146.000000 268.000000
155.000000 278.000000
165.000000 279.000000
178.000000 281.000000
189.000000 279.000000
201.000000 276.000000
208.000000 268.000000
