123.000000 48.000000
83.000000 65.000000
61.000000 98.000000
56.000000 127.000000
59.000000 163.000000
67.000000 194.000000
71.000000 219.000000
77.000000 255.000000
88.000000 277.000000
109.000000 301.000000
134.000000 323.000000
179.000000 334.000000
225.000000 309.000000
255.000000 285.000000
274.000000 246.000000
282.000000 210.000000
276.000000 181.000000
266.000000 148.000000
251.000000 114.000000
242.000000 78.000000
208.000000 49.000000
159.000000 42.000000
111.000000 147.000000
98.000000 146.000000
85.000000 145.000000
73.000000 147.000000
63.000000 153.000000
67.000000 160.000000
78.000000 158.000000
89.000000 157.000000
100.000000 157.000000
112.000000 158.000000
212.000000 124.000000
199.000000 122.000000
187.000000 125.000000
174.000000 130.000000
161.000000 136.000000
164.000000 146.000000
178.000000 140.000000
190.000000 136.000000
202.000000 133.000000
212.000000 132.000000
116.000000 176.000000
108.000000 170.000000
97.000000 168.000000
87.000000 171.000000
80.000000 178.000000
87.000000 182.000000
99.000000 182.000000
109.000000 179.000000
205.000000 156.000000
196.000000 151.000000
185.000000 152.000000
176.000000 157.000000
168.000000 166.000000
178.000000 166.000000
188.000000 165.000000
198.000000 161.000000
97.000000 174.000000
187.000000 158.000000
125.000000 171.000000
125.000000 187.000000
124.000000 203.000000
122.000000 217.000000
121.000000 232.000000
134.000000 239.000000
153.000000 241.000000
170.000000 232.000000
181.000000 219.000000
175.000000 207.000000
168.000000 195.000000
160.000000 179.000000
155.000000 165.000000
201.000000 251.000000
185.000000 249.000000
170.000000 250.000000
158.000000 255.000000
147.000000 254.000000
134.000000 259.000000
120.000000 264.000000
130.000000 275.000000
142.000000 283.000000
158.000000 288.000000
172.000000 285.000000
185.000000 276.000000
194.000000 265.000000
