182.000000 43.000000
142.000000 39.000000
105.000000 43.000000
86.000000 81.000000
70.000000 123.000000
69.000000 160.000000
66.000000 193.000000
71.000000 229.000000
83.000000 263.000000
104.000000 292.000000
131.000000 313.000000
171.000000 325.000000
205.000000 316.000000
234.000000 297.000000
256.000000 269.000000
268.000000 238.000000
274.000000 203.000000
281.000000 171.000000
280.000000 108.000000
269.000000 57.000000
247.000000 48.000000
214.000000 47.000000
158.000000 145.000000
143.000000 141.000000
130.000000 139.000000
117.000000 141.000000
107.000000 144.000000
105.000000 155.000000
119.000000 151.000000
131.000000 149.000000
142.000000 148.000000
157.000000 154.000000
258.000000 149.000000
247.000000 146.000000
237.000000 148.000000
224.000000 149.000000
212.000000 153.000000
212.000000 161.000000
223.000000 156.000000
233.000000 157.000000
249.000000 158.000000
258.000000 158.000000
151.000000 170.000000
144.000000 160.000000
133.000000 155.000000
122.000000 155.000000
113.000000 161.000000
122.000000 168.000000
131.000000 172.000000
140.000000 171.000000
243.000000 168.000000
235.000000 162.000000
225.000000 162.000000
216.000000 166.000000
209.000000 173.000000
218.000000 177.000000
228.000000 177.000000
237.000000 175.000000
131.000000 163.000000
227.000000 169.000000
166.000000 167.000000
164.000000 182.000000
159.000000 197.000000
154.000000 212.000000
148.000000 227.000000
159.000000 238.000000
176.000000 245.000000
191.000000 240.000000
203.000000 232.000000
201.000000 217.000000
198.000000 201.000000
195.000000 184.000000
194.000000 168.000000
208.000000 263.000000
194.000000 262.000000
184.000000 260.000000
175.000000 264.000000
165.000000 260.000000
152.000000 261.000000
138.000000 260.000000
149.000000 271.000000
158.000000 278.000000
168.000000 283.000000
180.000000 284.000000
189.000000 279.000000
197.000000 273.000000
