199.000000 32.000000
152.000000 28.000000
115.000000 52.000000
94.000000 81.000000
94.000000 119.000000
88.000000 155.000000
88.000000 191.000000
86.000000 223.000000
90.000000 268.000000
126.000000 311.000000
155.000000 327.000000
195.000000 340.000000
231.000000 323.000000
256.000000 301.000000
272.000000 266.000000
283.000000 237.000000
287.000000 201.000000
289.000000 172.000000
290.000000 140.000000
292.000000 108.000000
279.000000 65.000000
245.000000 46.000000
185.000000 134.000000
172.000000 130.000000
157.000000 126.000000
143.000000 130.000000
133.000000 136.000000
129.000000 147.000000
141.000000 137.000000
157.000000 134.000000
171.000000 138.000000
184.000000 142.000000
282.000000 145.000000
271.000000 139.000000
257.000000 136.000000
243.000000 137.000000
231.000000 140.000000
233.000000 147.000000
244.000000 146.000000
257.000000 145.000000
270.000000 146.000000
280.000000 150.000000
181.000000 162.000000
174.000000 152.000000
163.000000 147.000000
152.000000 147.000000
140.000000 158.000000
148.000000 159.000000
157.000000 162.000000
170.000000 161.000000
271.000000 163.000000
259.000000 157.000000
249.000000 155.000000
239.000000 157.000000
231.000000 164.000000
240.000000 166.000000
249.000000 168.000000
258.000000 167.000000
158.000000 152.000000
248.000000 161.000000
193.000000 162.000000
190.000000 175.000000
185.000000 188.000000
180.000000 201.000000
184.000000 216.000000
191.000000 221.000000
205.000000 224.000000
218.000000 226.000000
230.000000 218.000000
227.000000 204.000000
223.000000 192.000000
220.000000 177.000000
219.000000 164.000000
241.000000 250.000000
225.000000 242.000000
213.000000 240.000000
198.000000 243.000000
183.000000 240.000000
170.000000 241.000000
146.000000 245.000000
162.000000 263.000000
174.000000 277.000000
189.000000 279.000000
205.000000 283.000000
220.000000 281.000000
233.000000 268.000000
