182.000000 28.000000
145.000000 28.000000
112.000000 40.000000
84.000000 76.000000
77.000000 121.000000
74.000000 151.000000
75.000000 187.000000
72.000000 223.000000
82.000000 256.000000
98.000000 297.000000
127.000000 322.000000
176.000000 333.000000
223.000000 321.000000
254.000000 299.000000
271.000000 257.000000
274.000000 224.000000
280.000000 191.000000
281.000000 156.000000
280.000000 121.000000
274.000000 82.000000
254.000000 46.000000
213.000000 31.000000
155.000000 119.000000
141.000000 116.000000
127.000000 116.000000
114.000000 117.000000
99.000000 120.000000
100.000000 128.000000
114.000000 126.000000
127.000000 126.000000
140.000000 127.000000
153.000000 129.000000
261.000000 119.000000
248.000000 117.000000
235.000000 117.000000
220.000000 119.000000
207.000000 122.000000
208.000000 131.000000
222.000000 129.000000
235.000000 127.000000
248.000000 126.000000
259.000000 127.000000
151.000000 153.000000
143.000000 143.000000
132.000000 140.000000
120.000000 141.000000
109.000000 147.000000
117.000000 154.000000
129.000000 157.000000
141.000000 156.000000
250.000000 151.000000
241.000000 145.000000
230.000000 142.000000
218.000000 146.000000
209.000000 154.000000
220.000000 158.000000
231.000000 159.000000
242.000000 157.000000
129.000000 148.000000
228.000000 150.000000
166.000000 148.000000
163.000000 165.000000
158.000000 181.000000
152.000000 196.000000
147.000000 213.000000
163.000000 220.000000
180.000000 224.000000
198.000000 221.000000
213.000000 213.000000
209.000000 199.000000
204.000000 184.000000
199.000000 167.000000
196.000000 149.000000
221.000000 252.000000
203.000000 247.000000
190.000000 242.000000
179.000000 245.000000
169.000000 241.000000
153.000000 246.000000
131.000000 252.000000
146.000000 259.000000
157.000000 267.000000
171.000000 271.000000
185.000000 271.000000
197.000000 267.000000
208.000000 259.000000
