182.000000 2.000000
146.000000 7.000000
105.000000 29.000000
83.000000 58.000000
71.000000 110.000000
64.000000 144.000000
61.000000 181.000000
63.000000 219.000000
68.000000 257.000000
86.000000 293.000000
129.000000 311.000000
171.000000 325.000000
228.000000 316.000000
252.000000 304.000000
273.000000 270.000000
282.000000 228.000000
286.000000 188.000000
282.000000 151.000000
281.000000 115.000000
276.000000 84.000000
267.000000 43.000000
232.000000 17.000000
153.000000 105.000000
136.000000 100.000000
119.000000 97.000000
103.000000 98.000000
92.000000 107.000000
95.000000 113.000000
106.000000 109.000000
120.000000 109.000000
135.000000 113.000000
150.000000 117.000000
269.000000 113.000000
256.000000 105.000000
242.000000 103.000000
227.000000 105.000000
211.000000 109.000000
213.000000 121.000000
229.000000 117.000000
243.000000 115.000000
255.000000 115.000000
266.000000 120.000000
152.000000 148.000000
141.000000 137.000000
129.000000 132.000000
116.000000 134.000000
105.000000 142.000000
117.000000 148.000000
128.000000 151.000000
139.000000 150.000000
252.000000 147.000000
243.000000 140.000000
231.000000 137.000000
220.000000 141.000000
210.000000 149.000000
221.000000 152.000000
232.000000 154.000000
244.000000 153.000000
127.000000 140.000000
231.000000 145.000000
164.000000 143.000000
160.000000 158.000000
155.000000 172.000000
148.000000 185.000000
144.000000 201.000000
162.000000 207.000000
177.000000 213.000000
194.000000 210.000000
208.000000 204.000000
205.000000 190.000000
200.000000 177.000000
197.000000 162.000000
196.000000 145.000000
221.000000 250.000000
203.000000 244.000000
188.000000 238.000000
176.000000 243.000000
163.000000 237.000000
147.000000 242.000000
128.000000 245.000000
140.000000 259.000000
150.000000 262.000000
167.000000 264.000000
179.000000 265.000000
198.000000 267.000000
210.000000 260.000000
