190.000000 15.000000
125.000000 26.000000
97.000000 57.000000
92.000000 87.000000
89.000000 119.000000
88.000000 158.000000
77.000000 189.000000
77.000000 225.000000
87.000000 263.000000
102.000000 293.000000
141.000000 318.000000
188.000000 337.000000
226.000000 325.000000
254.000000 297.000000
267.000000 271.000000
278.000000 240.000000
276.000000 204.000000
279.000000 171.000000
282.000000 141.000000
281.000000 101.000000
265.000000 52.000000
237.000000 26.000000
171.000000 134.000000
158.000000 130.000000
143.000000 127.000000
130.000000 126.000000
119.000000 129.000000
121.000000 135.000000
131.000000 135.000000
143.000000 136.000000
157.000000 139.000000
170.000000 142.000000
270.000000 137.000000
258.000000 132.000000
247.000000 132.000000
234.000000 133.000000
221.000000 135.000000
221.000000 144.000000
235.000000 143.000000
248.000000 142.000000
259.000000 141.000000
268.000000 143.000000
170.000000 163.000000
161.000000 155.000000
150.000000 151.000000
140.000000 152.000000
130.000000 156.000000
140.000000 162.000000
147.000000 164.000000
156.000000 164.000000
257.000000 163.000000
248.000000 157.000000
238.000000 156.000000
228.000000 159.000000
220.000000 165.000000
229.000000 167.000000
239.000000 169.000000
249.000000 168.000000
146.000000 156.000000
239.000000 162.000000
182.000000 160.000000
178.000000 174.000000
173.000000 189.000000
167.000000 202.000000
169.000000 215.000000
181.000000 220.000000
197.000000 225.000000
215.000000 224.000000
226.000000 215.000000
221.000000 202.000000
215.000000 190.000000
212.000000 175.000000
208.000000 162.000000
240.000000 255.000000
218.000000 247.000000
208.000000 247.000000
191.000000 247.000000
179.000000 242.000000
161.000000 247.000000
143.000000 250.000000
155.000000 266.000000
166.000000 274.000000
180.000000 279.000000
193.000000 280.000000
208.000000 279.000000
224.000000 275.000000
