188.000000 27.000000
149.000000 32.000000
114.000000 48.000000
86.000000 72.000000
73.000000 103.000000
69.000000 138.000000
76.000000 178.000000
81.000000 214.000000
92.000000 245.000000
114.000000 273.000000
142.000000 298.000000
181.000000 315.000000
220.000000 303.000000
244.000000 282.000000
268.000000 256.000000
278.000000 223.000000
285.000000 189.000000
288.000000 154.000000
285.000000 121.000000
276.000000 88.000000
262.000000 54.000000
222.000000 32.000000
166.000000 126.000000
151.000000 120.000000
136.000000 117.000000
120.000000 116.000000
107.000000 120.000000
109.000000 129.000000
122.000000 126.000000
135.000000 126.000000
149.000000 129.000000
163.000000 134.000000
263.000000 126.000000
252.000000 122.000000
240.000000 121.000000
227.000000 124.000000
213.000000 129.000000
216.000000 137.000000
228.000000 133.000000
240.000000 131.000000
250.000000 130.000000
261.000000 134.000000
160.000000 155.000000
153.000000 145.000000
141.000000 141.000000
129.000000 142.000000
120.000000 147.000000
128.000000 154.000000
138.000000 157.000000
148.000000 157.000000
254.000000 154.000000
246.000000 148.000000
234.000000 146.000000
222.000000 149.000000
214.000000 157.000000
224.000000 161.000000
235.000000 162.000000
246.000000 160.000000
139.000000 147.000000
233.000000 153.000000
175.000000 151.000000
171.000000 166.000000
166.000000 181.000000
160.000000 195.000000
154.000000 211.000000
167.000000 221.000000
185.000000 226.000000
202.000000 223.000000
215.000000 213.000000
212.000000 198.000000
207.000000 184.000000
203.000000 168.000000
201.000000 152.000000
221.000000 253.000000
207.000000 249.000000
194.000000 246.000000
184.000000 249.000000
174.000000 245.000000
161.000000 249.000000
145.000000 252.000000
155.000000 262.000000
165.000000 270.000000
177.000000 273.000000
190.000000 274.000000
203.000000 270.000000
213.000000 263.000000
