179.000000 21.000000
138.000000 25.000000
108.000000 34.000000
84.000000 68.000000
79.000000 111.000000
72.000000 143.000000
72.000000 180.000000
73.000000 217.000000
82.000000 254.000000
97.000000 288.000000
131.000000 319.000000
180.000000 333.000000
222.000000 315.000000
246.000000 287.000000
261.000000 260.000000
271.000000 227.000000
280.000000 193.000000
284.000000 156.000000
283.000000 112.000000
279.000000 73.000000
247.000000 47.000000
215.000000 30.000000
160.000000 123.000000
145.000000 118.000000
131.000000 114.000000
118.000000 114.000000
104.000000 122.000000
104.000000 136.000000
118.000000 128.000000
130.000000 122.000000
144.000000 126.000000
157.000000 132.000000
260.000000 132.000000
250.000000 122.000000
236.000000 121.000000
223.000000 123.000000
209.000000 126.000000
210.000000 134.000000
224.000000 132.000000
237.000000 130.000000
249.000000 129.000000
261.000000 142.000000
156.000000 152.000000
149.000000 142.000000
136.000000 137.000000
123.000000 138.000000
113.000000 144.000000
122.000000 151.000000
133.000000 155.000000
145.000000 155.000000
250.000000 153.000000
242.000000 145.000000
230.000000 143.000000
219.000000 146.000000
210.000000 154.000000
220.000000 159.000000
231.000000 161.000000
243.000000 160.000000
134.000000 145.000000
230.000000 151.000000
170.000000 149.000000
166.000000 164.000000
161.000000 179.000000
155.000000 194.000000
154.000000 207.000000
170.000000 211.000000
182.000000 211.000000
197.000000 211.000000
206.000000 211.000000
205.000000 198.000000
201.000000 182.000000
199.000000 168.000000
197.000000 150.000000
220.000000 261.000000
202.000000 244.000000
190.000000 239.000000
179.000000 241.000000
167.000000 237.000000
153.000000 241.000000
136.000000 253.000000
144.000000 258.000000
159.000000 264.000000
172.000000 269.000000
184.000000 269.000000
195.000000 265.000000
203.000000 265.000000
