171.000000 29.000000
127.000000 22.000000
83.000000 53.000000
70.000000 95.000000
66.000000 138.000000
65.000000 171.000000
61.000000 203.000000
65.000000 235.000000
76.000000 261.000000
90.000000 289.000000
119.000000 319.000000
159.000000 338.000000
214.000000 319.000000
235.000000 303.000000
261.000000 281.000000
279.000000 239.000000
285.000000 194.000000
284.000000 168.000000
283.000000 125.000000
285.000000 84.000000
269.000000 55.000000
231.000000 20.000000
145.000000 147.000000
132.000000 142.000000
119.000000 138.000000
106.000000 136.000000
95.000000 139.000000
97.000000 148.000000
109.000000 148.000000
119.000000 150.000000
130.000000 151.000000
142.000000 155.000000
243.000000 146.000000
231.000000 141.000000
220.000000 143.000000
210.000000 145.000000
198.000000 149.000000
197.000000 156.000000
211.000000 155.000000
222.000000 153.000000
231.000000 152.000000
242.000000 154.000000
140.000000 172.000000
133.000000 164.000000
123.000000 161.000000
113.000000 162.000000
105.000000 167.000000
112.000000 171.000000
122.000000 173.000000
132.000000 173.000000
231.000000 172.000000
224.000000 166.000000
214.000000 165.000000
204.000000 168.000000
196.000000 174.000000
205.000000 176.000000
214.000000 176.000000
222.000000 175.000000
123.000000 166.000000
213.000000 170.000000
154.000000 171.000000
151.000000 187.000000
147.000000 201.000000
141.000000 214.000000
138.000000 227.000000
149.000000 235.000000
167.000000 241.000000
183.000000 236.000000
195.000000 229.000000
193.000000 216.000000
188.000000 202.000000
184.000000 189.000000
182.000000 172.000000
199.000000 260.000000
186.000000 256.000000
176.000000 255.000000
167.000000 258.000000
157.000000 254.000000
145.000000 256.000000
128.000000 255.000000
135.000000 271.000000
147.000000 276.000000
160.000000 280.000000
171.000000 280.000000
182.000000 276.000000
192.000000 271.000000
