174.000000 20.000000
136.000000 19.000000
105.000000 33.000000
80.000000 74.000000
67.000000 118.000000
61.000000 156.000000
67.000000 187.000000
66.000000 228.000000
80.000000 264.000000
98.000000 290.000000
120.000000 309.000000
184.000000 329.000000
232.000000 314.000000
261.000000 287.000000
276.000000 262.000000
287.000000 223.000000
286.000000 179.000000
282.000000 141.000000
275.000000 109.000000
267.000000 70.000000
242.000000 32.000000
206.000000 22.000000
154.000000 125.000000
139.000000 119.000000
125.000000 116.000000
111.000000 116.000000
99.000000 121.000000
101.000000 129.000000
113.000000 126.000000
126.000000 126.000000
138.000000 128.000000
152.000000 133.000000
252.000000 117.000000
239.000000 113.000000
226.000000 112.000000
213.000000 115.000000
199.000000 121.000000
201.000000 130.000000
216.000000 125.000000
229.000000 121.000000
240.000000 121.000000
250.000000 124.000000
151.000000 152.000000
142.000000 145.000000
131.000000 141.000000
120.000000 143.000000
111.000000 149.000000
119.000000 154.000000
129.000000 155.000000
139.000000 154.000000
241.000000 143.000000
233.000000 137.000000
222.000000 137.000000
213.000000 141.000000
206.000000 148.000000
215.000000 150.000000
226.000000 152.000000
235.000000 149.000000
129.000000 147.000000
224.000000 143.000000
163.000000 146.000000
160.000000 160.000000
156.000000 176.000000
151.000000 192.000000
151.000000 205.000000
164.000000 209.000000
179.000000 214.000000
197.000000 209.000000
209.000000 203.000000
207.000000 190.000000
201.000000 175.000000
195.000000 159.000000
192.000000 145.000000
231.000000 238.000000
211.000000 231.000000
198.000000 230.000000
182.000000 235.000000
169.000000 231.000000
148.000000 236.000000
139.000000 244.000000
150.000000 254.000000
161.000000 261.000000
175.000000 265.000000
189.000000 265.000000
203.000000 260.000000
212.000000 257.000000
