231.000000 64.000000
171.000000 42.000000
132.000000 71.000000
121.000000 103.000000
152.000000 130.000000
94.000000 153.000000
84.000000 197.000000
82.000000 242.000000
108.000000 284.000000
137.000000 312.000000
165.000000 326.000000
207.000000 340.000000
248.000000 305.000000
273.000000 266.000000
280.000000 236.000000
290.000000 212.000000
296.000000 188.000000
301.000000 164.000000
303.000000 139.000000
302.000000 118.000000
295.000000 67.000000
266.000000 63.000000
212.000000 138.000000
201.000000 132.000000
189.000000 128.000000
177.000000 128.000000
166.000000 130.000000
167.000000 136.000000
178.000000 135.000000
188.000000 136.000000
199.000000 139.000000
209.000000 144.000000
294.000000 141.000000
287.000000 137.000000
277.000000 136.000000
267.000000 138.000000
255.000000 141.000000
256.000000 147.000000
268.000000 145.000000
278.000000 144.000000
286.000000 144.000000
292.000000 145.000000
193.000000 162.000000
194.000000 149.000000
181.000000 144.000000
169.000000 143.000000
155.000000 149.000000
162.000000 154.000000
170.000000 159.000000
182.000000 165.000000
290.000000 167.000000
282.000000 160.000000
272.000000 153.000000
258.000000 156.000000
252.000000 164.000000
259.000000 169.000000
270.000000 174.000000
281.000000 170.000000
179.000000 151.000000
272.000000 163.000000
218.000000 158.000000
207.000000 181.000000
202.000000 194.000000
199.000000 211.000000
201.000000 230.000000
213.000000 236.000000
232.000000 244.000000
242.000000 241.000000
250.000000 217.000000
244.000000 199.000000
243.000000 183.000000
242.000000 174.000000
241.000000 160.000000
249.000000 273.000000
236.000000 265.000000
228.000000 268.000000
218.000000 270.000000
202.000000 263.000000
184.000000 263.000000
170.000000 264.000000
180.000000 278.000000
196.000000 280.000000
207.000000 285.000000
216.000000 289.000000
229.000000 286.000000
241.000000 284.000000
