171.000000 27.000000
125.000000 41.000000
99.000000 62.000000
103.000000 103.000000
90.000000 133.000000
88.000000 166.000000
86.000000 200.000000
88.000000 234.000000
104.000000 273.000000
139.000000 305.000000
171.000000 323.000000
215.000000 330.000000
250.000000 312.000000
270.000000 277.000000
286.000000 241.000000
289.000000 214.000000
289.000000 182.000000
282.000000 151.000000
279.000000 117.000000
272.000000 88.000000
251.000000 35.000000
211.000000 26.000000
172.000000 134.000000
158.000000 130.000000
143.000000 128.000000
133.000000 134.000000
124.000000 139.000000
122.000000 151.000000
133.000000 143.000000
143.000000 138.000000
156.000000 139.000000
169.000000 141.000000
274.000000 125.000000
263.000000 122.000000
251.000000 123.000000
239.000000 125.000000
227.000000 130.000000
230.000000 137.000000
241.000000 134.000000
252.000000 131.000000
262.000000 130.000000
272.000000 132.000000
175.000000 162.000000
165.000000 152.000000
151.000000 150.000000
139.000000 152.000000
128.000000 161.000000
142.000000 164.000000
152.000000 165.000000
161.000000 165.000000
265.000000 149.000000
255.000000 143.000000
243.000000 143.000000
233.000000 147.000000
226.000000 156.000000
237.000000 159.000000
247.000000 158.000000
258.000000 155.000000
149.000000 157.000000
245.000000 150.000000
189.000000 159.000000
186.000000 176.000000
182.000000 191.000000
176.000000 207.000000
174.000000 222.000000
189.000000 228.000000
206.000000 231.000000
221.000000 226.000000
233.000000 216.000000
230.000000 203.000000
222.000000 190.000000
216.000000 175.000000
212.000000 157.000000
246.000000 250.000000
226.000000 241.000000
218.000000 246.000000
208.000000 248.000000
194.000000 245.000000
181.000000 247.000000
164.000000 252.000000
175.000000 268.000000
188.000000 273.000000
203.000000 276.000000
214.000000 276.000000
226.000000 270.000000
236.000000 265.000000
