182.000000 26.000000
142.000000 27.000000
101.000000 36.000000
87.000000 81.000000
72.000000 113.000000
68.000000 148.000000
71.000000 185.000000
78.000000 222.000000
93.000000 258.000000
113.000000 300.000000
138.000000 322.000000
190.000000 343.000000
241.000000 317.000000
256.000000 280.000000
277.000000 250.000000
288.000000 217.000000
293.000000 178.000000
294.000000 142.000000
287.000000 107.000000
276.000000 69.000000
247.000000 41.000000
216.000000 26.000000
161.000000 132.000000
151.000000 130.000000
139.000000 127.000000
125.000000 129.000000
113.000000 131.000000
110.000000 141.000000
124.000000 134.000000
135.000000 136.000000
147.000000 135.000000
162.000000 139.000000
271.000000 128.000000
259.000000 127.000000
245.000000 123.000000
235.000000 124.000000
216.000000 132.000000
217.000000 137.000000
233.000000 135.000000
245.000000 134.000000
255.000000 136.000000
270.000000 142.000000
161.000000 156.000000
152.000000 145.000000
140.000000 140.000000
127.000000 141.000000
117.000000 148.000000
124.000000 156.000000
137.000000 158.000000
150.000000 158.000000
259.000000 157.000000
244.000000 141.000000
233.000000 140.000000
222.000000 145.000000
213.000000 154.000000
224.000000 157.000000
236.000000 158.000000
247.000000 155.000000
135.000000 148.000000
233.000000 149.000000
173.000000 152.000000
169.000000 170.000000
165.000000 187.000000
159.000000 204.000000
155.000000 222.000000
170.000000 226.000000
188.000000 232.000000
207.000000 229.000000
219.000000 220.000000
216.000000 204.000000
210.000000 189.000000
205.000000 170.000000
201.000000 152.000000
227.000000 256.000000
211.000000 256.000000
198.000000 255.000000
188.000000 259.000000
176.000000 255.000000
161.000000 258.000000
145.000000 257.000000
154.000000 271.000000
165.000000 281.000000
180.000000 287.000000
195.000000 287.000000
208.000000 279.000000
219.000000 269.000000
