161.000000 27.000000
109.000000 35.000000
86.000000 71.000000
76.000000 110.000000
77.000000 141.000000
76.000000 174.000000
77.000000 208.000000
76.000000 235.000000
89.000000 265.000000
107.000000 294.000000
132.000000 315.000000
167.000000 327.000000
206.000000 312.000000
234.000000 289.000000
256.000000 265.000000
264.000000 235.000000
269.000000 202.000000
269.000000 168.000000
264.000000 138.000000
260.000000 102.000000
254.000000 62.000000
226.000000 32.000000
141.000000 140.000000
128.000000 136.000000
114.000000 134.000000
101.000000 134.000000
90.000000 139.000000
91.000000 147.000000
102.000000 146.000000
114.000000 146.000000
127.000000 148.000000
139.000000 149.000000
245.000000 138.000000
234.000000 133.000000
222.000000 134.000000
209.000000 135.000000
197.000000 139.000000
199.000000 147.000000
211.000000 146.000000
222.000000 144.000000
233.000000 143.000000
243.000000 146.000000
146.000000 167.000000
136.000000 160.000000
125.000000 157.000000
115.000000 158.000000
98.000000 163.000000
114.000000 169.000000
125.000000 170.000000
136.000000 169.000000
239.000000 162.000000
222.000000 157.000000
212.000000 156.000000
202.000000 159.000000
193.000000 165.000000
203.000000 168.000000
213.000000 169.000000
223.000000 168.000000
122.000000 163.000000
212.000000 162.000000
157.000000 165.000000
153.000000 181.000000
147.000000 194.000000
140.000000 209.000000
140.000000 221.000000
153.000000 225.000000
168.000000 226.000000
184.000000 223.000000
193.000000 218.000000
196.000000 209.000000
190.000000 196.000000
185.000000 182.000000
181.000000 165.000000
213.000000 248.000000
193.000000 243.000000
183.000000 245.000000
170.000000 248.000000
156.000000 246.000000
143.000000 247.000000
122.000000 251.000000
134.000000 268.000000
149.000000 278.000000
161.000000 282.000000
174.000000 282.000000
189.000000 277.000000
204.000000 263.000000
