143.000000 38.000000
107.000000 42.000000
74.000000 61.000000
55.000000 110.000000
52.000000 140.000000
59.000000 173.000000
63.000000 207.000000
70.000000 244.000000
82.000000 274.000000
101.000000 303.000000
129.000000 325.000000
173.000000 335.000000
217.000000 314.000000
246.000000 285.000000
270.000000 258.000000
280.000000 212.000000
278.000000 177.000000
268.000000 141.000000
258.000000 113.000000
251.000000 78.000000
240.000000 39.000000
193.000000 20.000000
119.000000 129.000000
102.000000 127.000000
87.000000 128.000000
73.000000 131.000000
65.000000 139.000000
64.000000 148.000000
76.000000 142.000000
90.000000 140.000000
104.000000 139.000000
120.000000 140.000000
234.000000 126.000000
220.000000 115.000000
204.000000 115.000000
189.000000 117.000000
174.000000 122.000000
176.000000 132.000000
191.000000 128.000000
207.000000 125.000000
221.000000 126.000000
227.000000 128.000000
121.000000 161.000000
112.000000 152.000000
101.000000 150.000000
90.000000 153.000000
77.000000 163.000000
90.000000 166.000000
100.000000 167.000000
111.000000 165.000000
224.000000 146.000000
208.000000 139.000000
196.000000 139.000000
185.000000 143.000000
177.000000 154.000000
188.000000 156.000000
200.000000 154.000000
211.000000 152.000000
101.000000 158.000000
198.000000 146.000000
131.000000 158.000000
129.000000 175.000000
127.000000 191.000000
123.000000 209.000000
127.000000 218.000000
137.000000 223.000000
152.000000 227.000000
171.000000 221.000000
181.000000 211.000000
182.000000 200.000000
175.000000 185.000000
168.000000 169.000000
163.000000 154.000000
200.000000 254.000000
184.000000 245.000000
172.000000 248.000000
159.000000 252.000000
146.000000 249.000000
128.000000 257.000000
121.000000 271.000000
133.000000 273.000000
143.000000 274.000000
155.000000 276.000000
167.000000 275.000000
176.000000 271.000000
190.000000 265.000000
