185.000000 64.000000
144.000000 54.000000
99.000000 46.000000
82.000000 77.000000
76.000000 129.000000
69.000000 161.000000
70.000000 196.000000
74.000000 230.000000
82.000000 264.000000
101.000000 292.000000
124.000000 317.000000
162.000000 331.000000
211.000000 320.000000
234.000000 294.000000
254.000000 266.000000
263.000000 236.000000
271.000000 204.000000
275.000000 170.000000
274.000000 125.000000
275.000000 102.000000
260.000000 65.000000
226.000000 65.000000
148.000000 136.000000
134.000000 132.000000
121.000000 129.000000
107.000000 132.000000
95.000000 140.000000
98.000000 144.000000
112.000000 140.000000
124.000000 138.000000
133.000000 140.000000
144.000000 143.000000
258.000000 148.000000
242.000000 145.000000
230.000000 139.000000
217.000000 139.000000
204.000000 140.000000
206.000000 146.000000
217.000000 147.000000
230.000000 148.000000
242.000000 154.000000
254.000000 158.000000
150.000000 164.000000
144.000000 155.000000
133.000000 149.000000
121.000000 151.000000
111.000000 156.000000
121.000000 163.000000
130.000000 166.000000
140.000000 166.000000
238.000000 165.000000
230.000000 158.000000
218.000000 155.000000
208.000000 159.000000
201.000000 167.000000
210.000000 171.000000
221.000000 173.000000
231.000000 171.000000
130.000000 157.000000
219.000000 163.000000
162.000000 160.000000
159.000000 177.000000
154.000000 192.000000
148.000000 207.000000
143.000000 222.000000
156.000000 230.000000
172.000000 236.000000
187.000000 232.000000
201.000000 224.000000
198.000000 210.000000
193.000000 196.000000
191.000000 179.000000
190.000000 162.000000
206.000000 264.000000
197.000000 256.000000
185.000000 253.000000
172.000000 259.000000
158.000000 252.000000
145.000000 255.000000
132.000000 262.000000
143.000000 270.000000
153.000000 276.000000
164.000000 279.000000
177.000000 280.000000
187.000000 276.000000
196.000000 271.000000
