180.000000 39.000000
143.000000 37.000000
111.000000 43.000000
75.000000 67.000000
68.000000 120.000000
62.000000 156.000000
62.000000 193.000000
64.000000 238.000000
78.000000 273.000000
109.000000 303.000000
145.000000 323.000000
185.000000 338.000000
224.000000 324.000000
253.000000 298.000000
279.000000 268.000000
291.000000 233.000000
295.000000 194.000000
297.000000 158.000000
295.000000 120.000000
286.000000 85.000000
264.000000 43.000000
218.000000 34.000000
158.000000 120.000000
143.000000 115.000000
127.000000 113.000000
111.000000 112.000000
95.000000 118.000000
98.000000 127.000000
113.000000 125.000000
128.000000 125.000000
142.000000 127.000000
156.000000 129.000000
271.000000 116.000000
258.000000 112.000000
244.000000 113.000000
231.000000 116.000000
218.000000 120.000000
220.000000 129.000000
233.000000 126.000000
246.000000 124.000000
258.000000 124.000000
270.000000 125.000000
156.000000 151.000000
148.000000 141.000000
135.000000 138.000000
123.000000 139.000000
105.000000 147.000000
123.000000 151.000000
134.000000 153.000000
145.000000 152.000000
263.000000 148.000000
249.000000 140.000000
239.000000 138.000000
228.000000 142.000000
219.000000 150.000000
230.000000 153.000000
240.000000 153.000000
250.000000 152.000000
132.000000 144.000000
237.000000 145.000000
172.000000 147.000000
168.000000 166.000000
163.000000 184.000000
156.000000 201.000000
151.000000 217.000000
167.000000 226.000000
187.000000 231.000000
208.000000 227.000000
225.000000 217.000000
221.000000 201.000000
215.000000 187.000000
208.000000 165.000000
205.000000 148.000000
242.000000 249.000000
216.000000 252.000000
200.000000 251.000000
187.000000 254.000000
174.000000 250.000000
158.000000 252.000000
132.000000 250.000000
152.000000 265.000000
164.000000 274.000000
179.000000 280.000000
194.000000 281.000000
210.000000 274.000000
222.000000 265.000000
