194.000000 47.000000
157.000000 51.000000
132.000000 67.000000
104.000000 94.000000
96.000000 131.000000
95.000000 171.000000
94.000000 201.000000
95.000000 231.000000
105.000000 265.000000
123.000000 299.000000
148.000000 322.000000
189.000000 334.000000
228.000000 315.000000
252.000000 288.000000
264.000000 261.000000
270.000000 231.000000
271.000000 204.000000
273.000000 182.000000
276.000000 142.000000
276.000000 118.000000
260.000000 69.000000
231.000000 55.000000
180.000000 150.000000
166.000000 145.000000
153.000000 141.000000
138.000000 139.000000
125.000000 142.000000
125.000000 153.000000
139.000000 149.000000
152.000000 150.000000
164.000000 153.000000
176.000000 158.000000
267.000000 148.000000
259.000000 146.000000
251.000000 147.000000
239.000000 150.000000
227.000000 154.000000
230.000000 162.000000
241.000000 159.000000
252.000000 157.000000
261.000000 160.000000
270.000000 161.000000
176.000000 175.000000
167.000000 165.000000
157.000000 161.000000
145.000000 162.000000
137.000000 167.000000
144.000000 173.000000
156.000000 176.000000
168.000000 176.000000
262.000000 173.000000
254.000000 167.000000
244.000000 165.000000
234.000000 169.000000
228.000000 177.000000
236.000000 179.000000
246.000000 180.000000
255.000000 178.000000
154.000000 168.000000
244.000000 172.000000
189.000000 173.000000
187.000000 189.000000
183.000000 204.000000
178.000000 217.000000
178.000000 230.000000
184.000000 237.000000
201.000000 242.000000
216.000000 239.000000
228.000000 234.000000
224.000000 220.000000
220.000000 206.000000
216.000000 189.000000
215.000000 175.000000
238.000000 262.000000
221.000000 260.000000
209.000000 259.000000
198.000000 265.000000
187.000000 258.000000
171.000000 257.000000
156.000000 258.000000
162.000000 274.000000
176.000000 281.000000
191.000000 288.000000
205.000000 289.000000
218.000000 282.000000
229.000000 274.000000
