186.000000 45.000000
129.000000 37.000000
97.000000 70.000000
90.000000 106.000000
87.000000 151.000000
81.000000 182.000000
81.000000 214.000000
83.000000 247.000000
93.000000 278.000000
115.000000 303.000000
142.000000 327.000000
180.000000 340.000000
217.000000 328.000000
243.000000 305.000000
263.000000 281.000000
272.000000 253.000000
278.000000 221.000000
281.000000 189.000000
277.000000 158.000000
271.000000 109.000000
263.000000 76.000000
247.000000 46.000000
162.000000 152.000000
149.000000 148.000000
136.000000 144.000000
123.000000 143.000000
111.000000 148.000000
113.000000 157.000000
124.000000 155.000000
136.000000 156.000000
147.000000 158.000000
159.000000 161.000000
267.000000 157.000000
257.000000 150.000000
244.000000 149.000000
231.000000 150.000000
218.000000 154.000000
219.000000 163.000000
232.000000 161.000000
244.000000 159.000000
255.000000 160.000000
264.000000 164.000000
163.000000 179.000000
156.000000 170.000000
145.000000 166.000000
135.000000 168.000000
127.000000 173.000000
134.000000 179.000000
144.000000 181.000000
153.000000 181.000000
249.000000 181.000000
241.000000 174.000000
230.000000 172.000000
219.000000 174.000000
211.000000 182.000000
221.000000 185.000000
231.000000 186.000000
241.000000 185.000000
142.000000 172.000000
230.000000 178.000000
176.000000 179.000000
172.000000 195.000000
167.000000 208.000000
161.000000 221.000000
156.000000 237.000000
169.000000 246.000000
186.000000 251.000000
200.000000 247.000000
213.000000 239.000000
211.000000 226.000000
206.000000 214.000000
202.000000 198.000000
201.000000 181.000000
216.000000 279.000000
204.000000 274.000000
193.000000 271.000000
184.000000 275.000000
174.000000 270.000000
161.000000 273.000000
142.000000 275.000000
153.000000 285.000000
163.000000 293.000000
176.000000 298.000000
189.000000 299.000000
201.000000 294.000000
211.000000 287.000000
