168.000000 32.000000
131.000000 39.000000
94.000000 49.000000
78.000000 91.000000
74.000000 126.000000
74.000000 156.000000
73.000000 184.000000
86.000000 214.000000
93.000000 254.000000
109.000000 282.000000
128.000000 314.000000
172.000000 343.000000
233.000000 309.000000
265.000000 277.000000
282.000000 236.000000
287.000000 202.000000
285.000000 167.000000
280.000000 133.000000
274.000000 102.000000
262.000000 66.000000
230.000000 40.000000
198.000000 34.000000
134.000000 121.000000
120.000000 118.000000
108.000000 116.000000
96.000000 120.000000
86.000000 122.000000
86.000000 134.000000
98.000000 131.000000
108.000000 126.000000
121.000000 129.000000
134.000000 132.000000
249.000000 120.000000
236.000000 115.000000
222.000000 116.000000
207.000000 117.000000
192.000000 119.000000
193.000000 131.000000
209.000000 127.000000
224.000000 126.000000
237.000000 125.000000
248.000000 127.000000
136.000000 152.000000
127.000000 143.000000
116.000000 139.000000
105.000000 142.000000
97.000000 148.000000
105.000000 154.000000
115.000000 156.000000
125.000000 155.000000
232.000000 147.000000
223.000000 140.000000
211.000000 139.000000
200.000000 143.000000
190.000000 151.000000
201.000000 154.000000
213.000000 155.000000
225.000000 153.000000
116.000000 147.000000
213.000000 146.000000
147.000000 149.000000
144.000000 166.000000
141.000000 180.000000
137.000000 197.000000
134.000000 214.000000
143.000000 216.000000
157.000000 219.000000
175.000000 213.000000
186.000000 207.000000
188.000000 196.000000
184.000000 179.000000
180.000000 166.000000
178.000000 149.000000
204.000000 257.000000
186.000000 249.000000
173.000000 245.000000
164.000000 249.000000
153.000000 246.000000
140.000000 251.000000
122.000000 259.000000
128.000000 271.000000
145.000000 276.000000
159.000000 277.000000
172.000000 276.000000
184.000000 271.000000
194.000000 264.000000
