172.000000 27.000000
116.000000 36.000000
84.000000 66.000000
82.000000 98.000000
77.000000 133.000000
77.000000 166.000000
82.000000 196.000000
84.000000 230.000000
88.000000 269.000000
111.000000 297.000000
141.000000 319.000000
184.000000 330.000000
222.000000 316.000000
250.000000 292.000000
269.000000 261.000000
267.000000 230.000000
270.000000 195.000000
275.000000 164.000000
273.000000 129.000000
267.000000 85.000000
250.000000 55.000000
216.000000 32.000000
155.000000 136.000000
141.000000 131.000000
127.000000 131.000000
114.000000 135.000000
102.000000 141.000000
105.000000 152.000000
114.000000 147.000000
126.000000 138.000000
141.000000 142.000000
154.000000 146.000000
259.000000 140.000000
245.000000 132.000000
233.000000 127.000000
219.000000 131.000000
206.000000 136.000000
208.000000 145.000000
222.000000 140.000000
235.000000 137.000000
242.000000 141.000000
254.000000 149.000000
155.000000 164.000000
147.000000 155.000000
136.000000 151.000000
125.000000 153.000000
116.000000 163.000000
124.000000 164.000000
134.000000 166.000000
144.000000 166.000000
243.000000 160.000000
235.000000 154.000000
223.000000 153.000000
213.000000 156.000000
205.000000 164.000000
215.000000 167.000000
227.000000 168.000000
237.000000 166.000000
133.000000 158.000000
225.000000 159.000000
169.000000 163.000000
166.000000 179.000000
162.000000 193.000000
156.000000 208.000000
151.000000 223.000000
165.000000 228.000000
182.000000 232.000000
199.000000 228.000000
212.000000 221.000000
207.000000 208.000000
203.000000 194.000000
198.000000 180.000000
195.000000 163.000000
222.000000 258.000000
206.000000 255.000000
193.000000 253.000000
182.000000 256.000000
169.000000 253.000000
155.000000 256.000000
136.000000 262.000000
151.000000 270.000000
162.000000 276.000000
175.000000 279.000000
188.000000 279.000000
199.000000 275.000000
210.000000 268.000000
