174.000000 47.000000
135.000000 54.000000
102.000000 67.000000
80.000000 86.000000
72.000000 123.000000
71.000000 159.000000
75.000000 199.000000
77.000000 232.000000
85.000000 268.000000
103.000000 295.000000
133.000000 323.000000
175.000000 332.000000
213.000000 320.000000
240.000000 297.000000
262.000000 269.000000
270.000000 232.000000
278.000000 196.000000
280.000000 158.000000
276.000000 120.000000
267.000000 96.000000
244.000000 69.000000
211.000000 51.000000
149.000000 129.000000
133.000000 125.000000
118.000000 122.000000
106.000000 122.000000
92.000000 128.000000
96.000000 137.000000
105.000000 132.000000
118.000000 130.000000
133.000000 133.000000
146.000000 137.000000
259.000000 125.000000
245.000000 123.000000
230.000000 123.000000
215.000000 126.000000
203.000000 129.000000
205.000000 137.000000
217.000000 133.000000
232.000000 131.000000
245.000000 131.000000
258.000000 132.000000
147.000000 159.000000
139.000000 152.000000
127.000000 147.000000
115.000000 149.000000
104.000000 153.000000
113.000000 159.000000
124.000000 162.000000
135.000000 161.000000
246.000000 154.000000
235.000000 148.000000
224.000000 148.000000
215.000000 152.000000
207.000000 158.000000
216.000000 161.000000
227.000000 162.000000
239.000000 161.000000
124.000000 153.000000
226.000000 154.000000
161.000000 155.000000
157.000000 171.000000
152.000000 186.000000
146.000000 201.000000
143.000000 217.000000
158.000000 225.000000
175.000000 230.000000
193.000000 226.000000
208.000000 216.000000
205.000000 201.000000
200.000000 187.000000
196.000000 172.000000
192.000000 155.000000
216.000000 257.000000
203.000000 251.000000
188.000000 246.000000
177.000000 250.000000
164.000000 246.000000
150.000000 251.000000
134.000000 258.000000
145.000000 269.000000
156.000000 276.000000
169.000000 281.000000
184.000000 281.000000
197.000000 275.000000
207.000000 267.000000
