145.000000 31.000000
118.000000 46.000000
96.000000 70.000000
83.000000 95.000000
73.000000 130.000000
68.000000 158.000000
67.000000 198.000000
66.000000 225.000000
76.000000 256.000000
91.000000 285.000000
117.000000 311.000000
153.000000 326.000000
192.000000 315.000000
228.000000 298.000000
260.000000 276.000000
270.000000 240.000000
272.000000 192.000000
267.000000 159.000000
260.000000 118.000000
242.000000 68.000000
218.000000 44.000000
183.000000 31.000000
144.000000 131.000000
130.000000 127.000000
118.000000 124.000000
105.000000 123.000000
94.000000 128.000000
95.000000 139.000000
105.000000 134.000000
116.000000 134.000000
129.000000 136.000000
141.000000 140.000000
252.000000 138.000000
240.000000 133.000000
227.000000 131.000000
214.000000 131.000000
199.000000 134.000000
201.000000 144.000000
214.000000 142.000000
227.000000 141.000000
239.000000 142.000000
249.000000 145.000000
141.000000 158.000000
135.000000 148.000000
125.000000 143.000000
114.000000 145.000000
105.000000 150.000000
112.000000 158.000000
122.000000 160.000000
132.000000 160.000000
235.000000 162.000000
226.000000 154.000000
215.000000 152.000000
204.000000 154.000000
197.000000 162.000000
205.000000 166.000000
216.000000 169.000000
227.000000 168.000000
123.000000 151.000000
214.000000 159.000000
156.000000 155.000000
152.000000 172.000000
147.000000 188.000000
141.000000 202.000000
133.000000 218.000000
145.000000 230.000000
163.000000 237.000000
182.000000 234.000000
196.000000 223.000000
191.000000 208.000000
186.000000 192.000000
184.000000 175.000000
184.000000 158.000000
211.000000 254.000000
184.000000 252.000000
172.000000 248.000000
161.000000 251.000000
150.000000 246.000000
136.000000 248.000000
113.000000 247.000000
127.000000 262.000000
137.000000 271.000000
151.000000 278.000000
166.000000 279.000000
180.000000 275.000000
190.000000 268.000000
