178.000000 39.000000
141.000000 39.000000
109.000000 51.000000
86.000000 74.000000
84.000000 117.000000
82.000000 155.000000
79.000000 191.000000
86.000000 226.000000
97.000000 259.000000
120.000000 286.000000
147.000000 311.000000
187.000000 325.000000
232.000000 309.000000
260.000000 282.000000
277.000000 252.000000
285.000000 219.000000
290.000000 181.000000
295.000000 144.000000
285.000000 118.000000
271.000000 67.000000
243.000000 40.000000
214.000000 37.000000
158.000000 114.000000
142.000000 110.000000
126.000000 106.000000
111.000000 105.000000
100.000000 112.000000
102.000000 120.000000
113.000000 117.000000
127.000000 119.000000
142.000000 123.000000
157.000000 125.000000
272.000000 107.000000
259.000000 100.000000
245.000000 101.000000
230.000000 105.000000
216.000000 111.000000
218.000000 121.000000
232.000000 117.000000
246.000000 113.000000
259.000000 111.000000
270.000000 114.000000
163.000000 150.000000
154.000000 139.000000
140.000000 133.000000
126.000000 135.000000
117.000000 143.000000
128.000000 150.000000
139.000000 152.000000
148.000000 152.000000
256.000000 138.000000
246.000000 131.000000
231.000000 130.000000
220.000000 135.000000
212.000000 147.000000
223.000000 150.000000
237.000000 149.000000
249.000000 146.000000
135.000000 141.000000
234.000000 139.000000
174.000000 147.000000
171.000000 164.000000
166.000000 180.000000
159.000000 197.000000
156.000000 215.000000
170.000000 221.000000
186.000000 226.000000
203.000000 221.000000
217.000000 211.000000
214.000000 195.000000
208.000000 180.000000
202.000000 163.000000
199.000000 146.000000
224.000000 256.000000
210.000000 253.000000
197.000000 250.000000
187.000000 254.000000
176.000000 251.000000
164.000000 256.000000
151.000000 259.000000
161.000000 268.000000
171.000000 272.000000
182.000000 275.000000
194.000000 275.000000
204.000000 271.000000
214.000000 265.000000
