173.000000 39.000000
141.000000 40.000000
100.000000 65.000000
81.000000 98.000000
78.000000 126.000000
77.000000 162.000000
79.000000 198.000000
84.000000 229.000000
90.000000 262.000000
105.000000 289.000000
125.000000 315.000000
165.000000 330.000000
203.000000 318.000000
232.000000 293.000000
254.000000 264.000000
264.000000 232.000000
269.000000 196.000000
273.000000 161.000000
268.000000 129.000000
254.000000 86.000000
235.000000 60.000000
208.000000 43.000000
138.000000 135.000000
124.000000 131.000000
110.000000 128.000000
97.000000 126.000000
85.000000 130.000000
87.000000 138.000000
98.000000 136.000000
111.000000 139.000000
124.000000 142.000000
137.000000 145.000000
244.000000 129.000000
230.000000 126.000000
217.000000 128.000000
204.000000 131.000000
191.000000 135.000000
192.000000 145.000000
206.000000 141.000000
219.000000 137.000000
231.000000 135.000000
242.000000 135.000000
137.000000 167.000000
130.000000 158.000000
119.000000 153.000000
108.000000 154.000000
99.000000 160.000000
107.000000 167.000000
117.000000 170.000000
126.000000 169.000000
233.000000 161.000000
224.000000 155.000000
213.000000 154.000000
202.000000 158.000000
194.000000 167.000000
204.000000 170.000000
215.000000 170.000000
226.000000 168.000000
117.000000 160.000000
214.000000 161.000000
149.000000 164.000000
146.000000 180.000000
143.000000 195.000000
139.000000 210.000000
136.000000 226.000000
148.000000 234.000000
164.000000 241.000000
179.000000 235.000000
192.000000 226.000000
189.000000 212.000000
186.000000 198.000000
181.000000 180.000000
180.000000 164.000000
203.000000 265.000000
189.000000 263.000000
176.000000 260.000000
165.000000 264.000000
155.000000 259.000000
142.000000 262.000000
128.000000 263.000000
136.000000 276.000000
146.000000 285.000000
159.000000 292.000000
173.000000 292.000000
186.000000 286.000000
196.000000 278.000000
