210.000000 30.000000
183.000000 24.000000
145.000000 39.000000
114.000000 70.000000
86.000000 124.000000
77.000000 168.000000
74.000000 206.000000
81.000000 243.000000
101.000000 279.000000
128.000000 296.000000
152.000000 321.000000
188.000000 335.000000
228.000000 321.000000
253.000000 299.000000
268.000000 267.000000
279.000000 237.000000
282.000000 207.000000
282.000000 174.000000
290.000000 144.000000
282.000000 93.000000
268.000000 64.000000
246.000000 39.000000
173.000000 141.000000
160.000000 136.000000
147.000000 133.000000
133.000000 133.000000
121.000000 137.000000
122.000000 146.000000
134.000000 144.000000
146.000000 144.000000
159.000000 146.000000
171.000000 150.000000
274.000000 147.000000
263.000000 142.000000
250.000000 142.000000
237.000000 143.000000
225.000000 145.000000
227.000000 154.000000
239.000000 152.000000
251.000000 151.000000
263.000000 151.000000
273.000000 154.000000
172.000000 170.000000
162.000000 160.000000
149.000000 157.000000
138.000000 158.000000
130.000000 165.000000
137.000000 170.000000
149.000000 171.000000
162.000000 171.000000
262.000000 169.000000
253.000000 162.000000
243.000000 161.000000
233.000000 163.000000
225.000000 170.000000
234.000000 174.000000
245.000000 175.000000
255.000000 174.000000
148.000000 164.000000
242.000000 168.000000
187.000000 169.000000
183.000000 185.000000
178.000000 200.000000
172.000000 214.000000
167.000000 228.000000
180.000000 236.000000
195.000000 240.000000
211.000000 237.000000
223.000000 229.000000
221.000000 216.000000
217.000000 202.000000
213.000000 186.000000
211.000000 170.000000
231.000000 262.000000
217.000000 257.000000
205.000000 253.000000
195.000000 257.000000
183.000000 254.000000
169.000000 257.000000
153.000000 262.000000
163.000000 272.000000
174.000000 280.000000
186.000000 283.000000
199.000000 284.000000
211.000000 279.000000
221.000000 272.000000
