178.000000 26.000000
142.000000 31.000000
111.000000 47.000000
85.000000 71.000000
69.000000 103.000000
63.000000 138.000000
64.000000 179.000000
72.000000 218.000000
80.000000 258.000000
97.000000 294.000000
130.000000 327.000000
175.000000 341.000000
218.000000 328.000000
248.000000 291.000000
268.000000 254.000000
275.000000 220.000000
285.000000 181.000000
282.000000 142.000000
284.000000 106.000000
269.000000 74.000000
244.000000 49.000000
213.000000 32.000000
148.000000 106.000000
132.000000 101.000000
116.000000 98.000000
99.000000 98.000000
84.000000 104.000000
88.000000 113.000000
102.000000 111.000000
117.000000 111.000000
131.000000 113.000000
145.000000 116.000000
268.000000 106.000000
255.000000 101.000000
241.000000 102.000000
226.000000 104.000000
212.000000 108.000000
214.000000 117.000000
228.000000 114.000000
242.000000 113.000000
255.000000 112.000000
266.000000 114.000000
148.000000 147.000000
140.000000 135.000000
125.000000 128.000000
110.000000 130.000000
99.000000 138.000000
110.000000 147.000000
122.000000 149.000000
133.000000 149.000000
259.000000 142.000000
249.000000 134.000000
235.000000 131.000000
221.000000 136.000000
210.000000 146.000000
223.000000 151.000000
237.000000 152.000000
249.000000 149.000000
122.000000 137.000000
233.000000 141.000000
162.000000 142.000000
158.000000 162.000000
153.000000 180.000000
146.000000 199.000000
142.000000 218.000000
158.000000 227.000000
177.000000 234.000000
197.000000 228.000000
212.000000 217.000000
209.000000 199.000000
203.000000 183.000000
197.000000 162.000000
195.000000 143.000000
218.000000 259.000000
204.000000 257.000000
189.000000 254.000000
178.000000 258.000000
165.000000 255.000000
151.000000 259.000000
135.000000 261.000000
145.000000 273.000000
156.000000 282.000000
170.000000 286.000000
185.000000 287.000000
198.000000 280.000000
209.000000 272.000000
