170.000000 42.000000
128.000000 45.000000
94.000000 49.000000
84.000000 90.000000
75.000000 124.000000
69.000000 157.000000
70.000000 189.000000
77.000000 223.000000
86.000000 256.000000
103.000000 283.000000
125.000000 309.000000
164.000000 325.000000
204.000000 313.000000
230.000000 288.000000
250.000000 258.000000
259.000000 224.000000
266.000000 192.000000
267.000000 163.000000
260.000000 129.000000
250.000000 90.000000
241.000000 50.000000
205.000000 46.000000
137.000000 133.000000
123.000000 128.000000
110.000000 125.000000
97.000000 125.000000
86.000000 130.000000
88.000000 135.000000
98.000000 132.000000
110.000000 133.000000
122.000000 136.000000
135.000000 140.000000
244.000000 131.000000
232.000000 127.000000
219.000000 127.000000
204.000000 130.000000
191.000000 135.000000
192.000000 142.000000
206.000000 138.000000
220.000000 134.000000
232.000000 133.000000
242.000000 136.000000
138.000000 160.000000
130.000000 150.000000
119.000000 145.000000
108.000000 147.000000
100.000000 153.000000
106.000000 159.000000
117.000000 161.000000
128.000000 161.000000
230.000000 158.000000
222.000000 151.000000
210.000000 148.000000
199.000000 152.000000
190.000000 161.000000
201.000000 163.000000
211.000000 163.000000
222.000000 162.000000
117.000000 152.000000
210.000000 155.000000
150.000000 157.000000
147.000000 173.000000
143.000000 187.000000
137.000000 201.000000
135.000000 216.000000
146.000000 224.000000
161.000000 229.000000
176.000000 225.000000
190.000000 216.000000
187.000000 203.000000
183.000000 188.000000
179.000000 173.000000
178.000000 158.000000
202.000000 252.000000
187.000000 246.000000
173.000000 243.000000
162.000000 246.000000
152.000000 242.000000
138.000000 246.000000
125.000000 250.000000
133.000000 263.000000
142.000000 272.000000
156.000000 276.000000
169.000000 277.000000
182.000000 271.000000
192.000000 264.000000
