200.000000 46.000000
160.000000 47.000000
126.000000 57.000000
105.000000 82.000000
94.000000 123.000000
88.000000 162.000000
88.000000 196.000000
84.000000 231.000000
99.000000 263.000000
120.000000 295.000000
148.000000 321.000000
185.000000 331.000000
227.000000 327.000000
252.000000 296.000000
273.000000 261.000000
280.000000 234.000000
281.000000 203.000000
281.000000 177.000000
280.000000 152.000000
276.000000 114.000000
264.000000 80.000000
236.000000 58.000000
174.000000 132.000000
164.000000 146.000000
152.000000 129.000000
115.000000 155.000000
120.000000 142.000000
133.000000 135.000000
140.000000 133.000000
150.000000 140.000000
161.000000 131.000000
174.000000 143.000000
286.000000 134.000000
273.000000 127.000000
259.000000 126.000000
246.000000 129.000000
233.000000 134.000000
236.000000 143.000000
249.000000 140.000000
261.000000 138.000000
272.000000 138.000000
283.000000 142.000000
170.000000 161.000000
179.000000 153.000000
154.000000 146.000000
140.000000 146.000000
130.000000 151.000000
131.000000 160.000000
150.000000 164.000000
158.000000 161.000000
271.000000 157.000000
260.000000 149.000000
250.000000 145.000000
234.000000 149.000000
233.000000 164.000000
242.000000 168.000000
252.000000 169.000000
263.000000 167.000000
153.000000 154.000000
242.000000 156.000000
194.000000 168.000000
188.000000 178.000000
181.000000 189.000000
171.000000 204.000000
167.000000 221.000000
178.000000 229.000000
195.000000 234.000000
213.000000 235.000000
232.000000 225.000000
239.000000 208.000000
228.000000 195.000000
222.000000 180.000000
218.000000 164.000000
235.000000 264.000000
244.000000 250.000000
220.000000 247.000000
201.000000 248.000000
182.000000 248.000000
166.000000 248.000000
152.000000 256.000000
159.000000 265.000000
171.000000 271.000000
182.000000 277.000000
199.000000 279.000000
210.000000 280.000000
220.000000 274.000000
