182.000000 33.000000
144.000000 34.000000
113.000000 45.000000
98.000000 75.000000
88.000000 117.000000
81.000000 150.000000
81.000000 189.000000
83.000000 227.000000
87.000000 270.000000
105.000000 302.000000
151.000000 330.000000
204.000000 336.000000
246.000000 316.000000
270.000000 287.000000
282.000000 245.000000
282.000000 213.000000
286.000000 179.000000
284.000000 145.000000
278.000000 119.000000
272.000000 84.000000
256.000000 50.000000
225.000000 36.000000
172.000000 119.000000
156.000000 114.000000
141.000000 112.000000
126.000000 115.000000
112.000000 122.000000
115.000000 131.000000
129.000000 127.000000
142.000000 126.000000
156.000000 127.000000
170.000000 129.000000
273.000000 118.000000
261.000000 113.000000
247.000000 112.000000
235.000000 115.000000
222.000000 120.000000
224.000000 130.000000
237.000000 126.000000
249.000000 124.000000
261.000000 124.000000
271.000000 126.000000
172.000000 154.000000
164.000000 145.000000
152.000000 141.000000
140.000000 142.000000
130.000000 149.000000
139.000000 155.000000
150.000000 157.000000
162.000000 156.000000
260.000000 146.000000
251.000000 140.000000
241.000000 140.000000
231.000000 143.000000
224.000000 152.000000
234.000000 155.000000
244.000000 155.000000
254.000000 153.000000
149.000000 148.000000
240.000000 147.000000
184.000000 148.000000
187.000000 166.000000
179.000000 182.000000
174.000000 198.000000
173.000000 213.000000
187.000000 220.000000
201.000000 225.000000
220.000000 225.000000
241.000000 208.000000
235.000000 190.000000
228.000000 181.000000
220.000000 165.000000
212.000000 148.000000
240.000000 248.000000
225.000000 245.000000
212.000000 243.000000
201.000000 247.000000
189.000000 244.000000
174.000000 246.000000
157.000000 248.000000
169.000000 260.000000
180.000000 269.000000
194.000000 274.000000
209.000000 274.000000
221.000000 268.000000
232.000000 259.000000
