183.000000 35.000000
148.000000 39.000000
120.000000 49.000000
93.000000 76.000000
83.000000 113.000000
76.000000 144.000000
71.000000 178.000000
74.000000 215.000000
84.000000 249.000000
95.000000 276.000000
121.000000 309.000000
163.000000 333.000000
209.000000 330.000000
243.000000 301.000000
260.000000 268.000000
276.000000 235.000000
277.000000 196.000000
278.000000 154.000000
274.000000 122.000000
265.000000 92.000000
249.000000 61.000000
220.000000 43.000000
154.000000 119.000000
140.000000 115.000000
125.000000 113.000000
112.000000 112.000000
99.000000 116.000000
101.000000 125.000000
113.000000 124.000000
124.000000 125.000000
137.000000 127.000000
150.000000 130.000000
255.000000 121.000000
242.000000 115.000000
229.000000 116.000000
216.000000 118.000000
200.000000 122.000000
202.000000 131.000000
217.000000 129.000000
229.000000 128.000000
241.000000 127.000000
252.000000 129.000000
149.000000 151.000000
144.000000 141.000000
133.000000 136.000000
122.000000 137.000000
112.000000 143.000000
119.000000 150.000000
131.000000 154.000000
142.000000 154.000000
239.000000 148.000000
231.000000 141.000000
220.000000 139.000000
209.000000 142.000000
201.000000 151.000000
211.000000 155.000000
222.000000 156.000000
232.000000 154.000000
132.000000 144.000000
221.000000 147.000000
160.000000 146.000000
156.000000 162.000000
152.000000 177.000000
146.000000 191.000000
143.000000 208.000000
156.000000 217.000000
173.000000 222.000000
188.000000 219.000000
202.000000 211.000000
200.000000 196.000000
195.000000 181.000000
191.000000 164.000000
189.000000 148.000000
217.000000 263.000000
200.000000 246.000000
189.000000 243.000000
176.000000 241.000000
160.000000 240.000000
151.000000 242.000000
130.000000 260.000000
148.000000 281.000000
159.000000 282.000000
170.000000 283.000000
184.000000 283.000000
196.000000 282.000000
208.000000 280.000000
