164.000000 24.000000
129.000000 33.000000
100.000000 49.000000
80.000000 80.000000
68.000000 117.000000
64.000000 155.000000
67.000000 193.000000
75.000000 228.000000
78.000000 263.000000
100.000000 300.000000
130.000000 329.000000
180.000000 333.000000
231.000000 310.000000
265.000000 287.000000
281.000000 248.000000
285.000000 213.000000
286.000000 176.000000
282.000000 139.000000
272.000000 101.000000
264.000000 65.000000
237.000000 36.000000
201.000000 25.000000
139.000000 119.000000
124.000000 117.000000
111.000000 116.000000
99.000000 117.000000
88.000000 123.000000
92.000000 131.000000
102.000000 128.000000
112.000000 127.000000
125.000000 127.000000
137.000000 129.000000
249.000000 112.000000
237.000000 107.000000
225.000000 107.000000
212.000000 110.000000
197.000000 115.000000
200.000000 124.000000
214.000000 120.000000
226.000000 118.000000
237.000000 117.000000
247.000000 119.000000
140.000000 149.000000
132.000000 140.000000
121.000000 138.000000
110.000000 141.000000
103.000000 148.000000
113.000000 153.000000
122.000000 155.000000
130.000000 153.000000
239.000000 139.000000
228.000000 133.000000
216.000000 131.000000
205.000000 135.000000
198.000000 145.000000
208.000000 148.000000
220.000000 147.000000
231.000000 145.000000
122.000000 145.000000
218.000000 138.000000
152.000000 145.000000
150.000000 163.000000
147.000000 178.000000
142.000000 194.000000
140.000000 210.000000
154.000000 215.000000
171.000000 219.000000
188.000000 213.000000
204.000000 203.000000
199.000000 189.000000
191.000000 176.000000
186.000000 161.000000
183.000000 143.000000
216.000000 246.000000
200.000000 239.000000
185.000000 238.000000
171.000000 238.000000
158.000000 239.000000
144.000000 237.000000
135.000000 249.000000
145.000000 259.000000
156.000000 265.000000
169.000000 269.000000
182.000000 268.000000
194.000000 263.000000
206.000000 256.000000
