187.000000 35.000000
149.000000 46.000000
118.000000 56.000000
99.000000 96.000000
91.000000 144.000000
85.000000 176.000000
83.000000 206.000000
86.000000 242.000000
99.000000 274.000000
118.000000 301.000000
147.000000 321.000000
183.000000 336.000000
221.000000 323.000000
246.000000 298.000000
264.000000 273.000000
273.000000 243.000000
278.000000 212.000000
281.000000 179.000000
282.000000 141.000000
278.000000 102.000000
254.000000 66.000000
223.000000 47.000000
169.000000 142.000000
156.000000 137.000000
142.000000 134.000000
127.000000 133.000000
113.000000 139.000000
114.000000 150.000000
129.000000 148.000000
143.000000 148.000000
156.000000 149.000000
168.000000 152.000000
272.000000 145.000000
259.000000 139.000000
245.000000 140.000000
231.000000 142.000000
219.000000 146.000000
221.000000 156.000000
233.000000 154.000000
247.000000 152.000000
260.000000 153.000000
271.000000 155.000000
167.000000 172.000000
159.000000 164.000000
148.000000 160.000000
137.000000 161.000000
127.000000 166.000000
134.000000 172.000000
145.000000 173.000000
156.000000 172.000000
256.000000 171.000000
248.000000 166.000000
239.000000 164.000000
229.000000 167.000000
219.000000 173.000000
230.000000 175.000000
239.000000 176.000000
248.000000 176.000000
144.000000 166.000000
238.000000 170.000000
180.000000 168.000000
177.000000 184.000000
173.000000 199.000000
167.000000 213.000000
161.000000 226.000000
172.000000 236.000000
190.000000 242.000000
211.000000 237.000000
224.000000 228.000000
219.000000 215.000000
214.000000 200.000000
210.000000 186.000000
208.000000 169.000000
232.000000 259.000000
216.000000 256.000000
202.000000 254.000000
190.000000 256.000000
178.000000 254.000000
162.000000 255.000000
145.000000 257.000000
155.000000 272.000000
166.000000 282.000000
181.000000 288.000000
194.000000 289.000000
208.000000 284.000000
220.000000 275.000000
