189.000000 35.000000
150.000000 33.000000
119.000000 43.000000
98.000000 74.000000
80.000000 119.000000
71.000000 156.000000
69.000000 197.000000
71.000000 233.000000
89.000000 270.000000
116.000000 302.000000
146.000000 324.000000
187.000000 332.000000
227.000000 320.000000
251.000000 291.000000
265.000000 259.000000
273.000000 227.000000
280.000000 196.000000
282.000000 160.000000
281.000000 128.000000
277.000000 92.000000
258.000000 58.000000
228.000000 39.000000
167.000000 124.000000
149.000000 120.000000
132.000000 118.000000
115.000000 120.000000
100.000000 128.000000
103.000000 137.000000
118.000000 133.000000
133.000000 132.000000
148.000000 132.000000
163.000000 135.000000
272.000000 130.000000
261.000000 123.000000
246.000000 121.000000
231.000000 123.000000
215.000000 127.000000
217.000000 137.000000
232.000000 135.000000
246.000000 133.000000
260.000000 135.000000
270.000000 138.000000
160.000000 154.000000
152.000000 146.000000
141.000000 142.000000
130.000000 144.000000
120.000000 150.000000
129.000000 157.000000
140.000000 159.000000
150.000000 157.000000
254.000000 154.000000
246.000000 149.000000
235.000000 146.000000
224.000000 149.000000
217.000000 156.000000
226.000000 159.000000
236.000000 159.000000
246.000000 159.000000
138.000000 150.000000
235.000000 153.000000
173.000000 150.000000
171.000000 168.000000
167.000000 184.000000
162.000000 199.000000
157.000000 215.000000
172.000000 220.000000
187.000000 223.000000
204.000000 223.000000
219.000000 215.000000
214.000000 200.000000
209.000000 184.000000
205.000000 169.000000
203.000000 151.000000
222.000000 251.000000
210.000000 247.000000
199.000000 243.000000
188.000000 248.000000
177.000000 244.000000
164.000000 247.000000
149.000000 250.000000
159.000000 263.000000
169.000000 270.000000
181.000000 275.000000
194.000000 275.000000
205.000000 270.000000
213.000000 262.000000
