197.000000 58.000000
163.000000 63.000000
132.000000 68.000000
109.000000 90.000000
97.000000 122.000000
80.000000 160.000000
73.000000 196.000000
75.000000 233.000000
88.000000 267.000000
111.000000 297.000000
141.000000 317.000000
183.000000 330.000000
220.000000 323.000000
248.000000 299.000000
266.000000 267.000000
277.000000 232.000000
278.000000 200.000000
281.000000 169.000000
277.000000 138.000000
265.000000 106.000000
254.000000 79.000000
229.000000 60.000000
166.000000 143.000000
153.000000 137.000000
137.000000 134.000000
122.000000 134.000000
107.000000 139.000000
110.000000 148.000000
123.000000 146.000000
137.000000 146.000000
151.000000 148.000000
163.000000 152.000000
264.000000 142.000000
251.000000 138.000000
237.000000 139.000000
224.000000 140.000000
211.000000 145.000000
213.000000 154.000000
226.000000 151.000000
238.000000 150.000000
251.000000 150.000000
262.000000 151.000000
164.000000 170.000000
155.000000 161.000000
145.000000 157.000000
134.000000 158.000000
124.000000 163.000000
132.000000 170.000000
142.000000 172.000000
153.000000 172.000000
249.000000 167.000000
240.000000 161.000000
229.000000 161.000000
220.000000 165.000000
212.000000 172.000000
222.000000 175.000000
233.000000 176.000000
242.000000 173.000000
142.000000 164.000000
231.000000 167.000000
177.000000 168.000000
174.000000 184.000000
169.000000 199.000000
163.000000 213.000000
158.000000 227.000000
170.000000 237.000000
186.000000 242.000000
202.000000 238.000000
214.000000 229.000000
210.000000 216.000000
206.000000 202.000000
202.000000 186.000000
200.000000 169.000000
220.000000 258.000000
206.000000 256.000000
194.000000 254.000000
185.000000 258.000000
176.000000 254.000000
161.000000 256.000000
144.000000 258.000000
157.000000 268.000000
167.000000 275.000000
178.000000 279.000000
191.000000 279.000000
202.000000 274.000000
211.000000 267.000000
