194.000000 38.000000
157.000000 38.000000
124.000000 43.000000
96.000000 60.000000
76.000000 100.000000
63.000000 146.000000
64.000000 183.000000
66.000000 226.000000
73.000000 261.000000
101.000000 291.000000
133.000000 318.000000
183.000000 338.000000
232.000000 320.000000
265.000000 291.000000
286.000000 262.000000
295.000000 222.000000
295.000000 182.000000
294.000000 148.000000
292.000000 111.000000
281.000000 81.000000
260.000000 56.000000
233.000000 41.000000
162.000000 118.000000
147.000000 112.000000
132.000000 108.000000
116.000000 106.000000
102.000000 110.000000
104.000000 120.000000
117.000000 119.000000
132.000000 120.000000
146.000000 124.000000
161.000000 129.000000
272.000000 112.000000
260.000000 109.000000
247.000000 111.000000
234.000000 114.000000
222.000000 119.000000
224.000000 129.000000
237.000000 125.000000
250.000000 122.000000
261.000000 122.000000
271.000000 122.000000
161.000000 147.000000
151.000000 137.000000
138.000000 132.000000
125.000000 134.000000
115.000000 140.000000
124.000000 146.000000
137.000000 148.000000
150.000000 148.000000
259.000000 140.000000
251.000000 135.000000
240.000000 134.000000
230.000000 138.000000
222.000000 145.000000
232.000000 149.000000
243.000000 149.000000
254.000000 147.000000
135.000000 139.000000
241.000000 141.000000
176.000000 142.000000
172.000000 160.000000
167.000000 177.000000
161.000000 193.000000
158.000000 208.000000
173.000000 216.000000
191.000000 221.000000
210.000000 216.000000
223.000000 207.000000
221.000000 193.000000
216.000000 179.000000
211.000000 160.000000
207.000000 143.000000
234.000000 242.000000
219.000000 238.000000
205.000000 236.000000
192.000000 240.000000
179.000000 236.000000
161.000000 240.000000
143.000000 243.000000
157.000000 255.000000
169.000000 263.000000
184.000000 268.000000
198.000000 268.000000
211.000000 262.000000
222.000000 253.000000
