150.000000 36.000000
116.000000 46.000000
87.000000 67.000000
61.000000 88.000000
53.000000 129.000000
52.000000 165.000000
59.000000 201.000000
66.000000 235.000000
80.000000 275.000000
112.000000 307.000000
148.000000 325.000000
193.000000 328.000000
233.000000 311.000000
265.000000 289.000000
285.000000 260.000000
286.000000 215.000000
286.000000 171.000000
276.000000 134.000000
267.000000 100.000000
254.000000 60.000000
222.000000 44.000000
186.000000 36.000000
134.000000 116.000000
117.000000 112.000000
103.000000 110.000000
88.000000 110.000000
73.000000 115.000000
76.000000 127.000000
91.000000 124.000000
104.000000 124.000000
119.000000 126.000000
133.000000 128.000000
244.000000 96.000000
231.000000 94.000000
217.000000 99.000000
203.000000 104.000000
188.000000 111.000000
190.000000 120.000000
207.000000 116.000000
221.000000 111.000000
233.000000 107.000000
244.000000 104.000000
132.000000 147.000000
122.000000 138.000000
109.000000 137.000000
97.000000 140.000000
90.000000 148.000000
98.000000 154.000000
110.000000 155.000000
121.000000 152.000000
238.000000 132.000000
228.000000 125.000000
215.000000 124.000000
204.000000 128.000000
196.000000 138.000000
207.000000 143.000000
220.000000 143.000000
232.000000 139.000000
111.000000 146.000000
214.000000 134.000000
148.000000 141.000000
147.000000 160.000000
144.000000 177.000000
140.000000 195.000000
138.000000 211.000000
155.000000 217.000000
174.000000 218.000000
193.000000 211.000000
206.000000 201.000000
199.000000 186.000000
191.000000 172.000000
183.000000 154.000000
178.000000 137.000000
217.000000 239.000000
202.000000 234.000000
190.000000 232.000000
177.000000 237.000000
163.000000 236.000000
149.000000 242.000000
135.000000 249.000000
147.000000 258.000000
159.000000 263.000000
173.000000 264.000000
187.000000 263.000000
199.000000 257.000000
209.000000 248.000000
