177.000000 22.000000
142.000000 27.000000
103.000000 38.000000
85.000000 71.000000
68.000000 116.000000
63.000000 155.000000
63.000000 195.000000
72.000000 234.000000
94.000000 272.000000
120.000000 296.000000
155.000000 307.000000
201.000000 314.000000
244.000000 304.000000
273.000000 284.000000
290.000000 249.000000
300.000000 218.000000
303.000000 181.000000
299.000000 134.000000
292.000000 93.000000
275.000000 60.000000
250.000000 29.000000
213.000000 23.000000
164.000000 105.000000
147.000000 103.000000
132.000000 101.000000
116.000000 100.000000
102.000000 105.000000
104.000000 112.000000
118.000000 109.000000
133.000000 110.000000
148.000000 112.000000
163.000000 115.000000
269.000000 97.000000
256.000000 95.000000
241.000000 96.000000
227.000000 100.000000
214.000000 105.000000
217.000000 113.000000
230.000000 108.000000
244.000000 104.000000
257.000000 103.000000
269.000000 103.000000
161.000000 137.000000
150.000000 129.000000
137.000000 125.000000
124.000000 128.000000
115.000000 135.000000
124.000000 140.000000
138.000000 141.000000
150.000000 140.000000
260.000000 126.000000
249.000000 121.000000
236.000000 121.000000
227.000000 126.000000
219.000000 134.000000
230.000000 136.000000
242.000000 136.000000
253.000000 133.000000
135.000000 132.000000
238.000000 127.000000
176.000000 134.000000
173.000000 150.000000
170.000000 165.000000
166.000000 180.000000
164.000000 196.000000
178.000000 202.000000
196.000000 208.000000
213.000000 201.000000
224.000000 192.000000
220.000000 178.000000
215.000000 164.000000
210.000000 148.000000
206.000000 132.000000
236.000000 233.000000
222.000000 227.000000
210.000000 222.000000
198.000000 227.000000
184.000000 224.000000
168.000000 230.000000
153.000000 239.000000
166.000000 249.000000
178.000000 257.000000
193.000000 261.000000
207.000000 261.000000
220.000000 254.000000
230.000000 244.000000
