201.000000 63.000000
166.000000 67.000000
132.000000 80.000000
107.000000 104.000000
89.000000 135.000000
82.000000 169.000000
82.000000 202.000000
86.000000 236.000000
98.000000 270.000000
120.000000 300.000000
150.000000 325.000000
188.000000 339.000000
228.000000 323.000000
248.000000 296.000000
265.000000 270.000000
273.000000 241.000000
282.000000 213.000000
289.000000 185.000000
291.000000 152.000000
289.000000 115.000000
266.000000 89.000000
235.000000 71.000000
179.000000 140.000000
163.000000 133.000000
147.000000 129.000000
132.000000 129.000000
116.000000 136.000000
119.000000 145.000000
133.000000 142.000000
147.000000 142.000000
161.000000 145.000000
175.000000 149.000000
285.000000 145.000000
272.000000 140.000000
257.000000 141.000000
243.000000 144.000000
229.000000 149.000000
231.000000 157.000000
245.000000 154.000000
258.000000 153.000000
271.000000 152.000000
282.000000 153.000000
174.000000 170.000000
165.000000 161.000000
153.000000 157.000000
141.000000 158.000000
132.000000 163.000000
139.000000 169.000000
151.000000 172.000000
163.000000 172.000000
268.000000 170.000000
258.000000 164.000000
248.000000 162.000000
237.000000 166.000000
229.000000 173.000000
239.000000 177.000000
250.000000 178.000000
261.000000 175.000000
150.000000 164.000000
248.000000 170.000000
189.000000 170.000000
185.000000 186.000000
180.000000 202.000000
173.000000 217.000000
166.000000 232.000000
179.000000 243.000000
198.000000 250.000000
217.000000 246.000000
232.000000 236.000000
227.000000 220.000000
222.000000 206.000000
218.000000 188.000000
217.000000 171.000000
231.000000 275.000000
218.000000 271.000000
206.000000 267.000000
196.000000 270.000000
185.000000 266.000000
171.000000 268.000000
155.000000 270.000000
164.000000 281.000000
174.000000 290.000000
186.000000 295.000000
200.000000 297.000000
211.000000 292.000000
221.000000 285.000000
