185.000000 40.000000
148.000000 39.000000
108.000000 38.000000
86.000000 73.000000
79.000000 121.000000
73.000000 152.000000
69.000000 187.000000
72.000000 222.000000
80.000000 258.000000
104.000000 286.000000
134.000000 308.000000
178.000000 329.000000
219.000000 317.000000
252.000000 295.000000
267.000000 267.000000
280.000000 234.000000
281.000000 195.000000
286.000000 162.000000
283.000000 130.000000
274.000000 88.000000
263.000000 55.000000
225.000000 36.000000
155.000000 122.000000
142.000000 119.000000
129.000000 117.000000
116.000000 115.000000
103.000000 117.000000
103.000000 127.000000
117.000000 128.000000
129.000000 129.000000
141.000000 131.000000
154.000000 133.000000
262.000000 124.000000
249.000000 119.000000
235.000000 119.000000
222.000000 120.000000
210.000000 123.000000
211.000000 133.000000
224.000000 131.000000
237.000000 131.000000
249.000000 131.000000
261.000000 133.000000
153.000000 152.000000
146.000000 145.000000
135.000000 141.000000
124.000000 143.000000
115.000000 147.000000
120.000000 153.000000
132.000000 156.000000
145.000000 155.000000
247.000000 151.000000
238.000000 145.000000
227.000000 144.000000
217.000000 147.000000
209.000000 154.000000
219.000000 157.000000
229.000000 158.000000
240.000000 157.000000
133.000000 147.000000
229.000000 150.000000
167.000000 150.000000
163.000000 165.000000
159.000000 180.000000
153.000000 194.000000
148.000000 202.000000
162.000000 218.000000
180.000000 222.000000
197.000000 216.000000
213.000000 201.000000
209.000000 191.000000
203.000000 182.000000
200.000000 167.000000
197.000000 151.000000
235.000000 243.000000
216.000000 236.000000
194.000000 235.000000
182.000000 240.000000
165.000000 237.000000
146.000000 235.000000
132.000000 246.000000
147.000000 258.000000
158.000000 266.000000
169.000000 271.000000
184.000000 271.000000
195.000000 267.000000
212.000000 260.000000
