149.000000 49.000000
118.000000 62.000000
88.000000 80.000000
62.000000 106.000000
62.000000 144.000000
63.000000 177.000000
69.000000 210.000000
81.000000 243.000000
96.000000 274.000000
121.000000 299.000000
163.000000 329.000000
206.000000 329.000000
243.000000 305.000000
268.000000 278.000000
280.000000 241.000000
285.000000 202.000000
283.000000 162.000000
274.000000 121.000000
262.000000 90.000000
241.000000 53.000000
210.000000 34.000000
179.000000 42.000000
139.000000 133.000000
123.000000 131.000000
107.000000 130.000000
92.000000 131.000000
81.000000 139.000000
85.000000 150.000000
98.000000 145.000000
111.000000 144.000000
125.000000 143.000000
140.000000 145.000000
242.000000 116.000000
229.000000 111.000000
215.000000 113.000000
202.000000 116.000000
187.000000 122.000000
191.000000 133.000000
206.000000 128.000000
220.000000 124.000000
232.000000 124.000000
243.000000 125.000000
140.000000 162.000000
129.000000 156.000000
118.000000 155.000000
108.000000 158.000000
101.000000 165.000000
109.000000 170.000000
119.000000 169.000000
129.000000 166.000000
231.000000 145.000000
222.000000 139.000000
211.000000 139.000000
202.000000 143.000000
194.000000 152.000000
205.000000 153.000000
215.000000 153.000000
225.000000 151.000000
117.000000 161.000000
213.000000 146.000000
152.000000 158.000000
151.000000 175.000000
148.000000 191.000000
145.000000 206.000000
143.000000 221.000000
159.000000 226.000000
176.000000 227.000000
193.000000 220.000000
205.000000 210.000000
201.000000 197.000000
193.000000 185.000000
186.000000 170.000000
180.000000 154.000000
220.000000 243.000000
205.000000 240.000000
191.000000 239.000000
179.000000 244.000000
166.000000 243.000000
152.000000 250.000000
138.000000 258.000000
150.000000 267.000000
162.000000 272.000000
176.000000 274.000000
189.000000 272.000000
201.000000 264.000000
211.000000 256.000000
