179.000000 29.000000
139.000000 36.000000
113.000000 59.000000
94.000000 90.000000
79.000000 128.000000
75.000000 162.000000
73.000000 201.000000
76.000000 234.000000
84.000000 275.000000
118.000000 299.000000
149.000000 318.000000
188.000000 328.000000
226.000000 314.000000
251.000000 291.000000
274.000000 268.000000
282.000000 235.000000
287.000000 201.000000
291.000000 165.000000
286.000000 126.000000
274.000000 93.000000
252.000000 64.000000
225.000000 39.000000
162.000000 137.000000
151.000000 134.000000
137.000000 134.000000
122.000000 137.000000
110.000000 139.000000
111.000000 154.000000
125.000000 148.000000
135.000000 146.000000
149.000000 144.000000
160.000000 147.000000
266.000000 135.000000
253.000000 130.000000
239.000000 130.000000
225.000000 134.000000
213.000000 139.000000
216.000000 146.000000
228.000000 143.000000
241.000000 141.000000
253.000000 141.000000
265.000000 143.000000
161.000000 163.000000
153.000000 155.000000
141.000000 151.000000
130.000000 153.000000
122.000000 158.000000
130.000000 162.000000
142.000000 164.000000
152.000000 163.000000
252.000000 160.000000
244.000000 155.000000
235.000000 154.000000
226.000000 157.000000
219.000000 162.000000
228.000000 164.000000
236.000000 165.000000
246.000000 164.000000
140.000000 157.000000
236.000000 159.000000
174.000000 160.000000
171.000000 176.000000
168.000000 190.000000
163.000000 204.000000
160.000000 217.000000
173.000000 225.000000
191.000000 231.000000
207.000000 225.000000
220.000000 217.000000
217.000000 204.000000
213.000000 191.000000
208.000000 175.000000
205.000000 161.000000
228.000000 253.000000
214.000000 250.000000
202.000000 248.000000
192.000000 253.000000
180.000000 249.000000
167.000000 251.000000
153.000000 253.000000
164.000000 264.000000
174.000000 270.000000
186.000000 275.000000
198.000000 275.000000
209.000000 270.000000
218.000000 263.000000
