122.000000 65.000000
89.000000 73.000000
61.000000 91.000000
53.000000 132.000000
45.000000 162.000000
60.000000 195.000000
64.000000 222.000000
69.000000 252.000000
86.000000 281.000000
104.000000 307.000000
129.000000 326.000000
168.000000 331.000000
203.000000 314.000000
232.000000 284.000000
246.000000 253.000000
255.000000 220.000000
259.000000 183.000000
249.000000 141.000000
234.000000 111.000000
210.000000 82.000000
186.000000 59.000000
153.000000 60.000000
104.000000 151.000000
88.000000 150.000000
75.000000 151.000000
62.000000 153.000000
51.000000 159.000000
55.000000 166.000000
66.000000 162.000000
78.000000 160.000000
91.000000 160.000000
103.000000 160.000000
209.000000 126.000000
196.000000 125.000000
184.000000 128.000000
172.000000 131.000000
158.000000 136.000000
161.000000 145.000000
175.000000 140.000000
187.000000 136.000000
198.000000 133.000000
210.000000 133.000000
107.000000 176.000000
99.000000 170.000000
89.000000 168.000000
79.000000 173.000000
72.000000 179.000000
81.000000 183.000000
90.000000 183.000000
98.000000 180.000000
200.000000 154.000000
191.000000 150.000000
179.000000 151.000000
170.000000 156.000000
164.000000 165.000000
174.000000 166.000000
185.000000 164.000000
195.000000 160.000000
90.000000 175.000000
183.000000 157.000000
119.000000 170.000000
119.000000 188.000000
119.000000 203.000000
118.000000 218.000000
116.000000 233.000000
128.000000 239.000000
145.000000 242.000000
161.000000 234.000000
172.000000 221.000000
164.000000 208.000000
157.000000 195.000000
151.000000 180.000000
148.000000 165.000000
188.000000 256.000000
174.000000 256.000000
160.000000 255.000000
150.000000 261.000000
139.000000 259.000000
128.000000 264.000000
116.000000 269.000000
127.000000 276.000000
138.000000 281.000000
150.000000 284.000000
162.000000 282.000000
173.000000 276.000000
181.000000 268.000000
