172.000000 94.000000
144.000000 98.000000
119.000000 112.000000
99.000000 132.000000
87.000000 157.000000
83.000000 185.000000
89.000000 214.000000
97.000000 244.000000
107.000000 270.000000
125.000000 292.000000
146.000000 311.000000
177.000000 321.000000
206.000000 311.000000
229.000000 292.000000
245.000000 269.000000
253.000000 242.000000
258.000000 213.000000
263.000000 183.000000
258.000000 155.000000
245.000000 130.000000
225.000000 110.000000
200.000000 98.000000
152.000000 156.000000
138.000000 153.000000
125.000000 150.000000
111.000000 149.000000
99.000000 153.000000
101.000000 162.000000
113.000000 160.000000
125.000000 161.000000
138.000000 162.000000
150.000000 166.000000
246.000000 153.000000
235.000000 148.000000
223.000000 148.000000
211.000000 150.000000
198.000000 154.000000
200.000000 164.000000
213.000000 161.000000
225.000000 159.000000
235.000000 158.000000
244.000000 160.000000
150.000000 182.000000
143.000000 174.000000
133.000000 170.000000
121.000000 171.000000
113.000000 178.000000
120.000000 184.000000
131.000000 186.000000
141.000000 185.000000
233.000000 176.000000
226.000000 171.000000
215.000000 169.000000
206.000000 173.000000
198.000000 181.000000
208.000000 184.000000
218.000000 184.000000
227.000000 182.000000
132.000000 177.000000
216.000000 176.000000
161.000000 179.000000
160.000000 193.000000
157.000000 206.000000
153.000000 219.000000
150.000000 232.000000
160.000000 241.000000
174.000000 246.000000
188.000000 241.000000
199.000000 233.000000
197.000000 220.000000
193.000000 207.000000
189.000000 193.000000
187.000000 179.000000
206.000000 265.000000
195.000000 261.000000
184.000000 259.000000
175.000000 262.000000
166.000000 259.000000
154.000000 262.000000
143.000000 265.000000
153.000000 274.000000
161.000000 280.000000
171.000000 284.000000
181.000000 284.000000
190.000000 280.000000
198.000000 274.000000
