167.000000 42.000000
128.000000 44.000000
98.000000 60.000000
76.000000 88.000000
67.000000 125.000000
64.000000 159.000000
66.000000 194.000000
71.000000 228.000000
84.000000 265.000000
105.000000 300.000000
137.000000 326.000000
185.000000 335.000000
228.000000 319.000000
256.000000 287.000000
278.000000 250.000000
284.000000 217.000000
287.000000 179.000000
284.000000 146.000000
277.000000 112.000000
262.000000 77.000000
233.000000 59.000000
202.000000 46.000000
149.000000 128.000000
135.000000 123.000000
121.000000 120.000000
108.000000 124.000000
97.000000 129.000000
98.000000 141.000000
107.000000 134.000000
119.000000 132.000000
134.000000 133.000000
146.000000 136.000000
258.000000 127.000000
246.000000 119.000000
232.000000 116.000000
218.000000 120.000000
205.000000 126.000000
207.000000 134.000000
221.000000 130.000000
234.000000 126.000000
243.000000 131.000000
251.000000 136.000000
151.000000 156.000000
141.000000 146.000000
129.000000 144.000000
118.000000 147.000000
109.000000 152.000000
117.000000 158.000000
128.000000 160.000000
140.000000 159.000000
245.000000 147.000000
235.000000 141.000000
223.000000 140.000000
212.000000 145.000000
205.000000 154.000000
215.000000 156.000000
227.000000 157.000000
238.000000 153.000000
129.000000 152.000000
224.000000 148.000000
164.000000 154.000000
163.000000 171.000000
160.000000 188.000000
155.000000 205.000000
152.000000 221.000000
166.000000 229.000000
183.000000 232.000000
199.000000 227.000000
212.000000 218.000000
207.000000 203.000000
201.000000 189.000000
196.000000 170.000000
193.000000 152.000000
221.000000 256.000000
205.000000 253.000000
194.000000 251.000000
183.000000 255.000000
171.000000 251.000000
157.000000 255.000000
141.000000 259.000000
152.000000 270.000000
163.000000 278.000000
177.000000 282.000000
191.000000 281.000000
202.000000 275.000000
212.000000 267.000000
