164.000000 33.000000
125.000000 36.000000
92.000000 53.000000
68.000000 77.000000
61.000000 122.000000
56.000000 158.000000
53.000000 192.000000
56.000000 228.000000
66.000000 266.000000
96.000000 304.000000
135.000000 325.000000
178.000000 330.000000
226.000000 321.000000
255.000000 300.000000
275.000000 272.000000
287.000000 225.000000
289.000000 188.000000
284.000000 153.000000
277.000000 112.000000
266.000000 67.000000
240.000000 44.000000
207.000000 40.000000
149.000000 114.000000
131.000000 110.000000
114.000000 107.000000
97.000000 109.000000
84.000000 116.000000
87.000000 127.000000
101.000000 122.000000
116.000000 122.000000
131.000000 123.000000
148.000000 126.000000
259.000000 116.000000
245.000000 107.000000
229.000000 106.000000
215.000000 107.000000
199.000000 112.000000
201.000000 124.000000
218.000000 121.000000
232.000000 119.000000
245.000000 120.000000
257.000000 125.000000
143.000000 150.000000
135.000000 142.000000
125.000000 139.000000
114.000000 140.000000
104.000000 146.000000
113.000000 152.000000
123.000000 154.000000
132.000000 153.000000
241.000000 144.000000
232.000000 139.000000
221.000000 138.000000
210.000000 141.000000
202.000000 149.000000
212.000000 152.000000
223.000000 152.000000
233.000000 150.000000
125.000000 146.000000
222.000000 144.000000
158.000000 144.000000
155.000000 161.000000
152.000000 178.000000
147.000000 193.000000
145.000000 210.000000
161.000000 216.000000
175.000000 219.000000
191.000000 216.000000
205.000000 208.000000
202.000000 193.000000
196.000000 178.000000
190.000000 160.000000
188.000000 144.000000
212.000000 248.000000
197.000000 243.000000
186.000000 239.000000
176.000000 243.000000
164.000000 240.000000
151.000000 244.000000
137.000000 249.000000
148.000000 259.000000
159.000000 265.000000
170.000000 269.000000
182.000000 268.000000
194.000000 264.000000
204.000000 257.000000
