168.000000 42.000000
130.000000 47.000000
102.000000 60.000000
79.000000 86.000000
74.000000 124.000000
70.000000 168.000000
76.000000 206.000000
87.000000 243.000000
103.000000 277.000000
129.000000 301.000000
163.000000 320.000000
209.000000 327.000000
247.000000 306.000000
270.000000 277.000000
283.000000 244.000000
287.000000 211.000000
291.000000 177.000000
290.000000 142.000000
280.000000 109.000000
268.000000 68.000000
245.000000 38.000000
211.000000 34.000000
154.000000 127.000000
140.000000 125.000000
126.000000 124.000000
111.000000 125.000000
98.000000 131.000000
100.000000 141.000000
115.000000 137.000000
128.000000 137.000000
142.000000 137.000000
156.000000 138.000000
265.000000 112.000000
252.000000 108.000000
239.000000 110.000000
225.000000 113.000000
212.000000 119.000000
214.000000 129.000000
228.000000 125.000000
242.000000 121.000000
254.000000 120.000000
265.000000 121.000000
157.000000 160.000000
148.000000 151.000000
136.000000 148.000000
124.000000 152.000000
115.000000 159.000000
124.000000 164.000000
135.000000 165.000000
145.000000 163.000000
253.000000 141.000000
243.000000 136.000000
232.000000 136.000000
223.000000 141.000000
216.000000 151.000000
226.000000 152.000000
237.000000 152.000000
247.000000 149.000000
134.000000 156.000000
234.000000 143.000000
169.000000 153.000000
169.000000 169.000000
167.000000 185.000000
165.000000 202.000000
163.000000 219.000000
178.000000 226.000000
196.000000 228.000000
214.000000 222.000000
225.000000 210.000000
220.000000 195.000000
213.000000 182.000000
206.000000 163.000000
201.000000 149.000000
239.000000 251.000000
223.000000 245.000000
210.000000 243.000000
199.000000 248.000000
187.000000 247.000000
173.000000 253.000000
157.000000 261.000000
170.000000 271.000000
182.000000 276.000000
196.000000 279.000000
209.000000 277.000000
221.000000 271.000000
230.000000 262.000000
