165.000000 23.000000
129.000000 30.000000
96.000000 48.000000
71.000000 76.000000
56.000000 110.000000
51.000000 147.000000
55.000000 186.000000
61.000000 226.000000
73.000000 264.000000
100.000000 297.000000
134.000000 324.000000
182.000000 337.000000
227.000000 317.000000
256.000000 287.000000
276.000000 254.000000
285.000000 217.000000
289.000000 177.000000
289.000000 137.000000
282.000000 100.000000
264.000000 68.000000
236.000000 43.000000
202.000000 27.000000
140.000000 110.000000
123.000000 105.000000
105.000000 101.000000
87.000000 101.000000
73.000000 108.000000
75.000000 116.000000
89.000000 113.000000
106.000000 113.000000
122.000000 117.000000
138.000000 121.000000
260.000000 106.000000
246.000000 100.000000
230.000000 99.000000
213.000000 103.000000
198.000000 109.000000
201.000000 119.000000
216.000000 114.000000
231.000000 111.000000
245.000000 111.000000
257.000000 113.000000
142.000000 146.000000
132.000000 135.000000
116.000000 130.000000
101.000000 133.000000
89.000000 140.000000
101.000000 147.000000
115.000000 148.000000
128.000000 149.000000
246.000000 136.000000
235.000000 129.000000
221.000000 128.000000
209.000000 133.000000
199.000000 142.000000
211.000000 145.000000
224.000000 146.000000
236.000000 143.000000
115.000000 139.000000
222.000000 136.000000
154.000000 141.000000
151.000000 159.000000
149.000000 177.000000
143.000000 194.000000
141.000000 212.000000
157.000000 220.000000
175.000000 224.000000
191.000000 218.000000
204.000000 209.000000
201.000000 193.000000
195.000000 178.000000
189.000000 159.000000
185.000000 140.000000
220.000000 255.000000
202.000000 251.000000
188.000000 247.000000
177.000000 252.000000
165.000000 249.000000
149.000000 254.000000
133.000000 261.000000
148.000000 270.000000
160.000000 275.000000
173.000000 277.000000
185.000000 277.000000
197.000000 272.000000
208.000000 265.000000
