204.000000 40.000000
162.000000 42.000000
123.000000 54.000000
97.000000 76.000000
81.000000 109.000000
69.000000 144.000000
60.000000 175.000000
63.000000 211.000000
74.000000 252.000000
92.000000 282.000000
130.000000 315.000000
175.000000 333.000000
223.000000 325.000000
253.000000 299.000000
274.000000 274.000000
286.000000 241.000000
293.000000 214.000000
297.000000 185.000000
299.000000 153.000000
302.000000 120.000000
282.000000 76.000000
248.000000 55.000000
179.000000 135.000000
164.000000 129.000000
152.000000 126.000000
138.000000 125.000000
127.000000 127.000000
128.000000 134.000000
139.000000 135.000000
151.000000 135.000000
163.000000 138.000000
175.000000 143.000000
279.000000 145.000000
269.000000 140.000000
257.000000 140.000000
245.000000 140.000000
231.000000 142.000000
232.000000 150.000000
245.000000 149.000000
257.000000 148.000000
268.000000 149.000000
277.000000 152.000000
174.000000 160.000000
167.000000 151.000000
156.000000 146.000000
145.000000 146.000000
137.000000 150.000000
144.000000 156.000000
154.000000 159.000000
164.000000 160.000000
262.000000 169.000000
254.000000 162.000000
244.000000 159.000000
234.000000 162.000000
226.000000 168.000000
235.000000 171.000000
244.000000 172.000000
254.000000 172.000000
153.000000 152.000000
245.000000 166.000000
188.000000 158.000000
182.000000 174.000000
176.000000 189.000000
168.000000 202.000000
163.000000 216.000000
174.000000 226.000000
190.000000 234.000000
208.000000 231.000000
223.000000 223.000000
220.000000 210.000000
216.000000 195.000000
214.000000 179.000000
214.000000 162.000000
227.000000 254.000000
213.000000 250.000000
200.000000 247.000000
189.000000 249.000000
178.000000 244.000000
164.000000 244.000000
148.000000 242.000000
156.000000 256.000000
165.000000 267.000000
178.000000 276.000000
192.000000 278.000000
206.000000 273.000000
217.000000 265.000000
