205.000000 69.000000
166.000000 53.000000
133.000000 43.000000
112.000000 73.000000
113.000000 119.000000
101.000000 152.000000
90.000000 185.000000
86.000000 223.000000
96.000000 256.000000
113.000000 288.000000
132.000000 313.000000
174.000000 341.000000
211.000000 335.000000
235.000000 313.000000
254.000000 280.000000
268.000000 252.000000
277.000000 223.000000
283.000000 194.000000
279.000000 170.000000
289.000000 116.000000
276.000000 80.000000
240.000000 75.000000
179.000000 151.000000
172.000000 149.000000
161.000000 148.000000
152.000000 149.000000
141.000000 154.000000
145.000000 164.000000
153.000000 160.000000
162.000000 158.000000
170.000000 159.000000
181.000000 160.000000
281.000000 149.000000
267.000000 165.000000
256.000000 162.000000
248.000000 160.000000
235.000000 159.000000
234.000000 168.000000
247.000000 169.000000
255.000000 171.000000
265.000000 175.000000
274.000000 179.000000
183.000000 176.000000
173.000000 167.000000
162.000000 167.000000
152.000000 168.000000
142.000000 178.000000
151.000000 181.000000
161.000000 185.000000
171.000000 180.000000
263.000000 183.000000
258.000000 177.000000
249.000000 175.000000
237.000000 174.000000
222.000000 179.000000
233.000000 186.000000
244.000000 187.000000
255.000000 188.000000
161.000000 175.000000
245.000000 180.000000
197.000000 183.000000
192.000000 196.000000
189.000000 209.000000
185.000000 223.000000
174.000000 232.000000
194.000000 248.000000
208.000000 256.000000
222.000000 251.000000
229.000000 242.000000
226.000000 228.000000
222.000000 215.000000
219.000000 198.000000
217.000000 185.000000
233.000000 278.000000
219.000000 273.000000
209.000000 271.000000
199.000000 276.000000
188.000000 271.000000
176.000000 271.000000
160.000000 274.000000
167.000000 285.000000
176.000000 294.000000
190.000000 298.000000
203.000000 300.000000
215.000000 295.000000
225.000000 288.000000
