169.000000 39.000000
126.000000 47.000000
102.000000 65.000000
83.000000 89.000000
78.000000 126.000000
78.000000 159.000000
79.000000 192.000000
87.000000 222.000000
93.000000 251.000000
105.000000 281.000000
130.000000 307.000000
162.000000 336.000000
219.000000 323.000000
252.000000 290.000000
271.000000 244.000000
277.000000 212.000000
280.000000 175.000000
274.000000 145.000000
268.000000 115.000000
257.000000 79.000000
245.000000 55.000000
216.000000 43.000000
150.000000 128.000000
136.000000 125.000000
123.000000 124.000000
109.000000 124.000000
98.000000 130.000000
101.000000 137.000000
112.000000 135.000000
124.000000 135.000000
136.000000 136.000000
149.000000 139.000000
252.000000 123.000000
240.000000 119.000000
227.000000 119.000000
213.000000 121.000000
199.000000 126.000000
202.000000 137.000000
216.000000 132.000000
230.000000 130.000000
241.000000 129.000000
252.000000 131.000000
149.000000 159.000000
142.000000 151.000000
132.000000 148.000000
122.000000 150.000000
113.000000 155.000000
120.000000 162.000000
130.000000 163.000000
139.000000 162.000000
239.000000 149.000000
230.000000 144.000000
219.000000 143.000000
210.000000 148.000000
202.000000 156.000000
212.000000 158.000000
224.000000 158.000000
234.000000 156.000000
130.000000 154.000000
221.000000 150.000000
161.000000 154.000000
158.000000 172.000000
155.000000 188.000000
152.000000 202.000000
149.000000 218.000000
163.000000 224.000000
177.000000 226.000000
192.000000 222.000000
205.000000 215.000000
202.000000 201.000000
197.000000 187.000000
193.000000 172.000000
190.000000 153.000000
217.000000 251.000000
202.000000 246.000000
189.000000 242.000000
179.000000 247.000000
166.000000 244.000000
154.000000 249.000000
140.000000 256.000000
149.000000 266.000000
160.000000 273.000000
173.000000 277.000000
186.000000 277.000000
199.000000 271.000000
208.000000 263.000000
