169.000000 32.000000
125.000000 41.000000
95.000000 58.000000
83.000000 91.000000
72.000000 119.000000
65.000000 152.000000
66.000000 190.000000
74.000000 223.000000
93.000000 258.000000
113.000000 289.000000
145.000000 318.000000
192.000000 323.000000
236.000000 314.000000
265.000000 283.000000
282.000000 246.000000
292.000000 215.000000
295.000000 182.000000
289.000000 145.000000
280.000000 111.000000
268.000000 82.000000
252.000000 54.000000
222.000000 37.000000
160.000000 117.000000
143.000000 112.000000
127.000000 109.000000
110.000000 110.000000
96.000000 117.000000
99.000000 125.000000
112.000000 122.000000
128.000000 122.000000
142.000000 124.000000
157.000000 128.000000
266.000000 116.000000
255.000000 109.000000
241.000000 107.000000
227.000000 109.000000
212.000000 113.000000
215.000000 123.000000
229.000000 120.000000
242.000000 118.000000
254.000000 120.000000
264.000000 123.000000
157.000000 150.000000
148.000000 142.000000
135.000000 137.000000
123.000000 139.000000
113.000000 146.000000
125.000000 152.000000
135.000000 154.000000
144.000000 153.000000
250.000000 141.000000
241.000000 135.000000
229.000000 134.000000
219.000000 138.000000
212.000000 146.000000
221.000000 150.000000
232.000000 151.000000
244.000000 148.000000
133.000000 145.000000
231.000000 142.000000
170.000000 143.000000
167.000000 160.000000
164.000000 176.000000
159.000000 191.000000
155.000000 207.000000
171.000000 216.000000
188.000000 219.000000
203.000000 215.000000
215.000000 205.000000
212.000000 189.000000
205.000000 174.000000
201.000000 160.000000
197.000000 143.000000
221.000000 247.000000
210.000000 241.000000
198.000000 238.000000
189.000000 243.000000
177.000000 240.000000
164.000000 245.000000
150.000000 251.000000
162.000000 257.000000
173.000000 261.000000
184.000000 263.000000
197.000000 261.000000
206.000000 257.000000
214.000000 252.000000
