169.000000 39.000000
135.000000 43.000000
96.000000 61.000000
76.000000 95.000000
70.000000 132.000000
69.000000 168.000000
67.000000 208.000000
67.000000 255.000000
81.000000 285.000000
118.000000 311.000000
151.000000 323.000000
190.000000 329.000000
234.000000 318.000000
264.000000 285.000000
284.000000 259.000000
288.000000 220.000000
289.000000 195.000000
284.000000 156.000000
277.000000 123.000000
274.000000 81.000000
245.000000 48.000000
204.000000 43.000000
160.000000 130.000000
145.000000 127.000000
131.000000 124.000000
118.000000 121.000000
105.000000 122.000000
106.000000 131.000000
119.000000 132.000000
131.000000 134.000000
144.000000 136.000000
159.000000 140.000000
261.000000 124.000000
248.000000 122.000000
235.000000 124.000000
223.000000 126.000000
209.000000 130.000000
210.000000 138.000000
226.000000 136.000000
238.000000 134.000000
249.000000 132.000000
260.000000 132.000000
156.000000 158.000000
149.000000 150.000000
138.000000 146.000000
127.000000 147.000000
118.000000 153.000000
124.000000 159.000000
136.000000 161.000000
147.000000 160.000000
247.000000 149.000000
239.000000 144.000000
229.000000 144.000000
220.000000 148.000000
213.000000 155.000000
222.000000 158.000000
233.000000 159.000000
243.000000 157.000000
135.000000 153.000000
230.000000 151.000000
170.000000 155.000000
168.000000 170.000000
164.000000 185.000000
159.000000 199.000000
156.000000 213.000000
169.000000 221.000000
187.000000 226.000000
204.000000 220.000000
215.000000 211.000000
212.000000 198.000000
206.000000 185.000000
201.000000 169.000000
199.000000 154.000000
231.000000 244.000000
210.000000 238.000000
199.000000 236.000000
187.000000 239.000000
174.000000 237.000000
162.000000 240.000000
140.000000 244.000000
151.000000 257.000000
168.000000 263.000000
182.000000 267.000000
195.000000 267.000000
208.000000 261.000000
224.000000 257.000000
