186.000000 7.000000
126.000000 17.000000
98.000000 33.000000
83.000000 82.000000
78.000000 120.000000
76.000000 155.000000
78.000000 192.000000
82.000000 230.000000
96.000000 261.000000
119.000000 286.000000
147.000000 318.000000
188.000000 336.000000
230.000000 319.000000
253.000000 293.000000
272.000000 265.000000
285.000000 233.000000
291.000000 200.000000
298.000000 164.000000
294.000000 129.000000
292.000000 93.000000
270.000000 51.000000
235.000000 22.000000
171.000000 124.000000
154.000000 118.000000
137.000000 115.000000
120.000000 116.000000
107.000000 122.000000
109.000000 129.000000
123.000000 127.000000
137.000000 126.000000
153.000000 129.000000
169.000000 134.000000
277.000000 127.000000
264.000000 121.000000
248.000000 120.000000
235.000000 122.000000
219.000000 127.000000
220.000000 137.000000
236.000000 133.000000
250.000000 131.000000
263.000000 131.000000
274.000000 134.000000
164.000000 157.000000
155.000000 147.000000
143.000000 141.000000
131.000000 143.000000
121.000000 150.000000
129.000000 156.000000
141.000000 158.000000
152.000000 158.000000
262.000000 154.000000
254.000000 147.000000
242.000000 146.000000
231.000000 148.000000
223.000000 158.000000
233.000000 160.000000
243.000000 161.000000
254.000000 159.000000
141.000000 149.000000
242.000000 153.000000
178.000000 153.000000
174.000000 169.000000
170.000000 186.000000
164.000000 201.000000
159.000000 218.000000
172.000000 231.000000
193.000000 238.000000
213.000000 233.000000
225.000000 219.000000
220.000000 203.000000
215.000000 188.000000
210.000000 169.000000
209.000000 154.000000
235.000000 257.000000
220.000000 252.000000
204.000000 248.000000
191.000000 250.000000
180.000000 248.000000
164.000000 250.000000
146.000000 252.000000
156.000000 267.000000
168.000000 278.000000
184.000000 286.000000
198.000000 286.000000
212.000000 281.000000
225.000000 271.000000
