218.000000 40.000000
179.000000 43.000000
130.000000 36.000000
105.000000 88.000000
96.000000 115.000000
87.000000 147.000000
78.000000 178.000000
72.000000 206.000000
73.000000 247.000000
99.000000 276.000000
121.000000 309.000000
173.000000 340.000000
222.000000 317.000000
247.000000 290.000000
267.000000 268.000000
280.000000 241.000000
287.000000 211.000000
292.000000 178.000000
295.000000 152.000000
293.000000 119.000000
279.000000 79.000000
258.000000 51.000000
189.000000 134.000000
176.000000 127.000000
162.000000 121.000000
148.000000 118.000000
136.000000 122.000000
137.000000 130.000000
148.000000 131.000000
160.000000 134.000000
172.000000 138.000000
185.000000 143.000000
292.000000 147.000000
281.000000 141.000000
269.000000 142.000000
256.000000 144.000000
242.000000 146.000000
242.000000 155.000000
256.000000 155.000000
269.000000 154.000000
280.000000 153.000000
289.000000 155.000000
185.000000 164.000000
178.000000 153.000000
168.000000 147.000000
157.000000 146.000000
147.000000 150.000000
156.000000 157.000000
164.000000 160.000000
173.000000 161.000000
272.000000 172.000000
264.000000 165.000000
254.000000 163.000000
244.000000 166.000000
235.000000 172.000000
245.000000 175.000000
254.000000 177.000000
264.000000 176.000000
162.000000 152.000000
254.000000 169.000000
197.000000 162.000000
191.000000 178.000000
184.000000 192.000000
176.000000 205.000000
175.000000 218.000000
184.000000 224.000000
203.000000 235.000000
225.000000 237.000000
239.000000 228.000000
246.000000 215.000000
240.000000 200.000000
233.000000 184.000000
223.000000 167.000000
233.000000 247.000000
215.000000 248.000000
206.000000 243.000000
196.000000 243.000000
184.000000 239.000000
167.000000 235.000000
146.000000 230.000000
161.000000 261.000000
172.000000 275.000000
184.000000 283.000000
200.000000 283.000000
217.000000 279.000000
227.000000 267.000000
