170.000000 14.000000
110.000000 36.000000
89.000000 66.000000
77.000000 100.000000
75.000000 135.000000
75.000000 164.000000
71.000000 196.000000
73.000000 233.000000
90.000000 261.000000
113.000000 287.000000
139.000000 309.000000
173.000000 325.000000
217.000000 313.000000
244.000000 291.000000
276.000000 261.000000
287.000000 229.000000
289.000000 200.000000
284.000000 165.000000
279.000000 133.000000
279.000000 101.000000
255.000000 57.000000
221.000000 25.000000
157.000000 129.000000
143.000000 126.000000
128.000000 123.000000
114.000000 122.000000
101.000000 127.000000
102.000000 136.000000
116.000000 134.000000
129.000000 135.000000
142.000000 137.000000
155.000000 140.000000
260.000000 129.000000
248.000000 124.000000
235.000000 124.000000
223.000000 125.000000
210.000000 129.000000
211.000000 138.000000
224.000000 136.000000
236.000000 135.000000
248.000000 135.000000
259.000000 137.000000
155.000000 157.000000
147.000000 149.000000
135.000000 146.000000
124.000000 147.000000
115.000000 152.000000
124.000000 156.000000
136.000000 158.000000
146.000000 157.000000
245.000000 153.000000
236.000000 148.000000
225.000000 148.000000
215.000000 150.000000
207.000000 157.000000
217.000000 158.000000
227.000000 158.000000
237.000000 157.000000
133.000000 151.000000
227.000000 152.000000
168.000000 155.000000
163.000000 171.000000
158.000000 186.000000
151.000000 199.000000
148.000000 214.000000
162.000000 222.000000
179.000000 227.000000
196.000000 222.000000
209.000000 213.000000
207.000000 200.000000
202.000000 188.000000
197.000000 172.000000
194.000000 156.000000
229.000000 240.000000
203.000000 238.000000
190.000000 235.000000
176.000000 238.000000
167.000000 237.000000
151.000000 238.000000
130.000000 238.000000
141.000000 254.000000
158.000000 264.000000
172.000000 270.000000
185.000000 270.000000
198.000000 265.000000
209.000000 258.000000
