140.000000 21.000000
99.000000 40.000000
71.000000 61.000000
50.000000 94.000000
52.000000 129.000000
54.000000 160.000000
57.000000 203.000000
67.000000 240.000000
75.000000 263.000000
92.000000 296.000000
118.000000 321.000000
156.000000 334.000000
199.000000 322.000000
231.000000 291.000000
247.000000 257.000000
259.000000 223.000000
264.000000 187.000000
266.000000 148.000000
258.000000 112.000000
252.000000 69.000000
230.000000 45.000000
193.000000 24.000000
116.000000 122.000000
101.000000 118.000000
87.000000 115.000000
72.000000 114.000000
59.000000 121.000000
62.000000 130.000000
75.000000 125.000000
89.000000 127.000000
102.000000 130.000000
115.000000 133.000000
235.000000 111.000000
221.000000 106.000000
207.000000 107.000000
192.000000 111.000000
178.000000 118.000000
181.000000 127.000000
195.000000 121.000000
209.000000 116.000000
223.000000 115.000000
233.000000 118.000000
119.000000 166.000000
112.000000 155.000000
100.000000 149.000000
87.000000 151.000000
77.000000 159.000000
85.000000 166.000000
98.000000 168.000000
109.000000 168.000000
220.000000 150.000000
209.000000 143.000000
197.000000 142.000000
185.000000 148.000000
178.000000 159.000000
189.000000 161.000000
201.000000 161.000000
212.000000 157.000000
99.000000 157.000000
197.000000 151.000000
132.000000 160.000000
129.000000 180.000000
125.000000 197.000000
119.000000 214.000000
117.000000 233.000000
133.000000 240.000000
151.000000 244.000000
169.000000 237.000000
183.000000 227.000000
180.000000 211.000000
173.000000 194.000000
167.000000 178.000000
163.000000 158.000000
196.000000 260.000000
179.000000 261.000000
164.000000 260.000000
152.000000 263.000000
142.000000 262.000000
128.000000 265.000000
112.000000 264.000000
120.000000 277.000000
132.000000 286.000000
148.000000 290.000000
162.000000 290.000000
176.000000 284.000000
189.000000 273.000000
