181.000000 26.000000
146.000000 32.000000
104.000000 40.000000
80.000000 69.000000
77.000000 110.000000
71.000000 143.000000
66.000000 176.000000
70.000000 214.000000
71.000000 243.000000
87.000000 285.000000
124.000000 312.000000
177.000000 334.000000
229.000000 312.000000
260.000000 289.000000
273.000000 255.000000
276.000000 219.000000
284.000000 185.000000
287.000000 151.000000
290.000000 115.000000
281.000000 65.000000
251.000000 45.000000
221.000000 34.000000
166.000000 118.000000
151.000000 112.000000
135.000000 108.000000
118.000000 106.000000
102.000000 112.000000
104.000000 122.000000
119.000000 119.000000
135.000000 121.000000
149.000000 125.000000
164.000000 130.000000
268.000000 123.000000
255.000000 116.000000
240.000000 115.000000
226.000000 117.000000
211.000000 121.000000
212.000000 132.000000
228.000000 130.000000
241.000000 128.000000
255.000000 129.000000
266.000000 132.000000
157.000000 150.000000
149.000000 139.000000
136.000000 134.000000
124.000000 135.000000
114.000000 142.000000
122.000000 148.000000
135.000000 151.000000
148.000000 151.000000
249.000000 151.000000
241.000000 144.000000
230.000000 142.000000
219.000000 146.000000
210.000000 154.000000
221.000000 156.000000
231.000000 157.000000
241.000000 156.000000
134.000000 142.000000
229.000000 149.000000
170.000000 148.000000
166.000000 165.000000
161.000000 181.000000
154.000000 196.000000
151.000000 212.000000
165.000000 219.000000
181.000000 225.000000
198.000000 222.000000
211.000000 215.000000
210.000000 200.000000
207.000000 186.000000
202.000000 166.000000
200.000000 150.000000
226.000000 250.000000
212.000000 245.000000
192.000000 242.000000
180.000000 244.000000
169.000000 241.000000
147.000000 242.000000
127.000000 243.000000
144.000000 253.000000
160.000000 262.000000
173.000000 266.000000
184.000000 267.000000
198.000000 265.000000
212.000000 259.000000
