127.000000 34.000000
103.000000 46.000000
83.000000 64.000000
67.000000 89.000000
63.000000 128.000000
61.000000 163.000000
59.000000 202.000000
63.000000 237.000000
68.000000 263.000000
90.000000 297.000000
127.000000 321.000000
164.000000 334.000000
217.000000 326.000000
252.000000 303.000000
276.000000 268.000000
280.000000 228.000000
282.000000 192.000000
280.000000 158.000000
280.000000 124.000000
262.000000 72.000000
226.000000 38.000000
174.000000 27.000000
144.000000 136.000000
129.000000 130.000000
113.000000 128.000000
99.000000 131.000000
85.000000 137.000000
87.000000 147.000000
101.000000 143.000000
113.000000 141.000000
127.000000 139.000000
140.000000 144.000000
252.000000 128.000000
235.000000 127.000000
222.000000 132.000000
209.000000 136.000000
197.000000 141.000000
199.000000 147.000000
211.000000 144.000000
224.000000 141.000000
237.000000 139.000000
251.000000 137.000000
142.000000 165.000000
132.000000 155.000000
119.000000 151.000000
106.000000 153.000000
95.000000 158.000000
104.000000 164.000000
116.000000 167.000000
129.000000 167.000000
241.000000 160.000000
232.000000 153.000000
220.000000 152.000000
208.000000 156.000000
199.000000 163.000000
209.000000 166.000000
220.000000 167.000000
231.000000 165.000000
118.000000 159.000000
219.000000 160.000000
156.000000 160.000000
152.000000 177.000000
148.000000 194.000000
142.000000 209.000000
137.000000 225.000000
150.000000 237.000000
170.000000 242.000000
190.000000 237.000000
202.000000 226.000000
198.000000 210.000000
192.000000 194.000000
188.000000 179.000000
186.000000 161.000000
214.000000 259.000000
196.000000 259.000000
182.000000 257.000000
170.000000 260.000000
157.000000 257.000000
141.000000 260.000000
123.000000 261.000000
135.000000 273.000000
151.000000 278.000000
164.000000 283.000000
175.000000 285.000000
189.000000 280.000000
200.000000 272.000000
