183.000000 17.000000
130.000000 27.000000
101.000000 57.000000
94.000000 88.000000
93.000000 123.000000
87.000000 153.000000
80.000000 183.000000
81.000000 222.000000
89.000000 253.000000
111.000000 287.000000
141.000000 312.000000
182.000000 322.000000
222.000000 310.000000
247.000000 284.000000
262.000000 258.000000
270.000000 228.000000
277.000000 195.000000
281.000000 161.000000
280.000000 132.000000
278.000000 101.000000
262.000000 57.000000
222.000000 25.000000
167.000000 130.000000
154.000000 124.000000
139.000000 120.000000
125.000000 120.000000
113.000000 125.000000
115.000000 132.000000
126.000000 130.000000
139.000000 131.000000
153.000000 135.000000
165.000000 139.000000
265.000000 137.000000
255.000000 130.000000
242.000000 130.000000
229.000000 132.000000
217.000000 136.000000
219.000000 144.000000
230.000000 141.000000
243.000000 140.000000
254.000000 140.000000
262.000000 143.000000
166.000000 162.000000
158.000000 152.000000
147.000000 147.000000
137.000000 148.000000
128.000000 153.000000
137.000000 160.000000
145.000000 162.000000
153.000000 162.000000
249.000000 161.000000
241.000000 154.000000
231.000000 153.000000
221.000000 156.000000
214.000000 163.000000
223.000000 166.000000
232.000000 167.000000
242.000000 166.000000
144.000000 154.000000
230.000000 160.000000
177.000000 161.000000
173.000000 176.000000
169.000000 191.000000
162.000000 206.000000
158.000000 220.000000
172.000000 228.000000
188.000000 233.000000
205.000000 229.000000
217.000000 221.000000
214.000000 208.000000
210.000000 194.000000
206.000000 179.000000
203.000000 162.000000
222.000000 254.000000
210.000000 251.000000
197.000000 248.000000
187.000000 251.000000
179.000000 248.000000
165.000000 251.000000
151.000000 253.000000
157.000000 266.000000
167.000000 274.000000
180.000000 278.000000
192.000000 279.000000
203.000000 274.000000
213.000000 266.000000
