216.000000 38.000000
180.000000 20.000000
117.000000 20.000000
77.000000 49.000000
111.000000 98.000000
59.000000 125.000000
54.000000 174.000000
58.000000 223.000000
74.000000 262.000000
97.000000 292.000000
125.000000 318.000000
193.000000 340.000000
242.000000 312.000000
264.000000 281.000000
282.000000 244.000000
290.000000 214.000000
299.000000 183.000000
307.000000 150.000000
305.000000 118.000000
294.000000 88.000000
274.000000 63.000000
247.000000 46.000000
190.000000 109.000000
175.000000 101.000000
161.000000 95.000000
145.000000 94.000000
129.000000 98.000000
131.000000 107.000000
145.000000 104.000000
159.000000 106.000000
173.000000 110.000000
186.000000 116.000000
287.000000 115.000000
275.000000 109.000000
261.000000 109.000000
247.000000 112.000000
232.000000 116.000000
234.000000 122.000000
249.000000 120.000000
262.000000 119.000000
274.000000 119.000000
285.000000 121.000000
180.000000 132.000000
172.000000 122.000000
160.000000 118.000000
149.000000 118.000000
141.000000 124.000000
148.000000 130.000000
158.000000 133.000000
170.000000 133.000000
273.000000 138.000000
265.000000 131.000000
253.000000 128.000000
242.000000 131.000000
233.000000 137.000000
243.000000 142.000000
254.000000 143.000000
265.000000 142.000000
159.000000 125.000000
253.000000 136.000000
194.000000 132.000000
188.000000 148.000000
181.000000 162.000000
174.000000 176.000000
169.000000 192.000000
179.000000 201.000000
196.000000 208.000000
214.000000 204.000000
228.000000 196.000000
226.000000 181.000000
223.000000 166.000000
219.000000 151.000000
218.000000 135.000000
241.000000 263.000000
229.000000 255.000000
217.000000 252.000000
198.000000 253.000000
183.000000 253.000000
171.000000 255.000000
151.000000 261.000000
160.000000 271.000000
173.000000 282.000000
192.000000 290.000000
202.000000 290.000000
219.000000 287.000000
229.000000 281.000000
