179.000000 51.000000
130.000000 60.000000
101.000000 74.000000
87.000000 103.000000
80.000000 132.000000
71.000000 162.000000
69.000000 194.000000
70.000000 234.000000
85.000000 268.000000
102.000000 296.000000
132.000000 322.000000
182.000000 333.000000
221.000000 312.000000
247.000000 292.000000
265.000000 261.000000
270.000000 235.000000
275.000000 206.000000
279.000000 176.000000
276.000000 134.000000
268.000000 101.000000
248.000000 69.000000
221.000000 55.000000
164.000000 148.000000
152.000000 143.000000
140.000000 140.000000
127.000000 137.000000
113.000000 140.000000
114.000000 146.000000
126.000000 145.000000
139.000000 147.000000
151.000000 151.000000
163.000000 155.000000
265.000000 148.000000
254.000000 143.000000
240.000000 143.000000
227.000000 146.000000
214.000000 150.000000
216.000000 157.000000
228.000000 153.000000
241.000000 150.000000
253.000000 150.000000
263.000000 153.000000
163.000000 176.000000
157.000000 165.000000
145.000000 159.000000
133.000000 160.000000
123.000000 166.000000
130.000000 173.000000
142.000000 176.000000
154.000000 177.000000
251.000000 171.000000
242.000000 164.000000
230.000000 162.000000
219.000000 167.000000
210.000000 177.000000
221.000000 179.000000
233.000000 180.000000
244.000000 177.000000
143.000000 166.000000
230.000000 170.000000
175.000000 173.000000
171.000000 189.000000
167.000000 204.000000
161.000000 219.000000
158.000000 235.000000
170.000000 244.000000
185.000000 249.000000
201.000000 245.000000
214.000000 236.000000
212.000000 222.000000
207.000000 207.000000
204.000000 191.000000
202.000000 174.000000
221.000000 265.000000
208.000000 266.000000
195.000000 264.000000
185.000000 267.000000
175.000000 263.000000
161.000000 265.000000
144.000000 263.000000
153.000000 276.000000
164.000000 287.000000
178.000000 293.000000
191.000000 294.000000
205.000000 288.000000
215.000000 279.000000
