173.000000 19.000000
137.000000 25.000000
98.000000 46.000000
80.000000 97.000000
73.000000 127.000000
74.000000 162.000000
73.000000 199.000000
81.000000 239.000000
86.000000 282.000000
117.000000 308.000000
147.000000 323.000000
181.000000 334.000000
224.000000 313.000000
252.000000 289.000000
266.000000 253.000000
274.000000 223.000000
274.000000 189.000000
275.000000 158.000000
274.000000 128.000000
270.000000 96.000000
245.000000 41.000000
205.000000 25.000000
156.000000 128.000000
143.000000 123.000000
129.000000 120.000000
114.000000 119.000000
102.000000 126.000000
105.000000 137.000000
118.000000 134.000000
131.000000 135.000000
143.000000 136.000000
155.000000 138.000000
256.000000 124.000000
245.000000 118.000000
233.000000 118.000000
221.000000 121.000000
208.000000 126.000000
211.000000 136.000000
224.000000 133.000000
236.000000 130.000000
246.000000 131.000000
256.000000 134.000000
156.000000 155.000000
148.000000 148.000000
139.000000 145.000000
129.000000 146.000000
121.000000 150.000000
126.000000 156.000000
136.000000 157.000000
146.000000 156.000000
247.000000 148.000000
236.000000 142.000000
224.000000 143.000000
215.000000 146.000000
208.000000 152.000000
217.000000 154.000000
226.000000 154.000000
235.000000 153.000000
134.000000 149.000000
225.000000 147.000000
169.000000 150.000000
167.000000 166.000000
163.000000 180.000000
158.000000 193.000000
152.000000 208.000000
165.000000 217.000000
182.000000 221.000000
201.000000 216.000000
213.000000 206.000000
208.000000 193.000000
203.000000 180.000000
198.000000 167.000000
195.000000 150.000000
224.000000 236.000000
209.000000 236.000000
195.000000 236.000000
184.000000 240.000000
172.000000 237.000000
157.000000 240.000000
140.000000 240.000000
150.000000 253.000000
161.000000 262.000000
176.000000 267.000000
191.000000 266.000000
204.000000 260.000000
215.000000 250.000000
