184.000000 20.000000
132.000000 29.000000
100.000000 53.000000
81.000000 76.000000
68.000000 111.000000
64.000000 147.000000
69.000000 184.000000
73.000000 219.000000
85.000000 250.000000
104.000000 278.000000
125.000000 307.000000
160.000000 324.000000
196.000000 314.000000
218.000000 288.000000
227.000000 261.000000
243.000000 231.000000
260.000000 202.000000
263.000000 166.000000
264.000000 134.000000
270.000000 95.000000
258.000000 50.000000
219.000000 31.000000
152.000000 127.000000
138.000000 122.000000
125.000000 117.000000
112.000000 114.000000
100.000000 114.000000
100.000000 121.000000
111.000000 121.000000
124.000000 125.000000
137.000000 129.000000
150.000000 135.000000
261.000000 138.000000
250.000000 134.000000
237.000000 133.000000
224.000000 134.000000
211.000000 137.000000
212.000000 143.000000
225.000000 141.000000
237.000000 140.000000
250.000000 141.000000
259.000000 144.000000
151.000000 160.000000
145.000000 147.000000
132.000000 140.000000
119.000000 139.000000
109.000000 145.000000
117.000000 152.000000
129.000000 156.000000
140.000000 158.000000
243.000000 162.000000
234.000000 155.000000
222.000000 152.000000
210.000000 156.000000
202.000000 165.000000
213.000000 168.000000
225.000000 169.000000
235.000000 167.000000
127.000000 146.000000
222.000000 160.000000
165.000000 158.000000
160.000000 176.000000
154.000000 192.000000
145.000000 208.000000
141.000000 224.000000
153.000000 234.000000
173.000000 243.000000
191.000000 240.000000
203.000000 228.000000
204.000000 214.000000
200.000000 196.000000
198.000000 178.000000
191.000000 161.000000
201.000000 266.000000
189.000000 262.000000
176.000000 258.000000
167.000000 260.000000
156.000000 257.000000
143.000000 258.000000
129.000000 258.000000
136.000000 270.000000
146.000000 280.000000
158.000000 285.000000
171.000000 286.000000
183.000000 282.000000
193.000000 276.000000
