196.000000 16.000000
161.000000 12.000000
118.000000 26.000000
82.000000 64.000000
63.000000 104.000000
66.000000 147.000000
68.000000 184.000000
73.000000 224.000000
83.000000 257.000000
102.000000 288.000000
147.000000 316.000000
187.000000 334.000000
231.000000 315.000000
257.000000 288.000000
277.000000 257.000000
290.000000 223.000000
296.000000 190.000000
292.000000 155.000000
294.000000 121.000000
288.000000 88.000000
270.000000 46.000000
235.000000 23.000000
175.000000 114.000000
160.000000 107.000000
143.000000 103.000000
127.000000 102.000000
113.000000 108.000000
114.000000 116.000000
128.000000 113.000000
143.000000 116.000000
158.000000 120.000000
172.000000 126.000000
289.000000 117.000000
275.000000 109.000000
259.000000 109.000000
244.000000 112.000000
230.000000 119.000000
233.000000 130.000000
246.000000 125.000000
260.000000 121.000000
274.000000 121.000000
286.000000 125.000000
173.000000 160.000000
164.000000 145.000000
152.000000 137.000000
138.000000 139.000000
126.000000 147.000000
135.000000 156.000000
147.000000 160.000000
160.000000 160.000000
270.000000 153.000000
260.000000 143.000000
248.000000 142.000000
236.000000 147.000000
228.000000 159.000000
238.000000 163.000000
251.000000 165.000000
262.000000 161.000000
148.000000 148.000000
247.000000 153.000000
188.000000 155.000000
185.000000 173.000000
180.000000 191.000000
173.000000 207.000000
164.000000 224.000000
176.000000 238.000000
195.000000 245.000000
215.000000 241.000000
227.000000 228.000000
222.000000 211.000000
218.000000 193.000000
215.000000 175.000000
214.000000 156.000000
234.000000 265.000000
217.000000 263.000000
202.000000 260.000000
192.000000 262.000000
182.000000 260.000000
164.000000 257.000000
145.000000 257.000000
158.000000 274.000000
169.000000 283.000000
184.000000 288.000000
198.000000 288.000000
211.000000 284.000000
222.000000 276.000000
