174.000000 33.000000
134.000000 42.000000
98.000000 69.000000
83.000000 104.000000
71.000000 141.000000
68.000000 171.000000
69.000000 213.000000
77.000000 250.000000
88.000000 274.000000
108.000000 296.000000
128.000000 317.000000
168.000000 336.000000
204.000000 319.000000
232.000000 296.000000
253.000000 268.000000
264.000000 238.000000
270.000000 207.000000
271.000000 176.000000
273.000000 148.000000
265.000000 99.000000
241.000000 57.000000
206.000000 45.000000
148.000000 143.000000
133.000000 137.000000
119.000000 135.000000
106.000000 136.000000
96.000000 140.000000
97.000000 147.000000
108.000000 145.000000
119.000000 144.000000
132.000000 145.000000
145.000000 149.000000
247.000000 144.000000
235.000000 140.000000
222.000000 140.000000
209.000000 141.000000
197.000000 145.000000
198.000000 151.000000
210.000000 149.000000
223.000000 147.000000
235.000000 148.000000
245.000000 150.000000
147.000000 168.000000
140.000000 159.000000
128.000000 156.000000
118.000000 158.000000
106.000000 165.000000
116.000000 168.000000
126.000000 170.000000
137.000000 170.000000
234.000000 167.000000
226.000000 160.000000
216.000000 159.000000
206.000000 162.000000
199.000000 168.000000
207.000000 170.000000
217.000000 171.000000
225.000000 171.000000
128.000000 163.000000
216.000000 165.000000
159.000000 167.000000
155.000000 183.000000
150.000000 199.000000
144.000000 213.000000
141.000000 227.000000
153.000000 235.000000
170.000000 240.000000
187.000000 235.000000
200.000000 227.000000
197.000000 214.000000
192.000000 200.000000
188.000000 183.000000
185.000000 168.000000
213.000000 253.000000
196.000000 251.000000
182.000000 249.000000
170.000000 251.000000
159.000000 250.000000
145.000000 252.000000
130.000000 253.000000
139.000000 267.000000
149.000000 274.000000
162.000000 279.000000
175.000000 280.000000
188.000000 274.000000
199.000000 266.000000
