154.000000 42.000000
120.000000 45.000000
81.000000 59.000000
64.000000 100.000000
57.000000 134.000000
61.000000 166.000000
56.000000 201.000000
61.000000 235.000000
71.000000 268.000000
91.000000 295.000000
116.000000 318.000000
156.000000 331.000000
193.000000 316.000000
222.000000 292.000000
246.000000 262.000000
262.000000 240.000000
269.000000 200.000000
268.000000 156.000000
265.000000 121.000000
254.000000 85.000000
229.000000 44.000000
181.000000 42.000000
122.000000 135.000000
107.000000 130.000000
94.000000 128.000000
81.000000 127.000000
69.000000 130.000000
71.000000 139.000000
82.000000 138.000000
93.000000 139.000000
106.000000 140.000000
119.000000 144.000000
231.000000 126.000000
218.000000 122.000000
206.000000 123.000000
192.000000 126.000000
178.000000 130.000000
180.000000 139.000000
194.000000 135.000000
208.000000 132.000000
219.000000 131.000000
229.000000 133.000000
124.000000 160.000000
114.000000 152.000000
103.000000 150.000000
93.000000 151.000000
85.000000 158.000000
92.000000 163.000000
103.000000 165.000000
114.000000 164.000000
218.000000 152.000000
209.000000 146.000000
198.000000 145.000000
188.000000 149.000000
178.000000 156.000000
189.000000 159.000000
201.000000 160.000000
211.000000 158.000000
102.000000 157.000000
201.000000 152.000000
134.000000 157.000000
130.000000 173.000000
126.000000 189.000000
120.000000 205.000000
117.000000 222.000000
131.000000 228.000000
150.000000 232.000000
170.000000 226.000000
184.000000 217.000000
179.000000 203.000000
173.000000 188.000000
168.000000 173.000000
164.000000 156.000000
196.000000 249.000000
179.000000 248.000000
164.000000 247.000000
152.000000 251.000000
139.000000 248.000000
124.000000 251.000000
109.000000 253.000000
119.000000 266.000000
131.000000 276.000000
146.000000 282.000000
161.000000 281.000000
174.000000 274.000000
185.000000 263.000000
