165.000000 31.000000
127.000000 40.000000
94.000000 51.000000
76.000000 90.000000
70.000000 132.000000
68.000000 160.000000
68.000000 196.000000
73.000000 229.000000
78.000000 263.000000
95.000000 292.000000
121.000000 317.000000
165.000000 335.000000
209.000000 322.000000
240.000000 301.000000
262.000000 272.000000
271.000000 232.000000
275.000000 201.000000
279.000000 164.000000
273.000000 133.000000
268.000000 95.000000
254.000000 60.000000
210.000000 37.000000
133.000000 136.000000
118.000000 132.000000
106.000000 129.000000
92.000000 127.000000
81.000000 132.000000
83.000000 138.000000
94.000000 137.000000
106.000000 139.000000
119.000000 142.000000
132.000000 145.000000
239.000000 129.000000
226.000000 125.000000
213.000000 126.000000
199.000000 129.000000
186.000000 134.000000
188.000000 142.000000
201.000000 137.000000
215.000000 135.000000
226.000000 134.000000
238.000000 135.000000
133.000000 164.000000
126.000000 156.000000
115.000000 151.000000
104.000000 153.000000
96.000000 158.000000
104.000000 164.000000
114.000000 166.000000
122.000000 165.000000
228.000000 158.000000
220.000000 152.000000
208.000000 151.000000
197.000000 155.000000
188.000000 162.000000
198.000000 165.000000
210.000000 165.000000
221.000000 163.000000
114.000000 158.000000
209.000000 157.000000
144.000000 159.000000
140.000000 176.000000
136.000000 192.000000
131.000000 206.000000
126.000000 221.000000
139.000000 227.000000
158.000000 233.000000
178.000000 227.000000
191.000000 218.000000
186.000000 205.000000
180.000000 192.000000
176.000000 175.000000
173.000000 159.000000
204.000000 252.000000
187.000000 250.000000
172.000000 249.000000
159.000000 252.000000
146.000000 249.000000
132.000000 251.000000
117.000000 251.000000
127.000000 265.000000
138.000000 274.000000
152.000000 281.000000
166.000000 281.000000
181.000000 276.000000
193.000000 267.000000
