169.000000 27.000000
127.000000 28.000000
84.000000 57.000000
73.000000 88.000000
67.000000 120.000000
62.000000 154.000000
65.000000 190.000000
71.000000 227.000000
84.000000 262.000000
107.000000 293.000000
137.000000 318.000000
179.000000 335.000000
219.000000 314.000000
248.000000 284.000000
266.000000 255.000000
278.000000 220.000000
286.000000 184.000000
286.000000 152.000000
279.000000 114.000000
268.000000 67.000000
238.000000 37.000000
203.000000 29.000000
151.000000 123.000000
137.000000 121.000000
122.000000 119.000000
107.000000 118.000000
91.000000 124.000000
93.000000 140.000000
109.000000 129.000000
123.000000 131.000000
137.000000 132.000000
150.000000 133.000000
260.000000 120.000000
246.000000 116.000000
233.000000 118.000000
221.000000 120.000000
209.000000 124.000000
210.000000 133.000000
223.000000 131.000000
235.000000 129.000000
248.000000 127.000000
258.000000 136.000000
150.000000 155.000000
142.000000 146.000000
131.000000 144.000000
120.000000 146.000000
111.000000 151.000000
117.000000 157.000000
129.000000 159.000000
141.000000 157.000000
244.000000 149.000000
235.000000 143.000000
224.000000 142.000000
214.000000 145.000000
206.000000 153.000000
216.000000 155.000000
226.000000 155.000000
236.000000 154.000000
128.000000 150.000000
223.000000 149.000000
163.000000 154.000000
160.000000 171.000000
156.000000 187.000000
152.000000 202.000000
149.000000 218.000000
162.000000 227.000000
181.000000 232.000000
198.000000 227.000000
212.000000 217.000000
209.000000 202.000000
204.000000 187.000000
199.000000 171.000000
195.000000 153.000000
223.000000 250.000000
207.000000 243.000000
193.000000 247.000000
179.000000 247.000000
165.000000 244.000000
149.000000 242.000000
135.000000 250.000000
146.000000 265.000000
158.000000 274.000000
174.000000 279.000000
188.000000 279.000000
202.000000 272.000000
213.000000 263.000000
