162.000000 18.000000
106.000000 30.000000
82.000000 60.000000
70.000000 93.000000
67.000000 133.000000
65.000000 165.000000
67.000000 201.000000
66.000000 237.000000
74.000000 276.000000
102.000000 305.000000
132.000000 323.000000
173.000000 331.000000
211.000000 328.000000
245.000000 313.000000
265.000000 288.000000
276.000000 248.000000
284.000000 202.000000
285.000000 165.000000
280.000000 133.000000
271.000000 93.000000
248.000000 47.000000
212.000000 23.000000
145.000000 137.000000
130.000000 131.000000
116.000000 128.000000
103.000000 129.000000
91.000000 133.000000
94.000000 140.000000
105.000000 138.000000
116.000000 137.000000
129.000000 140.000000
142.000000 144.000000
253.000000 128.000000
239.000000 124.000000
226.000000 127.000000
213.000000 132.000000
198.000000 138.000000
201.000000 144.000000
215.000000 140.000000
228.000000 135.000000
240.000000 133.000000
251.000000 134.000000
143.000000 163.000000
135.000000 154.000000
123.000000 150.000000
112.000000 153.000000
104.000000 159.000000
113.000000 164.000000
123.000000 166.000000
133.000000 165.000000
241.000000 157.000000
232.000000 150.000000
221.000000 149.000000
211.000000 154.000000
204.000000 161.000000
213.000000 163.000000
224.000000 164.000000
234.000000 162.000000
123.000000 158.000000
222.000000 156.000000
158.000000 158.000000
154.000000 174.000000
150.000000 189.000000
144.000000 204.000000
140.000000 220.000000
154.000000 229.000000
175.000000 235.000000
193.000000 229.000000
206.000000 218.000000
202.000000 205.000000
196.000000 189.000000
191.000000 174.000000
188.000000 158.000000
227.000000 252.000000
199.000000 247.000000
186.000000 246.000000
170.000000 242.000000
157.000000 245.000000
137.000000 246.000000
117.000000 245.000000
136.000000 260.000000
153.000000 266.000000
170.000000 271.000000
180.000000 270.000000
193.000000 268.000000
207.000000 262.000000
