176.000000 15.000000
140.000000 27.000000
99.000000 39.000000
75.000000 73.000000
76.000000 118.000000
73.000000 157.000000
76.000000 189.000000
86.000000 232.000000
99.000000 268.000000
126.000000 297.000000
149.000000 327.000000
196.000000 343.000000
248.000000 313.000000
273.000000 286.000000
292.000000 255.000000
297.000000 218.000000
296.000000 180.000000
291.000000 143.000000
287.000000 108.000000
276.000000 74.000000
256.000000 35.000000
217.000000 18.000000
164.000000 120.000000
147.000000 114.000000
134.000000 113.000000
115.000000 115.000000
103.000000 125.000000
107.000000 141.000000
118.000000 129.000000
133.000000 122.000000
147.000000 125.000000
161.000000 128.000000
271.000000 112.000000
256.000000 105.000000
242.000000 107.000000
231.000000 109.000000
219.000000 116.000000
222.000000 123.000000
235.000000 118.000000
248.000000 115.000000
262.000000 118.000000
271.000000 119.000000
165.000000 148.000000
156.000000 140.000000
144.000000 136.000000
133.000000 139.000000
125.000000 145.000000
134.000000 150.000000
144.000000 151.000000
154.000000 150.000000
259.000000 140.000000
249.000000 134.000000
237.000000 133.000000
228.000000 138.000000
219.000000 145.000000
231.000000 146.000000
241.000000 146.000000
251.000000 144.000000
141.000000 143.000000
240.000000 139.000000
177.000000 147.000000
174.000000 164.000000
170.000000 180.000000
164.000000 196.000000
162.000000 213.000000
178.000000 218.000000
198.000000 222.000000
216.000000 215.000000
230.000000 205.000000
225.000000 192.000000
219.000000 178.000000
212.000000 161.000000
207.000000 145.000000
246.000000 240.000000
230.000000 233.000000
212.000000 237.000000
200.000000 242.000000
186.000000 239.000000
167.000000 242.000000
145.000000 246.000000
166.000000 261.000000
178.000000 270.000000
194.000000 276.000000
210.000000 275.000000
222.000000 266.000000
233.000000 256.000000
