191.000000 21.000000
155.000000 28.000000
115.000000 41.000000
89.000000 71.000000
82.000000 105.000000
77.000000 142.000000
69.000000 179.000000
68.000000 220.000000
83.000000 267.000000
116.000000 296.000000
167.000000 312.000000
210.000000 324.000000
253.000000 307.000000
278.000000 277.000000
302.000000 249.000000
304.000000 211.000000
306.000000 176.000000
303.000000 139.000000
294.000000 104.000000
285.000000 73.000000
260.000000 48.000000
227.000000 32.000000
177.000000 108.000000
161.000000 105.000000
146.000000 103.000000
130.000000 104.000000
116.000000 111.000000
118.000000 120.000000
132.000000 115.000000
147.000000 115.000000
162.000000 116.000000
177.000000 119.000000
285.000000 111.000000
274.000000 105.000000
259.000000 102.000000
244.000000 104.000000
230.000000 108.000000
232.000000 119.000000
246.000000 115.000000
260.000000 113.000000
273.000000 114.000000
283.000000 119.000000
175.000000 145.000000
166.000000 136.000000
153.000000 132.000000
140.000000 134.000000
131.000000 141.000000
140.000000 147.000000
153.000000 148.000000
164.000000 148.000000
271.000000 137.000000
261.000000 131.000000
250.000000 131.000000
239.000000 134.000000
232.000000 144.000000
243.000000 146.000000
254.000000 146.000000
264.000000 144.000000
150.000000 139.000000
250.000000 138.000000
191.000000 141.000000
191.000000 159.000000
185.000000 176.000000
180.000000 192.000000
175.000000 208.000000
189.000000 216.000000
208.000000 221.000000
227.000000 215.000000
240.000000 206.000000
240.000000 189.000000
233.000000 173.000000
226.000000 154.000000
221.000000 136.000000
251.000000 240.000000
234.000000 238.000000
219.000000 236.000000
208.000000 239.000000
198.000000 237.000000
181.000000 234.000000
162.000000 243.000000
175.000000 255.000000
187.000000 263.000000
202.000000 267.000000
216.000000 267.000000
230.000000 261.000000
241.000000 253.000000
