177.000000 23.000000
128.000000 41.000000
97.000000 72.000000
87.000000 106.000000
86.000000 138.000000
81.000000 168.000000
88.000000 201.000000
87.000000 230.000000
93.000000 261.000000
117.000000 294.000000
137.000000 322.000000
182.000000 338.000000
222.000000 318.000000
252.000000 290.000000
272.000000 261.000000
277.000000 228.000000
278.000000 200.000000
275.000000 165.000000
274.000000 137.000000
269.000000 96.000000
254.000000 54.000000
219.000000 35.000000
159.000000 149.000000
145.000000 145.000000
132.000000 142.000000
118.000000 141.000000
104.000000 146.000000
108.000000 160.000000
119.000000 149.000000
131.000000 151.000000
144.000000 153.000000
157.000000 156.000000
260.000000 151.000000
247.000000 140.000000
236.000000 140.000000
224.000000 143.000000
211.000000 147.000000
212.000000 154.000000
225.000000 152.000000
237.000000 149.000000
248.000000 148.000000
254.000000 160.000000
158.000000 175.000000
151.000000 166.000000
140.000000 161.000000
129.000000 162.000000
121.000000 168.000000
126.000000 175.000000
137.000000 177.000000
148.000000 176.000000
246.000000 168.000000
239.000000 162.000000
228.000000 162.000000
219.000000 166.000000
211.000000 173.000000
220.000000 176.000000
231.000000 176.000000
241.000000 174.000000
136.000000 168.000000
229.000000 168.000000
170.000000 172.000000
168.000000 188.000000
164.000000 204.000000
159.000000 218.000000
156.000000 232.000000
168.000000 240.000000
185.000000 247.000000
208.000000 241.000000
216.000000 230.000000
214.000000 214.000000
208.000000 200.000000
206.000000 184.000000
198.000000 171.000000
233.000000 257.000000
211.000000 257.000000
196.000000 256.000000
185.000000 259.000000
174.000000 256.000000
153.000000 255.000000
135.000000 256.000000
147.000000 272.000000
164.000000 283.000000
179.000000 289.000000
193.000000 289.000000
206.000000 282.000000
220.000000 270.000000
