183.000000 3.000000
143.000000 6.000000
102.000000 25.000000
71.000000 53.000000
64.000000 85.000000
59.000000 125.000000
67.000000 171.000000
71.000000 210.000000
79.000000 250.000000
94.000000 290.000000
128.000000 315.000000
177.000000 327.000000
234.000000 317.000000
262.000000 288.000000
274.000000 249.000000
284.000000 214.000000
289.000000 174.000000
290.000000 139.000000
292.000000 105.000000
279.000000 61.000000
256.000000 33.000000
220.000000 11.000000
162.000000 95.000000
145.000000 89.000000
128.000000 87.000000
110.000000 90.000000
94.000000 100.000000
98.000000 109.000000
113.000000 103.000000
129.000000 101.000000
143.000000 103.000000
158.000000 106.000000
273.000000 104.000000
260.000000 97.000000
245.000000 95.000000
230.000000 95.000000
215.000000 99.000000
217.000000 110.000000
231.000000 108.000000
246.000000 107.000000
259.000000 109.000000
271.000000 112.000000
156.000000 134.000000
147.000000 125.000000
135.000000 122.000000
123.000000 124.000000
113.000000 131.000000
123.000000 137.000000
134.000000 139.000000
146.000000 138.000000
257.000000 135.000000
248.000000 129.000000
237.000000 127.000000
227.000000 130.000000
218.000000 136.000000
228.000000 140.000000
239.000000 143.000000
249.000000 141.000000
135.000000 130.000000
236.000000 134.000000
172.000000 129.000000
165.000000 147.000000
157.000000 161.000000
150.000000 176.000000
151.000000 196.000000
166.000000 205.000000
184.000000 210.000000
203.000000 207.000000
221.000000 198.000000
220.000000 175.000000
213.000000 162.000000
207.000000 149.000000
203.000000 131.000000
228.000000 232.000000
212.000000 226.000000
196.000000 225.000000
184.000000 230.000000
173.000000 225.000000
152.000000 226.000000
137.000000 232.000000
151.000000 244.000000
162.000000 250.000000
175.000000 254.000000
189.000000 255.000000
202.000000 251.000000
215.000000 245.000000
