168.000000 34.000000
132.000000 41.000000
112.000000 61.000000
89.000000 85.000000
78.000000 119.000000
71.000000 149.000000
65.000000 180.000000
67.000000 213.000000
80.000000 251.000000
101.000000 279.000000
130.000000 307.000000
179.000000 326.000000
223.000000 309.000000
260.000000 281.000000
278.000000 254.000000
286.000000 219.000000
286.000000 183.000000
279.000000 143.000000
272.000000 111.000000
258.000000 82.000000
239.000000 54.000000
209.000000 39.000000
146.000000 121.000000
131.000000 119.000000
118.000000 118.000000
105.000000 118.000000
94.000000 124.000000
97.000000 132.000000
108.000000 128.000000
120.000000 129.000000
132.000000 130.000000
145.000000 132.000000
248.000000 113.000000
233.000000 108.000000
219.000000 108.000000
206.000000 111.000000
193.000000 117.000000
196.000000 127.000000
209.000000 122.000000
223.000000 119.000000
236.000000 118.000000
248.000000 121.000000
144.000000 152.000000
137.000000 145.000000
127.000000 142.000000
117.000000 144.000000
109.000000 150.000000
117.000000 154.000000
126.000000 154.000000
135.000000 153.000000
237.000000 144.000000
227.000000 139.000000
216.000000 138.000000
207.000000 142.000000
198.000000 149.000000
208.000000 149.000000
218.000000 148.000000
228.000000 148.000000
126.000000 148.000000
218.000000 142.000000
155.000000 148.000000
153.000000 164.000000
149.000000 180.000000
144.000000 194.000000
143.000000 209.000000
157.000000 213.000000
172.000000 215.000000
188.000000 210.000000
204.000000 203.000000
200.000000 191.000000
194.000000 176.000000
190.000000 164.000000
186.000000 146.000000
220.000000 239.000000
204.000000 233.000000
186.000000 231.000000
174.000000 234.000000
162.000000 232.000000
144.000000 234.000000
127.000000 240.000000
144.000000 255.000000
156.000000 263.000000
169.000000 267.000000
182.000000 267.000000
197.000000 262.000000
209.000000 253.000000
