169.000000 6.000000
131.000000 16.000000
93.000000 42.000000
73.000000 81.000000
69.000000 118.000000
68.000000 154.000000
68.000000 187.000000
71.000000 222.000000
89.000000 255.000000
113.000000 284.000000
141.000000 309.000000
181.000000 323.000000
220.000000 307.000000
253.000000 290.000000
275.000000 259.000000
283.000000 228.000000
283.000000 182.000000
285.000000 144.000000
278.000000 110.000000
265.000000 77.000000
251.000000 35.000000
211.000000 14.000000
149.000000 112.000000
133.000000 108.000000
116.000000 105.000000
101.000000 105.000000
90.000000 112.000000
93.000000 120.000000
104.000000 117.000000
117.000000 118.000000
132.000000 120.000000
148.000000 123.000000
258.000000 105.000000
243.000000 99.000000
228.000000 101.000000
214.000000 104.000000
198.000000 109.000000
201.000000 119.000000
217.000000 116.000000
231.000000 112.000000
244.000000 111.000000
257.000000 114.000000
147.000000 144.000000
136.000000 136.000000
124.000000 132.000000
113.000000 135.000000
106.000000 142.000000
116.000000 146.000000
126.000000 147.000000
136.000000 145.000000
244.000000 137.000000
235.000000 131.000000
224.000000 131.000000
214.000000 134.000000
205.000000 141.000000
215.000000 142.000000
225.000000 142.000000
235.000000 142.000000
122.000000 139.000000
226.000000 136.000000
159.000000 141.000000
157.000000 157.000000
153.000000 173.000000
144.000000 184.000000
145.000000 203.000000
159.000000 211.000000
178.000000 215.000000
195.000000 209.000000
208.000000 200.000000
212.000000 188.000000
199.000000 174.000000
193.000000 156.000000
190.000000 140.000000
220.000000 241.000000
202.000000 236.000000
189.000000 231.000000
178.000000 236.000000
166.000000 232.000000
151.000000 236.000000
139.000000 247.000000
149.000000 258.000000
160.000000 265.000000
173.000000 270.000000
186.000000 269.000000
199.000000 263.000000
209.000000 254.000000
