160.000000 48.000000
123.000000 51.000000
96.000000 69.000000
67.000000 98.000000
58.000000 133.000000
54.000000 168.000000
59.000000 199.000000
67.000000 227.000000
77.000000 257.000000
89.000000 289.000000
105.000000 318.000000
137.000000 328.000000
176.000000 325.000000
205.000000 300.000000
225.000000 272.000000
240.000000 243.000000
255.000000 218.000000
261.000000 181.000000
253.000000 148.000000
251.000000 115.000000
229.000000 81.000000
199.000000 57.000000
122.000000 154.000000
110.000000 149.000000
95.000000 143.000000
82.000000 142.000000
71.000000 146.000000
74.000000 156.000000
82.000000 156.000000
94.000000 153.000000
107.000000 157.000000
117.000000 162.000000
232.000000 150.000000
220.000000 144.000000
207.000000 143.000000
193.000000 145.000000
178.000000 148.000000
179.000000 158.000000
194.000000 156.000000
208.000000 154.000000
220.000000 154.000000
230.000000 157.000000
122.000000 179.000000
115.000000 168.000000
104.000000 162.000000
92.000000 162.000000
81.000000 168.000000
88.000000 175.000000
99.000000 178.000000
110.000000 179.000000
215.000000 176.000000
207.000000 169.000000
195.000000 167.000000
184.000000 170.000000
173.000000 178.000000
184.000000 182.000000
196.000000 183.000000
208.000000 181.000000
101.000000 169.000000
195.000000 175.000000
135.000000 174.000000
124.000000 191.000000
116.000000 203.000000
105.000000 212.000000
101.000000 231.000000
116.000000 242.000000
133.000000 247.000000
159.000000 243.000000
172.000000 237.000000
167.000000 223.000000
162.000000 207.000000
160.000000 194.000000
159.000000 176.000000
181.000000 268.000000
165.000000 264.000000
152.000000 261.000000
141.000000 264.000000
129.000000 261.000000
115.000000 263.000000
102.000000 265.000000
110.000000 275.000000
120.000000 282.000000
133.000000 285.000000
145.000000 286.000000
158.000000 284.000000
170.000000 278.000000
