150.000000 37.000000
110.000000 56.000000
70.000000 83.000000
65.000000 122.000000
63.000000 150.000000
61.000000 181.000000
67.000000 213.000000
73.000000 239.000000
83.000000 273.000000
103.000000 295.000000
130.000000 316.000000
175.000000 336.000000
217.000000 323.000000
246.000000 303.000000
263.000000 274.000000
275.000000 247.000000
281.000000 216.000000
279.000000 170.000000
273.000000 130.000000
251.000000 90.000000
233.000000 55.000000
191.000000 41.000000
128.000000 140.000000
113.000000 139.000000
100.000000 140.000000
86.000000 142.000000
74.000000 147.000000
77.000000 154.000000
89.000000 152.000000
102.000000 150.000000
115.000000 149.000000
127.000000 150.000000
233.000000 131.000000
220.000000 129.000000
207.000000 130.000000
193.000000 133.000000
180.000000 136.000000
181.000000 145.000000
195.000000 142.000000
208.000000 140.000000
221.000000 138.000000
232.000000 139.000000
131.000000 169.000000
122.000000 161.000000
111.000000 158.000000
100.000000 162.000000
92.000000 167.000000
101.000000 171.000000
111.000000 172.000000
121.000000 171.000000
221.000000 157.000000
211.000000 152.000000
200.000000 151.000000
189.000000 156.000000
181.000000 164.000000
192.000000 164.000000
202.000000 163.000000
212.000000 161.000000
111.000000 165.000000
201.000000 157.000000
140.000000 164.000000
138.000000 181.000000
132.000000 192.000000
125.000000 207.000000
124.000000 230.000000
143.000000 232.000000
159.000000 236.000000
177.000000 229.000000
190.000000 218.000000
185.000000 206.000000
179.000000 194.000000
172.000000 178.000000
168.000000 162.000000
205.000000 250.000000
189.000000 251.000000
174.000000 250.000000
162.000000 254.000000
151.000000 252.000000
133.000000 256.000000
117.000000 254.000000
128.000000 268.000000
145.000000 277.000000
160.000000 283.000000
172.000000 282.000000
185.000000 275.000000
195.000000 265.000000
