170.000000 24.000000
125.000000 39.000000
90.000000 57.000000
74.000000 91.000000
63.000000 127.000000
58.000000 163.000000
60.000000 201.000000
69.000000 237.000000
79.000000 269.000000
111.000000 300.000000
143.000000 319.000000
186.000000 331.000000
228.000000 315.000000
255.000000 288.000000
277.000000 258.000000
287.000000 224.000000
292.000000 188.000000
290.000000 154.000000
283.000000 118.000000
273.000000 83.000000
248.000000 50.000000
209.000000 37.000000
145.000000 113.000000
130.000000 111.000000
114.000000 110.000000
99.000000 113.000000
87.000000 120.000000
91.000000 130.000000
103.000000 125.000000
116.000000 124.000000
130.000000 123.000000
144.000000 124.000000
261.000000 113.000000
247.000000 107.000000
233.000000 106.000000
218.000000 107.000000
204.000000 111.000000
207.000000 122.000000
221.000000 120.000000
235.000000 119.000000
248.000000 120.000000
260.000000 123.000000
144.000000 152.000000
136.000000 144.000000
123.000000 140.000000
112.000000 144.000000
103.000000 150.000000
114.000000 155.000000
124.000000 156.000000
133.000000 154.000000
249.000000 144.000000
239.000000 138.000000
227.000000 137.000000
217.000000 140.000000
209.000000 149.000000
219.000000 151.000000
229.000000 151.000000
239.000000 150.000000
124.000000 147.000000
228.000000 144.000000
158.000000 146.000000
156.000000 165.000000
151.000000 181.000000
143.000000 197.000000
146.000000 217.000000
162.000000 225.000000
181.000000 228.000000
198.000000 224.000000
214.000000 212.000000
209.000000 195.000000
203.000000 181.000000
196.000000 161.000000
194.000000 145.000000
221.000000 259.000000
205.000000 251.000000
193.000000 246.000000
182.000000 250.000000
171.000000 247.000000
155.000000 254.000000
140.000000 259.000000
155.000000 270.000000
166.000000 275.000000
178.000000 278.000000
190.000000 278.000000
202.000000 273.000000
212.000000 267.000000
