169.000000 9.000000
119.000000 31.000000
89.000000 52.000000
67.000000 87.000000
59.000000 118.000000
57.000000 158.000000
60.000000 193.000000
62.000000 227.000000
67.000000 260.000000
86.000000 291.000000
119.000000 311.000000
160.000000 330.000000
204.000000 321.000000
235.000000 301.000000
264.000000 282.000000
277.000000 245.000000
280.000000 212.000000
282.000000 160.000000
280.000000 119.000000
267.000000 83.000000
250.000000 52.000000
214.000000 26.000000
134.000000 130.000000
120.000000 126.000000
107.000000 123.000000
94.000000 123.000000
81.000000 127.000000
83.000000 133.000000
95.000000 131.000000
107.000000 133.000000
120.000000 136.000000
132.000000 139.000000
236.000000 128.000000
224.000000 122.000000
211.000000 122.000000
196.000000 125.000000
182.000000 129.000000
183.000000 137.000000
198.000000 133.000000
212.000000 131.000000
224.000000 130.000000
234.000000 132.000000
130.000000 158.000000
123.000000 150.000000
110.000000 145.000000
100.000000 147.000000
91.000000 153.000000
99.000000 158.000000
111.000000 160.000000
121.000000 160.000000
225.000000 154.000000
216.000000 148.000000
204.000000 146.000000
194.000000 150.000000
186.000000 157.000000
196.000000 161.000000
207.000000 161.000000
218.000000 160.000000
110.000000 152.000000
205.000000 153.000000
143.000000 152.000000
140.000000 168.000000
130.000000 182.000000
122.000000 198.000000
127.000000 214.000000
142.000000 218.000000
157.000000 222.000000
172.000000 219.000000
186.000000 213.000000
182.000000 199.000000
177.000000 185.000000
174.000000 169.000000
171.000000 152.000000
203.000000 252.000000
180.000000 246.000000
170.000000 242.000000
159.000000 245.000000
148.000000 241.000000
129.000000 243.000000
111.000000 253.000000
127.000000 257.000000
143.000000 264.000000
154.000000 267.000000
165.000000 267.000000
175.000000 264.000000
184.000000 258.000000
