167.000000 33.000000
126.000000 47.000000
101.000000 62.000000
83.000000 96.000000
76.000000 132.000000
74.000000 167.000000
74.000000 195.000000
80.000000 231.000000
93.000000 262.000000
111.000000 290.000000
135.000000 316.000000
185.000000 335.000000
222.000000 325.000000
251.000000 302.000000
276.000000 267.000000
292.000000 228.000000
286.000000 194.000000
284.000000 159.000000
274.000000 123.000000
263.000000 85.000000
242.000000 63.000000
207.000000 42.000000
153.000000 136.000000
139.000000 133.000000
124.000000 131.000000
110.000000 129.000000
98.000000 133.000000
99.000000 139.000000
111.000000 138.000000
124.000000 139.000000
138.000000 141.000000
152.000000 143.000000
256.000000 128.000000
243.000000 126.000000
231.000000 128.000000
219.000000 130.000000
208.000000 133.000000
208.000000 140.000000
221.000000 138.000000
233.000000 136.000000
244.000000 134.000000
254.000000 135.000000
156.000000 161.000000
147.000000 154.000000
137.000000 151.000000
121.000000 148.000000
111.000000 159.000000
125.000000 162.000000
135.000000 163.000000
146.000000 162.000000
244.000000 153.000000
231.000000 147.000000
221.000000 148.000000
213.000000 152.000000
206.000000 158.000000
215.000000 159.000000
225.000000 159.000000
234.000000 157.000000
131.000000 156.000000
223.000000 152.000000
167.000000 158.000000
165.000000 173.000000
160.000000 188.000000
155.000000 203.000000
151.000000 219.000000
164.000000 225.000000
183.000000 230.000000
200.000000 224.000000
212.000000 217.000000
209.000000 203.000000
204.000000 190.000000
199.000000 173.000000
195.000000 158.000000
221.000000 247.000000
207.000000 247.000000
194.000000 246.000000
183.000000 250.000000
172.000000 247.000000
158.000000 249.000000
142.000000 249.000000
152.000000 261.000000
163.000000 270.000000
177.000000 275.000000
191.000000 275.000000
203.000000 268.000000
213.000000 259.000000
