166.000000 8.000000
117.000000 19.000000
85.000000 51.000000
71.000000 90.000000
68.000000 124.000000
69.000000 163.000000
70.000000 198.000000
74.000000 231.000000
89.000000 267.000000
105.000000 293.000000
132.000000 322.000000
192.000000 335.000000
233.000000 320.000000
259.000000 296.000000
277.000000 268.000000
289.000000 238.000000
293.000000 194.000000
289.000000 151.000000
282.000000 118.000000
277.000000 88.000000
251.000000 37.000000
215.000000 16.000000
146.000000 121.000000
130.000000 118.000000
115.000000 117.000000
100.000000 117.000000
86.000000 122.000000
88.000000 133.000000
102.000000 131.000000
117.000000 130.000000
131.000000 130.000000
144.000000 131.000000
259.000000 111.000000
247.000000 106.000000
232.000000 107.000000
216.000000 110.000000
203.000000 116.000000
205.000000 126.000000
219.000000 122.000000
233.000000 119.000000
247.000000 118.000000
258.000000 120.000000
150.000000 152.000000
139.000000 144.000000
126.000000 140.000000
114.000000 143.000000
104.000000 150.000000
112.000000 157.000000
126.000000 158.000000
139.000000 156.000000
247.000000 142.000000
237.000000 135.000000
224.000000 134.000000
213.000000 138.000000
203.000000 148.000000
215.000000 150.000000
226.000000 150.000000
238.000000 148.000000
124.000000 148.000000
224.000000 141.000000
163.000000 146.000000
161.000000 164.000000
152.000000 175.000000
146.000000 190.000000
146.000000 212.000000
164.000000 220.000000
184.000000 223.000000
202.000000 217.000000
217.000000 207.000000
219.000000 195.000000
211.000000 176.000000
198.000000 163.000000
192.000000 145.000000
231.000000 235.000000
214.000000 235.000000
197.000000 234.000000
185.000000 238.000000
170.000000 235.000000
147.000000 237.000000
131.000000 239.000000
141.000000 258.000000
161.000000 270.000000
178.000000 276.000000
194.000000 275.000000
209.000000 267.000000
220.000000 255.000000
