149.000000 39.000000
111.000000 46.000000
73.000000 67.000000
64.000000 112.000000
64.000000 149.000000
67.000000 184.000000
69.000000 216.000000
77.000000 249.000000
89.000000 280.000000
110.000000 304.000000
131.000000 326.000000
177.000000 336.000000
219.000000 318.000000
250.000000 287.000000
269.000000 259.000000
279.000000 229.000000
279.000000 195.000000
275.000000 156.000000
263.000000 122.000000
250.000000 89.000000
231.000000 65.000000
193.000000 50.000000
124.000000 141.000000
109.000000 140.000000
96.000000 141.000000
84.000000 143.000000
74.000000 148.000000
76.000000 155.000000
87.000000 151.000000
99.000000 149.000000
111.000000 149.000000
123.000000 149.000000
233.000000 131.000000
222.000000 124.000000
211.000000 125.000000
198.000000 127.000000
187.000000 132.000000
188.000000 139.000000
200.000000 135.000000
213.000000 132.000000
222.000000 136.000000
233.000000 140.000000
133.000000 168.000000
124.000000 161.000000
113.000000 159.000000
102.000000 162.000000
94.000000 169.000000
101.000000 173.000000
113.000000 174.000000
124.000000 172.000000
224.000000 153.000000
214.000000 146.000000
202.000000 146.000000
192.000000 152.000000
185.000000 161.000000
196.000000 162.000000
207.000000 161.000000
217.000000 158.000000
113.000000 166.000000
205.000000 152.000000
143.000000 164.000000
141.000000 180.000000
138.000000 196.000000
133.000000 211.000000
133.000000 230.000000
147.000000 234.000000
163.000000 237.000000
181.000000 230.000000
194.000000 220.000000
190.000000 206.000000
183.000000 191.000000
177.000000 178.000000
172.000000 160.000000
212.000000 254.000000
199.000000 251.000000
186.000000 248.000000
173.000000 249.000000
155.000000 248.000000
138.000000 250.000000
120.000000 251.000000
126.000000 267.000000
145.000000 276.000000
165.000000 284.000000
178.000000 283.000000
190.000000 277.000000
202.000000 267.000000
