173.000000 28.000000
128.000000 42.000000
96.000000 62.000000
79.000000 86.000000
74.000000 131.000000
71.000000 165.000000
71.000000 199.000000
75.000000 232.000000
80.000000 271.000000
108.000000 299.000000
135.000000 323.000000
180.000000 338.000000
220.000000 321.000000
248.000000 297.000000
272.000000 270.000000
276.000000 233.000000
277.000000 200.000000
281.000000 169.000000
276.000000 127.000000
271.000000 98.000000
255.000000 61.000000
220.000000 43.000000
153.000000 137.000000
137.000000 133.000000
121.000000 131.000000
105.000000 133.000000
91.000000 139.000000
93.000000 148.000000
107.000000 143.000000
122.000000 143.000000
137.000000 145.000000
152.000000 148.000000
259.000000 138.000000
246.000000 131.000000
231.000000 129.000000
217.000000 131.000000
203.000000 134.000000
205.000000 145.000000
219.000000 142.000000
233.000000 140.000000
246.000000 142.000000
257.000000 146.000000
150.000000 168.000000
141.000000 159.000000
129.000000 156.000000
118.000000 159.000000
110.000000 166.000000
118.000000 171.000000
129.000000 172.000000
140.000000 171.000000
242.000000 164.000000
234.000000 158.000000
224.000000 157.000000
214.000000 160.000000
205.000000 167.000000
215.000000 170.000000
225.000000 170.000000
235.000000 170.000000
129.000000 164.000000
224.000000 163.000000
163.000000 164.000000
161.000000 181.000000
158.000000 196.000000
153.000000 209.000000
148.000000 223.000000
162.000000 234.000000
177.000000 237.000000
192.000000 234.000000
205.000000 227.000000
202.000000 213.000000
198.000000 197.000000
194.000000 181.000000
192.000000 164.000000
215.000000 265.000000
200.000000 261.000000
189.000000 257.000000
178.000000 261.000000
166.000000 258.000000
153.000000 263.000000
137.000000 268.000000
151.000000 277.000000
163.000000 281.000000
173.000000 283.000000
184.000000 282.000000
194.000000 278.000000
203.000000 273.000000
