162.000000 12.000000
119.000000 31.000000
88.000000 57.000000
74.000000 84.000000
63.000000 117.000000
60.000000 150.000000
62.000000 188.000000
64.000000 222.000000
73.000000 260.000000
94.000000 286.000000
125.000000 312.000000
171.000000 331.000000
224.000000 314.000000
252.000000 279.000000
270.000000 244.000000
275.000000 206.000000
277.000000 172.000000
270.000000 139.000000
263.000000 106.000000
251.000000 77.000000
231.000000 44.000000
204.000000 21.000000
132.000000 116.000000
118.000000 114.000000
103.000000 114.000000
89.000000 117.000000
77.000000 124.000000
80.000000 131.000000
91.000000 125.000000
105.000000 124.000000
118.000000 125.000000
132.000000 126.000000
242.000000 118.000000
229.000000 112.000000
214.000000 111.000000
200.000000 112.000000
187.000000 116.000000
190.000000 125.000000
202.000000 122.000000
215.000000 120.000000
228.000000 121.000000
239.000000 124.000000
135.000000 150.000000
126.000000 140.000000
114.000000 137.000000
102.000000 140.000000
95.000000 147.000000
104.000000 152.000000
116.000000 153.000000
126.000000 152.000000
230.000000 144.000000
220.000000 136.000000
209.000000 135.000000
198.000000 138.000000
190.000000 147.000000
201.000000 149.000000
211.000000 149.000000
221.000000 148.000000
114.000000 145.000000
210.000000 141.000000
147.000000 148.000000
146.000000 166.000000
143.000000 181.000000
139.000000 196.000000
137.000000 211.000000
150.000000 217.000000
165.000000 221.000000
180.000000 217.000000
192.000000 209.000000
194.000000 193.000000
186.000000 180.000000
184.000000 162.000000
176.000000 147.000000
207.000000 245.000000
192.000000 241.000000
178.000000 240.000000
166.000000 244.000000
154.000000 241.000000
140.000000 245.000000
125.000000 248.000000
138.000000 260.000000
150.000000 266.000000
163.000000 269.000000
174.000000 269.000000
186.000000 264.000000
196.000000 256.000000
