158.000000 31.000000
110.000000 44.000000
77.000000 71.000000
67.000000 101.000000
67.000000 132.000000
65.000000 165.000000
67.000000 201.000000
76.000000 235.000000
92.000000 271.000000
118.000000 300.000000
140.000000 322.000000
183.000000 338.000000
234.000000 306.000000
255.000000 282.000000
271.000000 246.000000
279.000000 207.000000
279.000000 166.000000
269.000000 145.000000
261.000000 113.000000
251.000000 71.000000
224.000000 44.000000
191.000000 38.000000
135.000000 124.000000
122.000000 123.000000
108.000000 122.000000
95.000000 122.000000
82.000000 128.000000
85.000000 138.000000
98.000000 134.000000
111.000000 133.000000
123.000000 134.000000
136.000000 135.000000
250.000000 115.000000
238.000000 110.000000
224.000000 111.000000
209.000000 114.000000
196.000000 118.000000
199.000000 128.000000
212.000000 124.000000
226.000000 122.000000
239.000000 121.000000
249.000000 123.000000
142.000000 158.000000
132.000000 148.000000
120.000000 145.000000
108.000000 149.000000
100.000000 157.000000
107.000000 163.000000
119.000000 164.000000
131.000000 161.000000
237.000000 146.000000
228.000000 138.000000
215.000000 137.000000
204.000000 142.000000
195.000000 152.000000
207.000000 154.000000
219.000000 154.000000
229.000000 152.000000
118.000000 154.000000
214.000000 146.000000
154.000000 154.000000
153.000000 170.000000
148.000000 185.000000
142.000000 198.000000
144.000000 214.000000
159.000000 224.000000
176.000000 226.000000
193.000000 220.000000
205.000000 210.000000
200.000000 195.000000
193.000000 182.000000
187.000000 167.000000
183.000000 151.000000
215.000000 249.000000
202.000000 245.000000
190.000000 243.000000
180.000000 248.000000
168.000000 247.000000
155.000000 253.000000
142.000000 260.000000
152.000000 269.000000
164.000000 274.000000
176.000000 275.000000
188.000000 273.000000
199.000000 267.000000
208.000000 260.000000
