155.000000 23.000000
120.000000 44.000000
89.000000 77.000000
74.000000 119.000000
73.000000 150.000000
72.000000 183.000000
76.000000 214.000000
83.000000 251.000000
101.000000 289.000000
127.000000 308.000000
158.000000 328.000000
197.000000 339.000000
236.000000 320.000000
256.000000 292.000000
274.000000 263.000000
288.000000 226.000000
283.000000 187.000000
280.000000 156.000000
274.000000 123.000000
259.000000 75.000000
233.000000 44.000000
195.000000 31.000000
138.000000 146.000000
124.000000 148.000000
108.000000 148.000000
95.000000 146.000000
85.000000 147.000000
84.000000 160.000000
99.000000 157.000000
109.000000 156.000000
123.000000 160.000000
137.000000 157.000000
253.000000 132.000000
238.000000 132.000000
224.000000 133.000000
214.000000 138.000000
200.000000 142.000000
205.000000 153.000000
216.000000 145.000000
230.000000 145.000000
241.000000 144.000000
254.000000 142.000000
145.000000 184.000000
134.000000 173.000000
121.000000 169.000000
109.000000 172.000000
100.000000 180.000000
108.000000 187.000000
122.000000 189.000000
134.000000 186.000000
240.000000 158.000000
230.000000 153.000000
219.000000 154.000000
209.000000 161.000000
202.000000 171.000000
213.000000 172.000000
225.000000 172.000000
236.000000 166.000000
122.000000 178.000000
221.000000 162.000000
155.000000 176.000000
155.000000 193.000000
153.000000 208.000000
149.000000 225.000000
148.000000 244.000000
161.000000 254.000000
182.000000 257.000000
202.000000 247.000000
213.000000 235.000000
206.000000 220.000000
198.000000 203.000000
193.000000 188.000000
187.000000 171.000000
228.000000 261.000000
210.000000 266.000000
194.000000 267.000000
186.000000 273.000000
174.000000 271.000000
160.000000 275.000000
143.000000 276.000000
155.000000 288.000000
168.000000 297.000000
183.000000 301.000000
197.000000 299.000000
210.000000 290.000000
220.000000 278.000000
