155.000000 18.000000
111.000000 34.000000
83.000000 62.000000
70.000000 93.000000
57.000000 130.000000
57.000000 163.000000
58.000000 197.000000
65.000000 229.000000
73.000000 266.000000
88.000000 291.000000
112.000000 322.000000
164.000000 344.000000
216.000000 309.000000
244.000000 284.000000
257.000000 252.000000
266.000000 218.000000
270.000000 180.000000
264.000000 145.000000
262.000000 112.000000
249.000000 80.000000
231.000000 54.000000
197.000000 33.000000
123.000000 122.000000
110.000000 119.000000
96.000000 118.000000
83.000000 117.000000
71.000000 123.000000
73.000000 130.000000
85.000000 128.000000
98.000000 129.000000
111.000000 132.000000
123.000000 134.000000
237.000000 112.000000
222.000000 108.000000
207.000000 110.000000
193.000000 113.000000
178.000000 119.000000
181.000000 129.000000
196.000000 124.000000
210.000000 121.000000
224.000000 118.000000
235.000000 119.000000
125.000000 156.000000
116.000000 145.000000
106.000000 141.000000
95.000000 144.000000
87.000000 151.000000
95.000000 158.000000
105.000000 160.000000
115.000000 158.000000
223.000000 144.000000
213.000000 137.000000
201.000000 136.000000
191.000000 142.000000
182.000000 152.000000
193.000000 153.000000
205.000000 154.000000
217.000000 151.000000
105.000000 150.000000
203.000000 145.000000
135.000000 152.000000
133.000000 170.000000
130.000000 186.000000
127.000000 201.000000
123.000000 218.000000
136.000000 226.000000
154.000000 231.000000
174.000000 224.000000
187.000000 212.000000
181.000000 199.000000
176.000000 185.000000
171.000000 168.000000
168.000000 150.000000
201.000000 250.000000
183.000000 251.000000
167.000000 250.000000
156.000000 255.000000
145.000000 252.000000
131.000000 255.000000
114.000000 257.000000
125.000000 270.000000
137.000000 279.000000
152.000000 284.000000
166.000000 283.000000
180.000000 276.000000
191.000000 265.000000
