171.000000 44.000000
141.000000 58.000000
111.000000 76.000000
90.000000 111.000000
77.000000 140.000000
73.000000 172.000000
78.000000 205.000000
85.000000 237.000000
99.000000 269.000000
122.000000 294.000000
151.000000 316.000000
194.000000 336.000000
229.000000 306.000000
252.000000 281.000000
269.000000 252.000000
276.000000 222.000000
278.000000 192.000000
279.000000 162.000000
272.000000 130.000000
256.000000 102.000000
235.000000 75.000000
205.000000 53.000000
159.000000 136.000000
142.000000 133.000000
128.000000 132.000000
114.000000 134.000000
102.000000 140.000000
104.000000 144.000000
116.000000 142.000000
129.000000 139.000000
142.000000 140.000000
156.000000 143.000000
261.000000 132.000000
248.000000 128.000000
235.000000 127.000000
220.000000 130.000000
207.000000 134.000000
208.000000 141.000000
222.000000 136.000000
236.000000 134.000000
248.000000 134.000000
258.000000 137.000000
158.000000 164.000000
150.000000 156.000000
139.000000 152.000000
128.000000 155.000000
118.000000 160.000000
125.000000 166.000000
136.000000 168.000000
147.000000 167.000000
249.000000 156.000000
239.000000 148.000000
224.000000 149.000000
214.000000 153.000000
207.000000 161.000000
217.000000 163.000000
229.000000 164.000000
239.000000 160.000000
137.000000 160.000000
227.000000 155.000000
170.000000 161.000000
167.000000 176.000000
164.000000 192.000000
159.000000 207.000000
156.000000 223.000000
172.000000 229.000000
189.000000 232.000000
205.000000 230.000000
217.000000 219.000000
212.000000 206.000000
206.000000 193.000000
200.000000 175.000000
197.000000 160.000000
227.000000 250.000000
214.000000 251.000000
200.000000 250.000000
189.000000 254.000000
177.000000 251.000000
163.000000 255.000000
147.000000 256.000000
157.000000 267.000000
169.000000 276.000000
184.000000 280.000000
198.000000 279.000000
209.000000 272.000000
219.000000 263.000000
