163.000000 7.000000
117.000000 20.000000
87.000000 50.000000
69.000000 94.000000
67.000000 130.000000
66.000000 163.000000
68.000000 200.000000
72.000000 235.000000
83.000000 270.000000
104.000000 300.000000
130.000000 327.000000
168.000000 339.000000
216.000000 319.000000
243.000000 295.000000
262.000000 263.000000
272.000000 230.000000
277.000000 195.000000
278.000000 162.000000
272.000000 129.000000
265.000000 89.000000
252.000000 43.000000
213.000000 17.000000
141.000000 131.000000
125.000000 126.000000
111.000000 123.000000
97.000000 123.000000
83.000000 133.000000
87.000000 142.000000
97.000000 137.000000
110.000000 132.000000
125.000000 135.000000
138.000000 139.000000
252.000000 129.000000
237.000000 121.000000
225.000000 118.000000
210.000000 123.000000
197.000000 130.000000
199.000000 137.000000
213.000000 132.000000
226.000000 128.000000
238.000000 136.000000
250.000000 145.000000
143.000000 158.000000
135.000000 149.000000
124.000000 145.000000
112.000000 147.000000
103.000000 154.000000
113.000000 160.000000
123.000000 162.000000
133.000000 161.000000
237.000000 151.000000
228.000000 145.000000
216.000000 144.000000
206.000000 149.000000
199.000000 157.000000
208.000000 159.000000
220.000000 161.000000
230.000000 158.000000
122.000000 153.000000
217.000000 151.000000
156.000000 153.000000
155.000000 170.000000
153.000000 187.000000
145.000000 201.000000
136.000000 215.000000
151.000000 229.000000
174.000000 236.000000
195.000000 229.000000
207.000000 219.000000
198.000000 205.000000
192.000000 188.000000
189.000000 171.000000
187.000000 152.000000
220.000000 251.000000
203.000000 248.000000
188.000000 246.000000
167.000000 246.000000
154.000000 245.000000
135.000000 241.000000
120.000000 248.000000
131.000000 261.000000
150.000000 274.000000
166.000000 281.000000
182.000000 281.000000
196.000000 275.000000
207.000000 265.000000
