208.000000 34.000000
167.000000 35.000000
129.000000 42.000000
94.000000 62.000000
83.000000 89.000000
77.000000 123.000000
67.000000 163.000000
66.000000 206.000000
73.000000 248.000000
90.000000 285.000000
121.000000 317.000000
187.000000 335.000000
248.000000 310.000000
275.000000 280.000000
281.000000 245.000000
290.000000 214.000000
299.000000 181.000000
303.000000 147.000000
286.000000 133.000000
290.000000 78.000000
267.000000 53.000000
238.000000 40.000000
182.000000 118.000000
167.000000 112.000000
152.000000 108.000000
138.000000 106.000000
125.000000 110.000000
126.000000 117.000000
138.000000 117.000000
152.000000 118.000000
166.000000 121.000000
180.000000 127.000000
279.000000 129.000000
271.000000 124.000000
260.000000 122.000000
248.000000 121.000000
234.000000 122.000000
236.000000 130.000000
249.000000 125.000000
259.000000 130.000000
270.000000 134.000000
276.000000 140.000000
179.000000 145.000000
172.000000 135.000000
160.000000 129.000000
148.000000 131.000000
138.000000 136.000000
146.000000 143.000000
158.000000 146.000000
169.000000 146.000000
272.000000 145.000000
262.000000 138.000000
250.000000 137.000000
240.000000 141.000000
232.000000 149.000000
242.000000 151.000000
253.000000 152.000000
264.000000 151.000000
157.000000 136.000000
251.000000 143.000000
192.000000 142.000000
187.000000 158.000000
182.000000 174.000000
174.000000 187.000000
171.000000 202.000000
185.000000 211.000000
202.000000 217.000000
220.000000 214.000000
235.000000 205.000000
233.000000 192.000000
227.000000 177.000000
223.000000 162.000000
221.000000 144.000000
240.000000 242.000000
226.000000 237.000000
212.000000 233.000000
200.000000 236.000000
188.000000 231.000000
172.000000 233.000000
155.000000 235.000000
165.000000 249.000000
176.000000 260.000000
191.000000 266.000000
205.000000 268.000000
218.000000 263.000000
230.000000 253.000000
