148.000000 75.000000
120.000000 91.000000
94.000000 119.000000
83.000000 146.000000
78.000000 173.000000
84.000000 201.000000
97.000000 230.000000
109.000000 261.000000
124.000000 283.000000
146.000000 307.000000
168.000000 327.000000
202.000000 332.000000
236.000000 313.000000
257.000000 284.000000
273.000000 253.000000
279.000000 224.000000
278.000000 192.000000
270.000000 160.000000
255.000000 132.000000
240.000000 109.000000
212.000000 94.000000
185.000000 79.000000
127.000000 176.000000
120.000000 172.000000
112.000000 173.000000
103.000000 174.000000
95.000000 177.000000
97.000000 183.000000
101.000000 181.000000
112.000000 182.000000
120.000000 178.000000
130.000000 178.000000
230.000000 146.000000
220.000000 144.000000
208.000000 144.000000
194.000000 146.000000
184.000000 153.000000
187.000000 158.000000
197.000000 151.000000
209.000000 153.000000
220.000000 154.000000
231.000000 153.000000
140.000000 191.000000
133.000000 183.000000
121.000000 181.000000
111.000000 186.000000
105.000000 193.000000
113.000000 197.000000
123.000000 197.000000
133.000000 194.000000
222.000000 165.000000
213.000000 161.000000
202.000000 161.000000
194.000000 167.000000
190.000000 177.000000
199.000000 177.000000
209.000000 176.000000
218.000000 171.000000
123.000000 189.000000
205.000000 168.000000
150.000000 185.000000
152.000000 201.000000
152.000000 216.000000
149.000000 231.000000
146.000000 244.000000
164.000000 250.000000
180.000000 251.000000
195.000000 242.000000
205.000000 230.000000
196.000000 219.000000
188.000000 206.000000
182.000000 193.000000
176.000000 178.000000
223.000000 256.000000
206.000000 257.000000
192.000000 258.000000
183.000000 262.000000
173.000000 262.000000
162.000000 268.000000
150.000000 272.000000
160.000000 281.000000
170.000000 286.000000
184.000000 287.000000
196.000000 284.000000
206.000000 277.000000
215.000000 268.000000
