164.000000 63.000000
133.000000 69.000000
105.000000 84.000000
83.000000 106.000000
69.000000 135.000000
64.000000 166.000000
64.000000 201.000000
68.000000 235.000000
78.000000 267.000000
100.000000 297.000000
125.000000 324.000000
167.000000 333.000000
209.000000 324.000000
239.000000 301.000000
266.000000 270.000000
273.000000 236.000000
277.000000 200.000000
273.000000 165.000000
264.000000 129.000000
250.000000 103.000000
224.000000 82.000000
195.000000 68.000000
143.000000 135.000000
128.000000 131.000000
114.000000 132.000000
99.000000 135.000000
89.000000 140.000000
89.000000 153.000000
103.000000 146.000000
118.000000 141.000000
128.000000 142.000000
141.000000 145.000000
247.000000 134.000000
236.000000 128.000000
221.000000 128.000000
209.000000 130.000000
196.000000 134.000000
198.000000 143.000000
211.000000 140.000000
223.000000 138.000000
234.000000 137.000000
246.000000 142.000000
142.000000 164.000000
133.000000 156.000000
121.000000 153.000000
110.000000 155.000000
102.000000 161.000000
110.000000 166.000000
121.000000 167.000000
132.000000 166.000000
236.000000 161.000000
227.000000 154.000000
215.000000 153.000000
205.000000 156.000000
195.000000 163.000000
205.000000 165.000000
216.000000 165.000000
226.000000 165.000000
120.000000 159.000000
216.000000 159.000000
154.000000 162.000000
149.000000 178.000000
145.000000 192.000000
138.000000 206.000000
135.000000 221.000000
150.000000 224.000000
165.000000 229.000000
186.000000 224.000000
201.000000 219.000000
197.000000 205.000000
191.000000 191.000000
186.000000 178.000000
182.000000 162.000000
209.000000 256.000000
195.000000 254.000000
181.000000 252.000000
169.000000 256.000000
155.000000 252.000000
141.000000 256.000000
124.000000 256.000000
136.000000 268.000000
148.000000 276.000000
162.000000 281.000000
175.000000 281.000000
187.000000 275.000000
199.000000 267.000000
