216.000000 54.000000
186.000000 59.000000
151.000000 71.000000
125.000000 91.000000
101.000000 117.000000
80.000000 147.000000
73.000000 184.000000
80.000000 224.000000
85.000000 267.000000
107.000000 298.000000
149.000000 330.000000
205.000000 333.000000
259.000000 309.000000
284.000000 275.000000
295.000000 243.000000
302.000000 213.000000
297.000000 185.000000
295.000000 150.000000
299.000000 119.000000
293.000000 93.000000
272.000000 72.000000
245.000000 59.000000
195.000000 119.000000
181.000000 114.000000
168.000000 113.000000
155.000000 116.000000
144.000000 121.000000
147.000000 126.000000
157.000000 122.000000
168.000000 121.000000
179.000000 122.000000
191.000000 125.000000
290.000000 121.000000
280.000000 116.000000
268.000000 114.000000
256.000000 116.000000
250.000000 124.000000
246.000000 131.000000
257.000000 123.000000
268.000000 121.000000
279.000000 121.000000
288.000000 125.000000
193.000000 149.000000
184.000000 140.000000
172.000000 137.000000
161.000000 139.000000
155.000000 146.000000
162.000000 150.000000
173.000000 151.000000
185.000000 150.000000
281.000000 148.000000
272.000000 141.000000
261.000000 139.000000
252.000000 143.000000
245.000000 150.000000
254.000000 153.000000
263.000000 153.000000
273.000000 152.000000
173.000000 144.000000
261.000000 146.000000
207.000000 146.000000
204.000000 160.000000
200.000000 173.000000
193.000000 185.000000
192.000000 199.000000
211.000000 204.000000
233.000000 208.000000
247.000000 206.000000
263.000000 195.000000
256.000000 180.000000
251.000000 168.000000
247.000000 160.000000
231.000000 146.000000
248.000000 234.000000
238.000000 226.000000
231.000000 224.000000
220.000000 224.000000
211.000000 224.000000
201.000000 228.000000
187.000000 236.000000
197.000000 243.000000
206.000000 245.000000
214.000000 245.000000
225.000000 243.000000
235.000000 244.000000
242.000000 241.000000
