170.000000 62.000000
136.000000 73.000000
107.000000 87.000000
85.000000 111.000000
70.000000 140.000000
68.000000 172.000000
71.000000 208.000000
74.000000 237.000000
85.000000 268.000000
105.000000 294.000000
132.000000 315.000000
170.000000 327.000000
211.000000 320.000000
244.000000 298.000000
263.000000 273.000000
270.000000 239.000000
273.000000 204.000000
273.000000 171.000000
268.000000 139.000000
253.000000 110.000000
230.000000 87.000000
201.000000 72.000000
140.000000 140.000000
126.000000 137.000000
113.000000 135.000000
100.000000 134.000000
88.000000 137.000000
89.000000 143.000000
100.000000 142.000000
112.000000 142.000000
125.000000 144.000000
138.000000 147.000000
248.000000 136.000000
235.000000 133.000000
222.000000 133.000000
209.000000 135.000000
198.000000 138.000000
200.000000 145.000000
211.000000 141.000000
223.000000 140.000000
235.000000 140.000000
246.000000 142.000000
142.000000 164.000000
135.000000 155.000000
123.000000 152.000000
112.000000 155.000000
103.000000 160.000000
111.000000 165.000000
122.000000 168.000000
134.000000 167.000000
235.000000 157.000000
225.000000 151.000000
213.000000 151.000000
203.000000 155.000000
195.000000 163.000000
205.000000 165.000000
217.000000 166.000000
227.000000 163.000000
123.000000 159.000000
216.000000 157.000000
154.000000 162.000000
151.000000 177.000000
147.000000 193.000000
142.000000 208.000000
139.000000 222.000000
151.000000 228.000000
167.000000 232.000000
185.000000 228.000000
199.000000 220.000000
195.000000 206.000000
189.000000 194.000000
185.000000 177.000000
182.000000 162.000000
217.000000 246.000000
196.000000 244.000000
180.000000 246.000000
170.000000 250.000000
159.000000 247.000000
145.000000 248.000000
128.000000 252.000000
139.000000 266.000000
151.000000 275.000000
163.000000 280.000000
180.000000 278.000000
194.000000 271.000000
207.000000 260.000000
