177.000000 37.000000
143.000000 44.000000
114.000000 60.000000
91.000000 86.000000
76.000000 117.000000
72.000000 151.000000
71.000000 186.000000
74.000000 225.000000
84.000000 264.000000
105.000000 300.000000
132.000000 324.000000
188.000000 337.000000
244.000000 315.000000
270.000000 285.000000
283.000000 251.000000
291.000000 217.000000
292.000000 178.000000
291.000000 141.000000
284.000000 108.000000
267.000000 78.000000
242.000000 55.000000
211.000000 41.000000
159.000000 111.000000
145.000000 105.000000
129.000000 102.000000
116.000000 108.000000
103.000000 115.000000
103.000000 120.000000
117.000000 118.000000
131.000000 118.000000
144.000000 120.000000
157.000000 123.000000
269.000000 108.000000
254.000000 102.000000
239.000000 101.000000
226.000000 104.000000
212.000000 111.000000
215.000000 121.000000
229.000000 118.000000
242.000000 115.000000
255.000000 114.000000
267.000000 116.000000
160.000000 143.000000
150.000000 135.000000
139.000000 132.000000
128.000000 133.000000
119.000000 139.000000
128.000000 144.000000
138.000000 145.000000
147.000000 144.000000
253.000000 136.000000
242.000000 131.000000
232.000000 130.000000
222.000000 133.000000
213.000000 141.000000
224.000000 143.000000
233.000000 143.000000
244.000000 142.000000
136.000000 137.000000
232.000000 136.000000
172.000000 140.000000
169.000000 156.000000
164.000000 172.000000
158.000000 188.000000
155.000000 205.000000
171.000000 210.000000
188.000000 214.000000
209.000000 210.000000
222.000000 201.000000
217.000000 186.000000
210.000000 172.000000
204.000000 156.000000
199.000000 139.000000
232.000000 239.000000
215.000000 236.000000
201.000000 235.000000
189.000000 239.000000
177.000000 236.000000
162.000000 239.000000
143.000000 240.000000
155.000000 253.000000
167.000000 262.000000
183.000000 268.000000
198.000000 268.000000
212.000000 261.000000
224.000000 251.000000
