191.000000 31.000000
151.000000 41.000000
119.000000 51.000000
92.000000 72.000000
78.000000 113.000000
69.000000 146.000000
67.000000 182.000000
67.000000 218.000000
72.000000 257.000000
92.000000 292.000000
116.000000 318.000000
162.000000 335.000000
203.000000 324.000000
234.000000 305.000000
260.000000 275.000000
271.000000 242.000000
274.000000 206.000000
279.000000 170.000000
284.000000 139.000000
273.000000 107.000000
257.000000 74.000000
228.000000 52.000000
160.000000 118.000000
144.000000 109.000000
128.000000 104.000000
111.000000 105.000000
96.000000 112.000000
98.000000 121.000000
113.000000 118.000000
127.000000 117.000000
142.000000 121.000000
156.000000 128.000000
269.000000 128.000000
256.000000 119.000000
243.000000 117.000000
229.000000 119.000000
214.000000 122.000000
214.000000 133.000000
230.000000 131.000000
244.000000 130.000000
256.000000 131.000000
266.000000 135.000000
153.000000 153.000000
144.000000 143.000000
132.000000 138.000000
121.000000 138.000000
110.000000 143.000000
117.000000 150.000000
129.000000 153.000000
141.000000 153.000000
251.000000 159.000000
243.000000 152.000000
232.000000 150.000000
220.000000 153.000000
210.000000 159.000000
220.000000 162.000000
232.000000 165.000000
243.000000 163.000000
130.000000 145.000000
231.000000 157.000000
166.000000 151.000000
160.000000 167.000000
154.000000 183.000000
145.000000 198.000000
143.000000 209.000000
161.000000 219.000000
174.000000 227.000000
192.000000 224.000000
209.000000 221.000000
206.000000 206.000000
202.000000 189.000000
198.000000 171.000000
196.000000 154.000000
215.000000 256.000000
200.000000 250.000000
185.000000 245.000000
172.000000 246.000000
162.000000 243.000000
145.000000 239.000000
123.000000 243.000000
135.000000 261.000000
147.000000 271.000000
161.000000 278.000000
175.000000 280.000000
189.000000 275.000000
201.000000 267.000000
