174.000000 75.000000
147.000000 81.000000
123.000000 95.000000
105.000000 116.000000
94.000000 141.000000
92.000000 168.000000
92.000000 201.000000
99.000000 235.000000
108.000000 265.000000
126.000000 283.000000
148.000000 308.000000
181.000000 313.000000
215.000000 297.000000
239.000000 275.000000
254.000000 248.000000
257.000000 220.000000
260.000000 189.000000
264.000000 156.000000
261.000000 130.000000
247.000000 107.000000
227.000000 88.000000
201.000000 78.000000
148.000000 150.000000
135.000000 141.000000
122.000000 140.000000
113.000000 141.000000
103.000000 147.000000
106.000000 153.000000
116.000000 151.000000
124.000000 155.000000
133.000000 150.000000
148.000000 158.000000
235.000000 139.000000
227.000000 137.000000
216.000000 138.000000
207.000000 139.000000
198.000000 150.000000
199.000000 147.000000
210.000000 149.000000
218.000000 149.000000
226.000000 147.000000
235.000000 150.000000
152.000000 169.000000
146.000000 159.000000
136.000000 155.000000
125.000000 157.000000
116.000000 162.000000
123.000000 168.000000
133.000000 170.000000
143.000000 169.000000
233.000000 162.000000
225.000000 156.000000
214.000000 155.000000
202.000000 156.000000
196.000000 164.000000
205.000000 166.000000
215.000000 165.000000
224.000000 163.000000
135.000000 162.000000
214.000000 158.000000
161.000000 166.000000
159.000000 181.000000
157.000000 194.000000
159.000000 205.000000
156.000000 218.000000
161.000000 229.000000
175.000000 233.000000
188.000000 228.000000
194.000000 217.000000
191.000000 205.000000
188.000000 192.000000
186.000000 180.000000
184.000000 165.000000
210.000000 249.000000
196.000000 247.000000
184.000000 245.000000
176.000000 248.000000
167.000000 246.000000
158.000000 249.000000
149.000000 252.000000
156.000000 261.000000
164.000000 267.000000
174.000000 269.000000
183.000000 269.000000
193.000000 265.000000
201.000000 258.000000
