163.000000 36.000000
132.000000 40.000000
100.000000 54.000000
75.000000 78.000000
63.000000 114.000000
58.000000 148.000000
58.000000 184.000000
63.000000 221.000000
74.000000 256.000000
91.000000 286.000000
121.000000 310.000000
167.000000 322.000000
216.000000 313.000000
254.000000 286.000000
273.000000 252.000000
281.000000 219.000000
287.000000 180.000000
287.000000 144.000000
281.000000 105.000000
260.000000 74.000000
233.000000 53.000000
202.000000 39.000000
142.000000 116.000000
127.000000 112.000000
112.000000 109.000000
97.000000 108.000000
83.000000 113.000000
84.000000 123.000000
99.000000 120.000000
113.000000 122.000000
127.000000 124.000000
140.000000 126.000000
254.000000 113.000000
241.000000 110.000000
227.000000 110.000000
213.000000 112.000000
199.000000 116.000000
200.000000 126.000000
215.000000 123.000000
229.000000 121.000000
242.000000 121.000000
254.000000 122.000000
137.000000 146.000000
130.000000 139.000000
119.000000 136.000000
108.000000 138.000000
99.000000 143.000000
107.000000 147.000000
118.000000 149.000000
128.000000 148.000000
238.000000 143.000000
228.000000 138.000000
218.000000 137.000000
208.000000 139.000000
199.000000 146.000000
209.000000 148.000000
220.000000 149.000000
231.000000 148.000000
117.000000 141.000000
217.000000 142.000000
152.000000 144.000000
148.000000 161.000000
143.000000 176.000000
138.000000 191.000000
134.000000 208.000000
150.000000 215.000000
167.000000 220.000000
184.000000 216.000000
199.000000 208.000000
198.000000 193.000000
193.000000 179.000000
188.000000 162.000000
185.000000 145.000000
217.000000 232.000000
197.000000 228.000000
184.000000 228.000000
169.000000 234.000000
155.000000 234.000000
139.000000 232.000000
121.000000 239.000000
131.000000 249.000000
146.000000 261.000000
161.000000 263.000000
176.000000 264.000000
191.000000 261.000000
205.000000 251.000000
