173.000000 57.000000
142.000000 63.000000
114.000000 79.000000
93.000000 102.000000
79.000000 130.000000
75.000000 162.000000
78.000000 194.000000
83.000000 228.000000
92.000000 259.000000
107.000000 287.000000
129.000000 314.000000
185.000000 331.000000
225.000000 310.000000
247.000000 281.000000
263.000000 253.000000
270.000000 221.000000
275.000000 188.000000
277.000000 154.000000
271.000000 124.000000
256.000000 96.000000
233.000000 74.000000
204.000000 61.000000
155.000000 125.000000
140.000000 124.000000
129.000000 123.000000
116.000000 128.000000
101.000000 129.000000
104.000000 139.000000
118.000000 137.000000
129.000000 134.000000
143.000000 135.000000
153.000000 134.000000
256.000000 134.000000
246.000000 129.000000
232.000000 128.000000
220.000000 126.000000
206.000000 128.000000
209.000000 137.000000
224.000000 135.000000
236.000000 136.000000
248.000000 138.000000
256.000000 145.000000
156.000000 158.000000
148.000000 149.000000
137.000000 145.000000
124.000000 145.000000
115.000000 151.000000
122.000000 158.000000
134.000000 159.000000
145.000000 159.000000
244.000000 150.000000
236.000000 144.000000
225.000000 143.000000
215.000000 146.000000
206.000000 154.000000
216.000000 157.000000
226.000000 157.000000
237.000000 155.000000
132.000000 151.000000
225.000000 149.000000
168.000000 152.000000
165.000000 167.000000
161.000000 181.000000
155.000000 195.000000
156.000000 208.000000
166.000000 217.000000
184.000000 221.000000
200.000000 216.000000
213.000000 207.000000
210.000000 194.000000
204.000000 182.000000
199.000000 167.000000
195.000000 152.000000
226.000000 240.000000
208.000000 238.000000
195.000000 235.000000
184.000000 238.000000
171.000000 235.000000
157.000000 240.000000
137.000000 244.000000
152.000000 256.000000
163.000000 265.000000
177.000000 271.000000
191.000000 270.000000
204.000000 265.000000
217.000000 251.000000
