178.000000 90.000000
151.000000 96.000000
129.000000 111.000000
112.000000 132.000000
102.000000 157.000000
106.000000 183.000000
111.000000 209.000000
118.000000 238.000000
131.000000 264.000000
148.000000 285.000000
173.000000 301.000000
207.000000 308.000000
236.000000 293.000000
255.000000 271.000000
262.000000 248.000000
264.000000 223.000000
263.000000 197.000000
264.000000 167.000000
261.000000 142.000000
250.000000 118.000000
229.000000 101.000000
204.000000 91.000000
168.000000 157.000000
156.000000 155.000000
143.000000 154.000000
131.000000 153.000000
119.000000 159.000000
121.000000 167.000000
133.000000 165.000000
145.000000 165.000000
156.000000 165.000000
168.000000 166.000000
253.000000 146.000000
244.000000 143.000000
233.000000 145.000000
223.000000 149.000000
213.000000 153.000000
215.000000 161.000000
226.000000 158.000000
236.000000 155.000000
245.000000 154.000000
254.000000 154.000000
170.000000 182.000000
162.000000 174.000000
152.000000 172.000000
142.000000 174.000000
135.000000 180.000000
142.000000 185.000000
151.000000 186.000000
160.000000 184.000000
244.000000 168.000000
236.000000 164.000000
227.000000 164.000000
218.000000 168.000000
213.000000 177.000000
222.000000 178.000000
231.000000 177.000000
239.000000 174.000000
149.000000 178.000000
228.000000 170.000000
180.000000 178.000000
180.000000 191.000000
178.000000 204.000000
175.000000 216.000000
174.000000 229.000000
186.000000 235.000000
199.000000 239.000000
212.000000 232.000000
222.000000 223.000000
218.000000 212.000000
213.000000 201.000000
208.000000 188.000000
204.000000 176.000000
231.000000 253.000000
220.000000 252.000000
209.000000 252.000000
201.000000 256.000000
191.000000 254.000000
180.000000 258.000000
168.000000 260.000000
178.000000 268.000000
187.000000 274.000000
199.000000 278.000000
209.000000 277.000000
218.000000 271.000000
225.000000 264.000000
