181.000000 15.000000
146.000000 21.000000
115.000000 38.000000
91.000000 63.000000
75.000000 94.000000
70.000000 129.000000
76.000000 167.000000
86.000000 203.000000
98.000000 237.000000
114.000000 267.000000
140.000000 291.000000
182.000000 305.000000
226.000000 291.000000
253.000000 264.000000
271.000000 231.000000
281.000000 197.000000
290.000000 163.000000
295.000000 127.000000
289.000000 92.000000
273.000000 61.000000
248.000000 36.000000
216.000000 20.000000
153.000000 97.000000
134.000000 90.000000
119.000000 87.000000
103.000000 88.000000
90.000000 95.000000
93.000000 102.000000
105.000000 96.000000
119.000000 96.000000
134.000000 98.000000
149.000000 107.000000
272.000000 95.000000
258.000000 89.000000
241.000000 87.000000
225.000000 89.000000
212.000000 95.000000
214.000000 102.000000
227.000000 97.000000
242.000000 95.000000
258.000000 96.000000
269.000000 101.000000
152.000000 123.000000
143.000000 113.000000
130.000000 108.000000
117.000000 111.000000
109.000000 119.000000
117.000000 125.000000
129.000000 126.000000
141.000000 125.000000
255.000000 117.000000
245.000000 110.000000
231.000000 109.000000
220.000000 113.000000
212.000000 123.000000
223.000000 125.000000
236.000000 125.000000
248.000000 124.000000
129.000000 116.000000
234.000000 116.000000
166.000000 120.000000
164.000000 136.000000
161.000000 153.000000
156.000000 171.000000
150.000000 187.000000
162.000000 196.000000
181.000000 202.000000
202.000000 196.000000
215.000000 185.000000
209.000000 169.000000
203.000000 152.000000
200.000000 135.000000
198.000000 120.000000
223.000000 225.000000
208.000000 217.000000
194.000000 213.000000
182.000000 217.000000
168.000000 214.000000
153.000000 219.000000
137.000000 226.000000
149.000000 239.000000
160.000000 248.000000
175.000000 253.000000
190.000000 253.000000
203.000000 247.000000
214.000000 238.000000
