179.000000 87.000000
150.000000 90.000000
123.000000 103.000000
102.000000 123.000000
87.000000 149.000000
85.000000 178.000000
89.000000 208.000000
93.000000 239.000000
100.000000 265.000000
119.000000 286.000000
140.000000 308.000000
170.000000 323.000000
202.000000 311.000000
222.000000 290.000000
238.000000 269.000000
248.000000 242.000000
254.000000 214.000000
257.000000 181.000000
259.000000 153.000000
254.000000 127.000000
234.000000 106.000000
208.000000 92.000000
151.000000 158.000000
139.000000 155.000000
126.000000 152.000000
115.000000 151.000000
104.000000 150.000000
103.000000 160.000000
115.000000 161.000000
125.000000 163.000000
138.000000 162.000000
150.000000 166.000000
251.000000 157.000000
237.000000 153.000000
224.000000 153.000000
211.000000 155.000000
196.000000 159.000000
198.000000 167.000000
212.000000 163.000000
224.000000 160.000000
237.000000 159.000000
248.000000 162.000000
149.000000 185.000000
144.000000 174.000000
134.000000 168.000000
123.000000 170.000000
114.000000 174.000000
119.000000 182.000000
130.000000 186.000000
141.000000 186.000000
235.000000 180.000000
227.000000 172.000000
216.000000 171.000000
206.000000 175.000000
199.000000 185.000000
208.000000 187.000000
219.000000 188.000000
229.000000 186.000000
133.000000 177.000000
217.000000 178.000000
160.000000 181.000000
158.000000 196.000000
155.000000 211.000000
151.000000 225.000000
146.000000 239.000000
157.000000 250.000000
171.000000 255.000000
187.000000 251.000000
198.000000 241.000000
195.000000 227.000000
190.000000 212.000000
187.000000 197.000000
187.000000 181.000000
204.000000 275.000000
191.000000 273.000000
180.000000 270.000000
171.000000 272.000000
161.000000 269.000000
152.000000 272.000000
139.000000 272.000000
147.000000 283.000000
155.000000 290.000000
166.000000 294.000000
176.000000 294.000000
187.000000 290.000000
196.000000 284.000000
