174.000000 42.000000
143.000000 51.000000
111.000000 69.000000
90.000000 93.000000
82.000000 126.000000
81.000000 157.000000
83.000000 193.000000
86.000000 226.000000
93.000000 261.000000
116.000000 289.000000
144.000000 310.000000
182.000000 321.000000
222.000000 309.000000
247.000000 282.000000
264.000000 252.000000
269.000000 222.000000
273.000000 185.000000
274.000000 153.000000
271.000000 123.000000
256.000000 95.000000
236.000000 68.000000
209.000000 51.000000
156.000000 118.000000
142.000000 114.000000
127.000000 112.000000
113.000000 114.000000
101.000000 120.000000
103.000000 128.000000
116.000000 125.000000
129.000000 124.000000
141.000000 125.000000
153.000000 128.000000
259.000000 124.000000
247.000000 117.000000
233.000000 114.000000
220.000000 115.000000
207.000000 118.000000
209.000000 127.000000
222.000000 126.000000
234.000000 125.000000
246.000000 127.000000
256.000000 130.000000
157.000000 153.000000
148.000000 145.000000
136.000000 141.000000
124.000000 142.000000
116.000000 148.000000
124.000000 153.000000
136.000000 154.000000
147.000000 153.000000
245.000000 148.000000
236.000000 143.000000
226.000000 142.000000
216.000000 144.000000
209.000000 151.000000
219.000000 154.000000
228.000000 154.000000
238.000000 153.000000
134.000000 147.000000
227.000000 148.000000
170.000000 153.000000
167.000000 169.000000
163.000000 184.000000
157.000000 197.000000
157.000000 210.000000
167.000000 214.000000
182.000000 219.000000
200.000000 214.000000
211.000000 209.000000
207.000000 197.000000
201.000000 186.000000
196.000000 167.000000
194.000000 153.000000
218.000000 247.000000
207.000000 239.000000
194.000000 237.000000
183.000000 240.000000
170.000000 237.000000
157.000000 240.000000
143.000000 244.000000
154.000000 255.000000
164.000000 262.000000
177.000000 267.000000
189.000000 267.000000
200.000000 261.000000
210.000000 255.000000
