150.000000 32.000000
108.000000 36.000000
81.000000 57.000000
68.000000 88.000000
63.000000 121.000000
64.000000 146.000000
65.000000 173.000000
66.000000 200.000000
69.000000 229.000000
82.000000 291.000000
117.000000 330.000000
150.000000 329.000000
188.000000 314.000000
222.000000 291.000000
242.000000 265.000000
259.000000 234.000000
262.000000 198.000000
259.000000 170.000000
251.000000 138.000000
243.000000 108.000000
228.000000 74.000000
199.000000 42.000000
114.000000 119.000000
103.000000 116.000000
92.000000 114.000000
81.000000 114.000000
72.000000 120.000000
73.000000 127.000000
82.000000 124.000000
92.000000 124.000000
102.000000 126.000000
112.000000 128.000000
205.000000 121.000000
195.000000 113.000000
182.000000 109.000000
169.000000 110.000000
156.000000 114.000000
157.000000 124.000000
170.000000 121.000000
183.000000 119.000000
194.000000 121.000000
201.000000 125.000000
115.000000 150.000000
109.000000 141.000000
99.000000 135.000000
89.000000 137.000000
82.000000 143.000000
87.000000 150.000000
97.000000 152.000000
106.000000 152.000000
193.000000 145.000000
185.000000 138.000000
175.000000 136.000000
165.000000 140.000000
157.000000 150.000000
167.000000 152.000000
177.000000 152.000000
187.000000 150.000000
98.000000 143.000000
176.000000 143.000000
123.000000 147.000000
111.000000 159.000000
107.000000 171.000000
99.000000 187.000000
96.000000 202.000000
110.000000 217.000000
127.000000 217.000000
149.000000 213.000000
157.000000 201.000000
150.000000 189.000000
146.000000 178.000000
142.000000 158.000000
141.000000 147.000000
165.000000 256.000000
156.000000 247.000000
145.000000 242.000000
135.000000 242.000000
121.000000 242.000000
108.000000 245.000000
92.000000 257.000000
102.000000 260.000000
113.000000 263.000000
124.000000 265.000000
136.000000 265.000000
147.000000 263.000000
156.000000 260.000000
