103.000000 17.000000
71.000000 33.000000
47.000000 51.000000
30.000000 76.000000
21.000000 105.000000
30.000000 133.000000
38.000000 165.000000
45.000000 192.000000
55.000000 221.000000
72.000000 249.000000
93.000000 281.000000
156.000000 322.000000
219.000000 297.000000
254.000000 265.000000
280.000000 227.000000
289.000000 190.000000
288.000000 137.000000
278.000000 100.000000
262.000000 62.000000
240.000000 28.000000
191.000000 21.000000
146.000000 15.000000
82.000000 91.000000
68.000000 90.000000
55.000000 92.000000
43.000000 96.000000
32.000000 104.000000
36.000000 110.000000
46.000000 105.000000
57.000000 102.000000
68.000000 101.000000
81.000000 101.000000
204.000000 72.000000
184.000000 73.000000
166.000000 73.000000
153.000000 76.000000
131.000000 83.000000
133.000000 93.000000
157.000000 86.000000
170.000000 85.000000
187.000000 84.000000
203.000000 84.000000
86.000000 122.000000
78.000000 114.000000
67.000000 112.000000
56.000000 115.000000
49.000000 124.000000
55.000000 130.000000
68.000000 130.000000
80.000000 127.000000
206.000000 95.000000
190.000000 93.000000
175.000000 91.000000
160.000000 97.000000
152.000000 108.000000
168.000000 113.000000
179.000000 109.000000
192.000000 107.000000
69.000000 120.000000
179.000000 100.000000
95.000000 115.000000
95.000000 131.000000
94.000000 144.000000
90.000000 157.000000
87.000000 173.000000
86.000000 194.000000
110.000000 204.000000
137.000000 194.000000
152.000000 177.000000
140.000000 160.000000
131.000000 145.000000
126.000000 126.000000
122.000000 111.000000
195.000000 231.000000
177.000000 228.000000
167.000000 256.000000
148.000000 231.000000
123.000000 238.000000
104.000000 239.000000
96.000000 249.000000
102.000000 257.000000
111.000000 264.000000
129.000000 269.000000
149.000000 263.000000
165.000000 230.000000
182.000000 246.000000
