169.000000 35.000000
135.000000 41.000000
104.000000 58.000000
80.000000 84.000000
72.000000 115.000000
72.000000 151.000000
74.000000 185.000000
81.000000 216.000000
93.000000 250.000000
112.000000 276.000000
136.000000 298.000000
173.000000 309.000000
211.000000 296.000000
240.000000 271.000000
260.000000 243.000000
271.000000 212.000000
270.000000 179.000000
272.000000 145.000000
269.000000 106.000000
262.000000 78.000000
236.000000 54.000000
204.000000 39.000000
135.000000 115.000000
124.000000 113.000000
112.000000 111.000000
100.000000 112.000000
88.000000 115.000000
92.000000 127.000000
101.000000 124.000000
113.000000 125.000000
121.000000 122.000000
137.000000 126.000000
249.000000 112.000000
237.000000 107.000000
226.000000 106.000000
209.000000 111.000000
192.000000 111.000000
196.000000 123.000000
212.000000 121.000000
228.000000 117.000000
240.000000 118.000000
250.000000 121.000000
143.000000 144.000000
135.000000 134.000000
122.000000 130.000000
109.000000 130.000000
99.000000 136.000000
108.000000 144.000000
119.000000 147.000000
131.000000 146.000000
239.000000 132.000000
230.000000 125.000000
216.000000 124.000000
205.000000 130.000000
196.000000 141.000000
208.000000 144.000000
222.000000 145.000000
233.000000 140.000000
120.000000 138.000000
218.000000 133.000000
155.000000 137.000000
151.000000 154.000000
148.000000 170.000000
143.000000 187.000000
137.000000 206.000000
148.000000 216.000000
167.000000 223.000000
185.000000 216.000000
198.000000 204.000000
193.000000 187.000000
189.000000 172.000000
184.000000 153.000000
183.000000 138.000000
209.000000 242.000000
194.000000 241.000000
179.000000 239.000000
169.000000 242.000000
159.000000 239.000000
145.000000 242.000000
131.000000 242.000000
140.000000 253.000000
150.000000 261.000000
164.000000 266.000000
179.000000 266.000000
191.000000 260.000000
201.000000 253.000000
