138.000000 56.000000
106.000000 66.000000
79.000000 85.000000
59.000000 112.000000
55.000000 137.000000
66.000000 172.000000
76.000000 207.000000
87.000000 237.000000
101.000000 263.000000
120.000000 293.000000
133.000000 320.000000
172.000000 327.000000
206.000000 313.000000
236.000000 286.000000
256.000000 253.000000
262.000000 219.000000
262.000000 182.000000
259.000000 147.000000
249.000000 115.000000
230.000000 88.000000
203.000000 68.000000
171.000000 57.000000
108.000000 137.000000
96.000000 133.000000
86.000000 135.000000
74.000000 138.000000
58.000000 144.000000
62.000000 150.000000
72.000000 150.000000
86.000000 147.000000
97.000000 142.000000
111.000000 147.000000
220.000000 119.000000
198.000000 113.000000
183.000000 113.000000
163.000000 113.000000
145.000000 122.000000
147.000000 137.000000
166.000000 129.000000
186.000000 128.000000
204.000000 127.000000
218.000000 125.000000
115.000000 166.000000
107.000000 157.000000
95.000000 155.000000
84.000000 159.000000
79.000000 167.000000
86.000000 171.000000
97.000000 172.000000
108.000000 170.000000
211.000000 148.000000
201.000000 142.000000
185.000000 141.000000
168.000000 152.000000
174.000000 157.000000
184.000000 159.000000
195.000000 158.000000
205.000000 155.000000
97.000000 164.000000
192.000000 149.000000
121.000000 164.000000
119.000000 179.000000
117.000000 197.000000
112.000000 210.000000
110.000000 223.000000
127.000000 233.000000
144.000000 230.000000
158.000000 228.000000
161.000000 219.000000
161.000000 204.000000
154.000000 188.000000
146.000000 173.000000
143.000000 159.000000
191.000000 259.000000
176.000000 255.000000
166.000000 253.000000
155.000000 254.000000
137.000000 255.000000
121.000000 260.000000
113.000000 267.000000
127.000000 278.000000
139.000000 283.000000
157.000000 284.000000
168.000000 278.000000
178.000000 273.000000
185.000000 266.000000
