147.000000 76.000000
112.000000 89.000000
85.000000 107.000000
65.000000 129.000000
64.000000 150.000000
69.000000 182.000000
71.000000 214.000000
84.000000 242.000000
92.000000 266.000000
104.000000 293.000000
118.000000 315.000000
145.000000 327.000000
179.000000 319.000000
217.000000 298.000000
239.000000 276.000000
254.000000 242.000000
255.000000 208.000000
250.000000 177.000000
244.000000 143.000000
226.000000 120.000000
206.000000 98.000000
182.000000 84.000000
111.000000 152.000000
98.000000 149.000000
85.000000 147.000000
73.000000 146.000000
63.000000 152.000000
62.000000 156.000000
75.000000 154.000000
86.000000 155.000000
98.000000 158.000000
109.000000 160.000000
214.000000 148.000000
202.000000 142.000000
188.000000 141.000000
175.000000 144.000000
161.000000 148.000000
163.000000 156.000000
176.000000 152.000000
189.000000 150.000000
201.000000 150.000000
211.000000 152.000000
112.000000 179.000000
106.000000 167.000000
98.000000 165.000000
88.000000 168.000000
81.000000 173.000000
88.000000 179.000000
96.000000 181.000000
104.000000 181.000000
197.000000 173.000000
189.000000 166.000000
177.000000 165.000000
168.000000 169.000000
161.000000 178.000000
170.000000 180.000000
180.000000 180.000000
190.000000 178.000000
100.000000 170.000000
184.000000 169.000000
121.000000 174.000000
120.000000 190.000000
118.000000 205.000000
115.000000 221.000000
111.000000 236.000000
121.000000 243.000000
135.000000 247.000000
151.000000 243.000000
163.000000 234.000000
157.000000 219.000000
152.000000 204.000000
149.000000 189.000000
148.000000 173.000000
173.000000 268.000000
160.000000 265.000000
148.000000 263.000000
138.000000 266.000000
126.000000 264.000000
117.000000 267.000000
107.000000 269.000000
116.000000 277.000000
125.000000 282.000000
135.000000 285.000000
146.000000 285.000000
155.000000 281.000000
164.000000 276.000000
