148.000000 58.000000
112.000000 64.000000
82.000000 82.000000
64.000000 110.000000
62.000000 157.000000
67.000000 190.000000
68.000000 222.000000
77.000000 252.000000
91.000000 280.000000
113.000000 301.000000
140.000000 321.000000
178.000000 327.000000
212.000000 312.000000
237.000000 287.000000
269.000000 257.000000
278.000000 226.000000
276.000000 197.000000
270.000000 158.000000
262.000000 127.000000
250.000000 97.000000
220.000000 69.000000
189.000000 57.000000
128.000000 149.000000
114.000000 147.000000
100.000000 146.000000
88.000000 148.000000
78.000000 154.000000
82.000000 159.000000
90.000000 156.000000
100.000000 154.000000
113.000000 154.000000
126.000000 156.000000
233.000000 133.000000
218.000000 132.000000
206.000000 134.000000
194.000000 138.000000
182.000000 145.000000
184.000000 150.000000
196.000000 146.000000
208.000000 142.000000
220.000000 140.000000
231.000000 140.000000
132.000000 173.000000
123.000000 166.000000
112.000000 164.000000
102.000000 166.000000
95.000000 172.000000
103.000000 176.000000
113.000000 177.000000
123.000000 176.000000
222.000000 159.000000
212.000000 154.000000
201.000000 154.000000
192.000000 159.000000
185.000000 166.000000
195.000000 167.000000
205.000000 166.000000
215.000000 163.000000
112.000000 170.000000
204.000000 159.000000
144.000000 170.000000
140.000000 186.000000
137.000000 201.000000
131.000000 216.000000
130.000000 232.000000
144.000000 236.000000
163.000000 238.000000
179.000000 232.000000
193.000000 222.000000
190.000000 210.000000
182.000000 196.000000
176.000000 184.000000
171.000000 168.000000
205.000000 257.000000
189.000000 257.000000
176.000000 256.000000
167.000000 260.000000
157.000000 259.000000
145.000000 264.000000
131.000000 268.000000
143.000000 275.000000
153.000000 279.000000
164.000000 280.000000
176.000000 278.000000
186.000000 273.000000
195.000000 266.000000
