173.000000 61.000000
143.000000 64.000000
116.000000 77.000000
94.000000 97.000000
79.000000 124.000000
73.000000 154.000000
77.000000 186.000000
82.000000 217.000000
90.000000 248.000000
106.000000 275.000000
126.000000 296.000000
160.000000 310.000000
195.000000 302.000000
225.000000 280.000000
246.000000 253.000000
255.000000 222.000000
262.000000 192.000000
266.000000 161.000000
263.000000 131.000000
250.000000 103.000000
229.000000 81.000000
203.000000 66.000000
138.000000 132.000000
125.000000 128.000000
112.000000 125.000000
99.000000 125.000000
86.000000 129.000000
85.000000 138.000000
99.000000 136.000000
112.000000 136.000000
124.000000 139.000000
135.000000 141.000000
245.000000 135.000000
232.000000 130.000000
216.000000 127.000000
201.000000 129.000000
188.000000 134.000000
189.000000 144.000000
203.000000 141.000000
217.000000 139.000000
230.000000 140.000000
242.000000 142.000000
136.000000 160.000000
130.000000 151.000000
119.000000 146.000000
108.000000 147.000000
99.000000 153.000000
106.000000 160.000000
118.000000 162.000000
128.000000 162.000000
228.000000 157.000000
220.000000 151.000000
210.000000 150.000000
201.000000 154.000000
194.000000 161.000000
203.000000 164.000000
213.000000 165.000000
223.000000 163.000000
118.000000 154.000000
211.000000 156.000000
147.000000 153.000000
147.000000 170.000000
144.000000 186.000000
140.000000 201.000000
132.000000 216.000000
142.000000 226.000000
160.000000 233.000000
180.000000 228.000000
193.000000 219.000000
187.000000 204.000000
184.000000 188.000000
181.000000 172.000000
180.000000 154.000000
198.000000 251.000000
182.000000 249.000000
170.000000 246.000000
161.000000 249.000000
151.000000 245.000000
139.000000 247.000000
125.000000 248.000000
136.000000 258.000000
146.000000 264.000000
155.000000 264.000000
168.000000 264.000000
179.000000 265.000000
187.000000 261.000000
