162.000000 77.000000
131.000000 83.000000
104.000000 99.000000
91.000000 129.000000
84.000000 154.000000
86.000000 181.000000
95.000000 211.000000
102.000000 245.000000
113.000000 274.000000
129.000000 298.000000
148.000000 320.000000
183.000000 331.000000
216.000000 315.000000
238.000000 292.000000
255.000000 265.000000
260.000000 234.000000
261.000000 202.000000
260.000000 170.000000
255.000000 136.000000
246.000000 113.000000
222.000000 92.000000
193.000000 80.000000
145.000000 158.000000
132.000000 155.000000
119.000000 153.000000
107.000000 151.000000
94.000000 155.000000
96.000000 165.000000
108.000000 162.000000
120.000000 164.000000
132.000000 166.000000
145.000000 168.000000
246.000000 150.000000
233.000000 147.000000
221.000000 150.000000
209.000000 153.000000
197.000000 158.000000
199.000000 166.000000
212.000000 163.000000
223.000000 161.000000
234.000000 158.000000
245.000000 158.000000
148.000000 187.000000
140.000000 177.000000
128.000000 174.000000
116.000000 176.000000
108.000000 183.000000
115.000000 189.000000
127.000000 191.000000
138.000000 190.000000
236.000000 176.000000
228.000000 170.000000
216.000000 170.000000
206.000000 174.000000
199.000000 184.000000
209.000000 186.000000
221.000000 187.000000
230.000000 183.000000
129.000000 182.000000
220.000000 176.000000
159.000000 184.000000
157.000000 198.000000
155.000000 212.000000
151.000000 227.000000
149.000000 242.000000
161.000000 250.000000
177.000000 253.000000
193.000000 248.000000
203.000000 239.000000
199.000000 225.000000
194.000000 211.000000
189.000000 196.000000
186.000000 182.000000
212.000000 271.000000
198.000000 271.000000
188.000000 270.000000
179.000000 274.000000
169.000000 272.000000
157.000000 275.000000
142.000000 276.000000
155.000000 284.000000
165.000000 288.000000
176.000000 290.000000
186.000000 289.000000
194.000000 285.000000
203.000000 279.000000
