174.000000 56.000000
146.000000 65.000000
122.000000 76.000000
103.000000 102.000000
88.000000 132.000000
83.000000 157.000000
84.000000 189.000000
86.000000 218.000000
94.000000 245.000000
109.000000 270.000000
128.000000 293.000000
160.000000 310.000000
197.000000 299.000000
221.000000 277.000000
240.000000 252.000000
248.000000 224.000000
254.000000 197.000000
257.000000 170.000000
254.000000 142.000000
243.000000 117.000000
225.000000 85.000000
204.000000 66.000000
146.000000 134.000000
132.000000 129.000000
120.000000 127.000000
109.000000 129.000000
99.000000 135.000000
101.000000 142.000000
111.000000 138.000000
121.000000 136.000000
131.000000 137.000000
143.000000 141.000000
236.000000 139.000000
225.000000 134.000000
214.000000 133.000000
203.000000 134.000000
191.000000 138.000000
192.000000 145.000000
204.000000 142.000000
215.000000 141.000000
225.000000 142.000000
234.000000 146.000000
143.000000 160.000000
139.000000 152.000000
128.000000 145.000000
119.000000 150.000000
112.000000 155.000000
117.000000 159.000000
126.000000 160.000000
136.000000 161.000000
224.000000 161.000000
218.000000 155.000000
209.000000 153.000000
199.000000 154.000000
192.000000 160.000000
200.000000 163.000000
209.000000 163.000000
217.000000 163.000000
128.000000 152.000000
208.000000 158.000000
155.000000 157.000000
150.000000 171.000000
146.000000 185.000000
140.000000 197.000000
136.000000 212.000000
148.000000 219.000000
163.000000 222.000000
178.000000 220.000000
190.000000 213.000000
189.000000 201.000000
185.000000 187.000000
181.000000 173.000000
180.000000 159.000000
198.000000 243.000000
185.000000 237.000000
174.000000 233.000000
162.000000 234.000000
152.000000 232.000000
140.000000 235.000000
128.000000 237.000000
133.000000 250.000000
140.000000 261.000000
156.000000 267.000000
168.000000 266.000000
182.000000 264.000000
190.000000 256.000000
