174.000000 48.000000
142.000000 57.000000
118.000000 78.000000
104.000000 100.000000
94.000000 128.000000
89.000000 154.000000
88.000000 182.000000
90.000000 209.000000
96.000000 237.000000
114.000000 260.000000
138.000000 295.000000
173.000000 303.000000
211.000000 282.000000
233.000000 262.000000
246.000000 237.000000
251.000000 212.000000
254.000000 185.000000
257.000000 158.000000
253.000000 132.000000
244.000000 102.000000
228.000000 76.000000
203.000000 58.000000
158.000000 133.000000
146.000000 130.000000
135.000000 127.000000
124.000000 126.000000
114.000000 134.000000
115.000000 146.000000
125.000000 135.000000
135.000000 137.000000
146.000000 139.000000
157.000000 142.000000
240.000000 136.000000
230.000000 132.000000
219.000000 131.000000
209.000000 132.000000
197.000000 135.000000
198.000000 143.000000
210.000000 141.000000
221.000000 140.000000
230.000000 140.000000
238.000000 142.000000
156.000000 158.000000
149.000000 150.000000
140.000000 147.000000
130.000000 147.000000
122.000000 151.000000
128.000000 156.000000
137.000000 158.000000
147.000000 159.000000
227.000000 154.000000
219.000000 149.000000
210.000000 149.000000
202.000000 152.000000
196.000000 159.000000
204.000000 161.000000
213.000000 162.000000
222.000000 160.000000
137.000000 152.000000
211.000000 155.000000
167.000000 156.000000
164.000000 168.000000
161.000000 181.000000
156.000000 193.000000
151.000000 206.000000
162.000000 212.000000
176.000000 216.000000
190.000000 213.000000
200.000000 206.000000
196.000000 195.000000
192.000000 183.000000
188.000000 169.000000
186.000000 156.000000
202.000000 237.000000
193.000000 232.000000
184.000000 229.000000
175.000000 231.000000
166.000000 229.000000
154.000000 231.000000
142.000000 234.000000
150.000000 242.000000
159.000000 247.000000
170.000000 250.000000
179.000000 250.000000
188.000000 247.000000
196.000000 243.000000
