202.000000 47.000000
171.000000 55.000000
139.000000 67.000000
109.000000 93.000000
96.000000 117.000000
88.000000 154.000000
80.000000 192.000000
85.000000 231.000000
99.000000 267.000000
122.000000 293.000000
143.000000 313.000000
186.000000 329.000000
219.000000 313.000000
238.000000 287.000000
252.000000 260.000000
265.000000 233.000000
273.000000 204.000000
280.000000 175.000000
282.000000 141.000000
275.000000 116.000000
259.000000 78.000000
232.000000 57.000000
175.000000 140.000000
162.000000 136.000000
149.000000 132.000000
137.000000 131.000000
126.000000 133.000000
127.000000 138.000000
137.000000 137.000000
149.000000 139.000000
160.000000 142.000000
174.000000 152.000000
275.000000 145.000000
264.000000 141.000000
251.000000 141.000000
239.000000 143.000000
227.000000 145.000000
227.000000 151.000000
239.000000 148.000000
252.000000 147.000000
264.000000 146.000000
273.000000 149.000000
176.000000 170.000000
167.000000 159.000000
155.000000 153.000000
143.000000 154.000000
133.000000 161.000000
141.000000 168.000000
152.000000 170.000000
162.000000 170.000000
264.000000 169.000000
256.000000 161.000000
243.000000 160.000000
232.000000 164.000000
223.000000 173.000000
234.000000 176.000000
246.000000 177.000000
256.000000 175.000000
153.000000 160.000000
244.000000 168.000000
189.000000 171.000000
184.000000 187.000000
179.000000 203.000000
175.000000 218.000000
175.000000 231.000000
185.000000 238.000000
197.000000 245.000000
210.000000 244.000000
227.000000 236.000000
224.000000 220.000000
223.000000 205.000000
218.000000 186.000000
214.000000 173.000000
232.000000 269.000000
216.000000 263.000000
204.000000 260.000000
194.000000 262.000000
183.000000 259.000000
170.000000 261.000000
152.000000 265.000000
162.000000 274.000000
172.000000 283.000000
185.000000 290.000000
198.000000 291.000000
209.000000 285.000000
219.000000 277.000000
