168.000000 88.000000
138.000000 94.000000
111.000000 108.000000
95.000000 125.000000
83.000000 153.000000
84.000000 183.000000
88.000000 215.000000
97.000000 244.000000
105.000000 272.000000
122.000000 297.000000
144.000000 318.000000
176.000000 327.000000
211.000000 316.000000
232.000000 294.000000
252.000000 269.000000
263.000000 240.000000
266.000000 211.000000
266.000000 183.000000
260.000000 153.000000
246.000000 127.000000
224.000000 106.000000
197.000000 92.000000
147.000000 164.000000
133.000000 161.000000
121.000000 158.000000
108.000000 157.000000
94.000000 161.000000
99.000000 172.000000
109.000000 164.000000
121.000000 165.000000
133.000000 168.000000
145.000000 171.000000
247.000000 156.000000
233.000000 155.000000
221.000000 156.000000
208.000000 160.000000
196.000000 164.000000
199.000000 171.000000
210.000000 167.000000
222.000000 164.000000
234.000000 162.000000
246.000000 163.000000
149.000000 188.000000
144.000000 180.000000
133.000000 175.000000
121.000000 177.000000
111.000000 182.000000
119.000000 188.000000
130.000000 190.000000
140.000000 190.000000
234.000000 180.000000
226.000000 175.000000
215.000000 174.000000
205.000000 179.000000
199.000000 186.000000
208.000000 188.000000
219.000000 189.000000
228.000000 187.000000
131.000000 182.000000
216.000000 180.000000
161.000000 183.000000
159.000000 198.000000
158.000000 212.000000
153.000000 225.000000
149.000000 238.000000
160.000000 245.000000
175.000000 250.000000
191.000000 245.000000
200.000000 238.000000
196.000000 225.000000
191.000000 211.000000
189.000000 199.000000
187.000000 183.000000
210.000000 269.000000
195.000000 266.000000
185.000000 263.000000
177.000000 267.000000
166.000000 264.000000
154.000000 268.000000
141.000000 272.000000
152.000000 280.000000
162.000000 285.000000
172.000000 287.000000
182.000000 287.000000
192.000000 284.000000
201.000000 278.000000
