162.000000 34.000000
129.000000 30.000000
89.000000 36.000000
80.000000 87.000000
69.000000 136.000000
69.000000 163.000000
68.000000 190.000000
75.000000 221.000000
82.000000 251.000000
93.000000 275.000000
111.000000 306.000000
137.000000 316.000000
180.000000 310.000000
221.000000 287.000000
244.000000 257.000000
249.000000 227.000000
251.000000 193.000000
257.000000 158.000000
253.000000 127.000000
239.000000 99.000000
237.000000 41.000000
199.000000 33.000000
123.000000 119.000000
109.000000 115.000000
97.000000 112.000000
84.000000 112.000000
71.000000 116.000000
73.000000 125.000000
85.000000 124.000000
97.000000 124.000000
108.000000 126.000000
119.000000 128.000000
235.000000 123.000000
223.000000 117.000000
208.000000 115.000000
193.000000 115.000000
178.000000 118.000000
179.000000 128.000000
194.000000 126.000000
208.000000 126.000000
222.000000 127.000000
232.000000 130.000000
122.000000 145.000000
116.000000 137.000000
106.000000 133.000000
95.000000 134.000000
84.000000 145.000000
89.000000 150.000000
104.000000 155.000000
115.000000 151.000000
217.000000 147.000000
209.000000 139.000000
197.000000 137.000000
185.000000 140.000000
176.000000 149.000000
186.000000 152.000000
198.000000 153.000000
209.000000 152.000000
106.000000 141.000000
198.000000 144.000000
135.000000 145.000000
132.000000 163.000000
129.000000 177.000000
124.000000 191.000000
119.000000 207.000000
129.000000 217.000000
142.000000 219.000000
157.000000 218.000000
173.000000 208.000000
169.000000 194.000000
165.000000 179.000000
163.000000 164.000000
163.000000 147.000000
180.000000 247.000000
167.000000 241.000000
156.000000 237.000000
145.000000 240.000000
135.000000 236.000000
124.000000 240.000000
111.000000 244.000000
118.000000 255.000000
127.000000 263.000000
139.000000 269.000000
152.000000 269.000000
164.000000 264.000000
173.000000 257.000000
