175.000000 101.000000
148.000000 105.000000
120.000000 98.000000
106.000000 137.000000
94.000000 161.000000
90.000000 187.000000
94.000000 216.000000
99.000000 243.000000
108.000000 272.000000
125.000000 294.000000
148.000000 312.000000
181.000000 320.000000
215.000000 311.000000
230.000000 291.000000
246.000000 267.000000
254.000000 243.000000
257.000000 214.000000
261.000000 185.000000
257.000000 159.000000
253.000000 129.000000
234.000000 100.000000
204.000000 95.000000
154.000000 160.000000
141.000000 157.000000
128.000000 157.000000
118.000000 157.000000
108.000000 161.000000
110.000000 167.000000
120.000000 168.000000
131.000000 169.000000
141.000000 165.000000
153.000000 167.000000
246.000000 161.000000
235.000000 157.000000
224.000000 156.000000
213.000000 157.000000
203.000000 160.000000
204.000000 167.000000
213.000000 168.000000
225.000000 166.000000
237.000000 166.000000
244.000000 168.000000
158.000000 182.000000
150.000000 175.000000
141.000000 172.000000
131.000000 173.000000
123.000000 180.000000
131.000000 188.000000
142.000000 189.000000
150.000000 183.000000
235.000000 179.000000
225.000000 172.000000
215.000000 172.000000
207.000000 175.000000
202.000000 181.000000
210.000000 183.000000
218.000000 184.000000
228.000000 183.000000
139.000000 177.000000
218.000000 177.000000
169.000000 182.000000
166.000000 194.000000
164.000000 207.000000
159.000000 218.000000
156.000000 229.000000
166.000000 236.000000
180.000000 241.000000
193.000000 237.000000
203.000000 228.000000
200.000000 218.000000
196.000000 207.000000
193.000000 195.000000
191.000000 182.000000
209.000000 259.000000
199.000000 257.000000
189.000000 255.000000
180.000000 259.000000
171.000000 255.000000
159.000000 258.000000
146.000000 259.000000
156.000000 268.000000
165.000000 274.000000
176.000000 278.000000
186.000000 278.000000
195.000000 273.000000
202.000000 267.000000
