183.000000 58.000000
154.000000 64.000000
120.000000 67.000000
100.000000 99.000000
96.000000 131.000000
93.000000 162.000000
100.000000 198.000000
110.000000 230.000000
124.000000 261.000000
146.000000 286.000000
172.000000 305.000000
205.000000 313.000000
235.000000 297.000000
253.000000 272.000000
269.000000 243.000000
278.000000 212.000000
285.000000 181.000000
288.000000 148.000000
281.000000 118.000000
265.000000 92.000000
242.000000 72.000000
214.000000 60.000000
167.000000 135.000000
154.000000 133.000000
141.000000 132.000000
128.000000 134.000000
117.000000 137.000000
118.000000 148.000000
129.000000 146.000000
141.000000 137.000000
153.000000 139.000000
165.000000 141.000000
266.000000 131.000000
254.000000 129.000000
245.000000 126.000000
232.000000 128.000000
222.000000 132.000000
225.000000 137.000000
233.000000 132.000000
245.000000 135.000000
256.000000 136.000000
264.000000 140.000000
171.000000 163.000000
162.000000 154.000000
148.000000 149.000000
136.000000 152.000000
127.000000 159.000000
136.000000 164.000000
148.000000 166.000000
160.000000 165.000000
259.000000 148.000000
250.000000 142.000000
238.000000 142.000000
228.000000 149.000000
221.000000 158.000000
232.000000 160.000000
243.000000 159.000000
253.000000 155.000000
146.000000 157.000000
240.000000 150.000000
184.000000 158.000000
182.000000 175.000000
180.000000 191.000000
175.000000 206.000000
173.000000 220.000000
186.000000 226.000000
201.000000 230.000000
216.000000 225.000000
229.000000 215.000000
224.000000 202.000000
218.000000 189.000000
213.000000 172.000000
210.000000 156.000000
236.000000 248.000000
225.000000 247.000000
212.000000 246.000000
203.000000 250.000000
191.000000 248.000000
178.000000 252.000000
164.000000 255.000000
175.000000 265.000000
186.000000 273.000000
198.000000 276.000000
210.000000 275.000000
221.000000 269.000000
228.000000 260.000000
