181.000000 101.000000
153.000000 106.000000
120.000000 111.000000
102.000000 132.000000
95.000000 164.000000
91.000000 192.000000
99.000000 222.000000
108.000000 252.000000
121.000000 278.000000
138.000000 302.000000
157.000000 323.000000
187.000000 335.000000
217.000000 321.000000
236.000000 298.000000
251.000000 274.000000
261.000000 249.000000
267.000000 221.000000
272.000000 190.000000
267.000000 163.000000
256.000000 137.000000
243.000000 109.000000
210.000000 102.000000
162.000000 173.000000
151.000000 172.000000
136.000000 173.000000
127.000000 171.000000
118.000000 171.000000
118.000000 182.000000
127.000000 181.000000
139.000000 180.000000
149.000000 179.000000
160.000000 179.000000
249.000000 167.000000
238.000000 169.000000
228.000000 170.000000
215.000000 170.000000
205.000000 174.000000
206.000000 179.000000
217.000000 178.000000
230.000000 182.000000
241.000000 179.000000
251.000000 176.000000
163.000000 198.000000
156.000000 189.000000
146.000000 185.000000
135.000000 186.000000
128.000000 192.000000
133.000000 197.000000
144.000000 199.000000
153.000000 199.000000
240.000000 191.000000
232.000000 186.000000
221.000000 186.000000
212.000000 190.000000
205.000000 198.000000
214.000000 199.000000
225.000000 199.000000
234.000000 196.000000
145.000000 191.000000
222.000000 192.000000
173.000000 198.000000
170.000000 212.000000
168.000000 226.000000
164.000000 240.000000
162.000000 253.000000
174.000000 257.000000
188.000000 262.000000
200.000000 259.000000
209.000000 251.000000
206.000000 239.000000
203.000000 226.000000
199.000000 211.000000
196.000000 198.000000
218.000000 278.000000
207.000000 276.000000
196.000000 276.000000
188.000000 278.000000
178.000000 276.000000
167.000000 278.000000
156.000000 280.000000
163.000000 290.000000
171.000000 298.000000
183.000000 303.000000
193.000000 302.000000
203.000000 297.000000
212.000000 290.000000
