176.000000 7.000000
127.000000 20.000000
84.000000 36.000000
63.000000 71.000000
69.000000 116.000000
63.000000 150.000000
65.000000 187.000000
71.000000 223.000000
81.000000 262.000000
102.000000 295.000000
129.000000 327.000000
179.000000 346.000000
224.000000 330.000000
245.000000 296.000000
266.000000 264.000000
276.000000 229.000000
282.000000 191.000000
286.000000 155.000000
281.000000 120.000000
283.000000 79.000000
268.000000 48.000000
225.000000 6.000000
149.000000 111.000000
134.000000 105.000000
119.000000 102.000000
103.000000 103.000000
91.000000 108.000000
94.000000 116.000000
106.000000 115.000000
118.000000 114.000000
133.000000 117.000000
145.000000 121.000000
259.000000 113.000000
249.000000 107.000000
237.000000 107.000000
224.000000 109.000000
210.000000 111.000000
211.000000 121.000000
225.000000 120.000000
237.000000 118.000000
247.000000 118.000000
256.000000 120.000000
150.000000 146.000000
140.000000 135.000000
127.000000 131.000000
115.000000 133.000000
106.000000 140.000000
117.000000 147.000000
127.000000 150.000000
137.000000 149.000000
247.000000 145.000000
239.000000 137.000000
226.000000 135.000000
215.000000 138.000000
206.000000 147.000000
217.000000 152.000000
228.000000 153.000000
239.000000 151.000000
125.000000 139.000000
226.000000 143.000000
164.000000 144.000000
161.000000 163.000000
156.000000 180.000000
150.000000 197.000000
144.000000 214.000000
158.000000 223.000000
176.000000 229.000000
193.000000 225.000000
207.000000 215.000000
202.000000 199.000000
198.000000 184.000000
194.000000 164.000000
192.000000 145.000000
216.000000 257.000000
202.000000 252.000000
188.000000 249.000000
176.000000 253.000000
164.000000 248.000000
149.000000 252.000000
133.000000 256.000000
144.000000 267.000000
154.000000 274.000000
168.000000 279.000000
183.000000 280.000000
194.000000 274.000000
204.000000 267.000000
