166.000000 54.000000
131.000000 40.000000
84.000000 37.000000
69.000000 81.000000
59.000000 113.000000
54.000000 148.000000
58.000000 185.000000
65.000000 223.000000
77.000000 259.000000
100.000000 293.000000
122.000000 321.000000
167.000000 329.000000
208.000000 315.000000
236.000000 288.000000
255.000000 258.000000
266.000000 221.000000
273.000000 184.000000
279.000000 145.000000
273.000000 111.000000
257.000000 79.000000
237.000000 34.000000
200.000000 39.000000
138.000000 127.000000
122.000000 127.000000
107.000000 120.000000
90.000000 119.000000
80.000000 123.000000
85.000000 134.000000
97.000000 134.000000
107.000000 134.000000
124.000000 136.000000
135.000000 138.000000
252.000000 129.000000
233.000000 127.000000
220.000000 126.000000
207.000000 129.000000
194.000000 132.000000
194.000000 143.000000
213.000000 141.000000
225.000000 137.000000
239.000000 139.000000
249.000000 141.000000
139.000000 157.000000
131.000000 143.000000
117.000000 136.000000
103.000000 139.000000
94.000000 147.000000
104.000000 156.000000
116.000000 159.000000
126.000000 158.000000
239.000000 153.000000
230.000000 145.000000
222.000000 142.000000
205.000000 144.000000
192.000000 155.000000
205.000000 158.000000
218.000000 158.000000
230.000000 155.000000
115.000000 146.000000
216.000000 149.000000
152.000000 152.000000
150.000000 172.000000
146.000000 189.000000
141.000000 206.000000
136.000000 224.000000
148.000000 234.000000
164.000000 240.000000
182.000000 235.000000
192.000000 223.000000
190.000000 207.000000
186.000000 190.000000
182.000000 172.000000
180.000000 152.000000
207.000000 260.000000
191.000000 257.000000
176.000000 256.000000
164.000000 259.000000
152.000000 255.000000
138.000000 258.000000
122.000000 258.000000
133.000000 270.000000
144.000000 280.000000
159.000000 286.000000
173.000000 286.000000
187.000000 281.000000
198.000000 273.000000
