160.000000 62.000000
126.000000 63.000000
98.000000 82.000000
71.000000 107.000000
63.000000 148.000000
68.000000 175.000000
77.000000 212.000000
83.000000 242.000000
95.000000 273.000000
115.000000 297.000000
139.000000 318.000000
177.000000 331.000000
213.000000 314.000000
239.000000 289.000000
255.000000 263.000000
263.000000 233.000000
269.000000 199.000000
270.000000 166.000000
269.000000 133.000000
260.000000 88.000000
232.000000 60.000000
198.000000 55.000000
131.000000 147.000000
114.000000 145.000000
101.000000 143.000000
87.000000 145.000000
76.000000 144.000000
77.000000 150.000000
90.000000 153.000000
101.000000 152.000000
113.000000 153.000000
124.000000 156.000000
244.000000 134.000000
235.000000 134.000000
220.000000 133.000000
210.000000 136.000000
192.000000 135.000000
193.000000 146.000000
210.000000 144.000000
224.000000 144.000000
235.000000 143.000000
243.000000 143.000000
135.000000 170.000000
127.000000 160.000000
112.000000 154.000000
104.000000 160.000000
95.000000 167.000000
102.000000 173.000000
114.000000 175.000000
126.000000 173.000000
231.000000 157.000000
224.000000 151.000000
211.000000 150.000000
200.000000 156.000000
191.000000 165.000000
203.000000 167.000000
214.000000 167.000000
224.000000 164.000000
115.000000 164.000000
212.000000 158.000000
146.000000 162.000000
144.000000 180.000000
141.000000 195.000000
137.000000 211.000000
134.000000 228.000000
148.000000 236.000000
166.000000 239.000000
183.000000 233.000000
197.000000 222.000000
193.000000 207.000000
186.000000 192.000000
181.000000 176.000000
177.000000 160.000000
210.000000 258.000000
193.000000 257.000000
179.000000 255.000000
169.000000 261.000000
158.000000 257.000000
142.000000 255.000000
128.000000 258.000000
142.000000 278.000000
152.000000 286.000000
165.000000 291.000000
179.000000 290.000000
191.000000 282.000000
201.000000 272.000000
