201.000000 51.000000
162.000000 58.000000
129.000000 69.000000
98.000000 88.000000
85.000000 118.000000
71.000000 153.000000
66.000000 187.000000
79.000000 224.000000
86.000000 260.000000
106.000000 298.000000
150.000000 324.000000
210.000000 334.000000
240.000000 318.000000
263.000000 288.000000
280.000000 259.000000
288.000000 228.000000
295.000000 196.000000
296.000000 163.000000
297.000000 133.000000
284.000000 102.000000
270.000000 64.000000
238.000000 56.000000
180.000000 137.000000
166.000000 132.000000
152.000000 129.000000
137.000000 129.000000
123.000000 133.000000
125.000000 139.000000
138.000000 137.000000
152.000000 138.000000
166.000000 142.000000
177.000000 145.000000
280.000000 132.000000
268.000000 131.000000
256.000000 133.000000
243.000000 136.000000
233.000000 140.000000
235.000000 147.000000
246.000000 144.000000
257.000000 141.000000
269.000000 139.000000
278.000000 138.000000
178.000000 168.000000
170.000000 158.000000
160.000000 154.000000
149.000000 155.000000
140.000000 160.000000
146.000000 167.000000
157.000000 169.000000
167.000000 168.000000
265.000000 161.000000
258.000000 156.000000
247.000000 154.000000
238.000000 159.000000
230.000000 166.000000
239.000000 169.000000
250.000000 169.000000
259.000000 167.000000
155.000000 161.000000
247.000000 162.000000
191.000000 165.000000
188.000000 182.000000
184.000000 197.000000
180.000000 212.000000
175.000000 227.000000
188.000000 235.000000
204.000000 240.000000
221.000000 236.000000
233.000000 227.000000
229.000000 213.000000
225.000000 199.000000
222.000000 183.000000
219.000000 166.000000
242.000000 258.000000
226.000000 256.000000
213.000000 253.000000
202.000000 256.000000
193.000000 253.000000
177.000000 256.000000
161.000000 258.000000
168.000000 271.000000
179.000000 281.000000
194.000000 287.000000
209.000000 287.000000
222.000000 281.000000
232.000000 271.000000
