157.000000 0.000000
123.000000 8.000000
92.000000 25.000000
69.000000 51.000000
55.000000 83.000000
51.000000 118.000000
56.000000 153.000000
62.000000 189.000000
71.000000 226.000000
90.000000 254.000000
115.000000 279.000000
156.000000 292.000000
199.000000 278.000000
240.000000 256.000000
272.000000 224.000000
279.000000 182.000000
280.000000 143.000000
279.000000 104.000000
268.000000 69.000000
249.000000 42.000000
223.000000 18.000000
191.000000 4.000000
129.000000 85.000000
114.000000 79.000000
99.000000 75.000000
83.000000 74.000000
70.000000 80.000000
71.000000 87.000000
85.000000 85.000000
99.000000 86.000000
113.000000 90.000000
126.000000 94.000000
245.000000 78.000000
232.000000 71.000000
216.000000 70.000000
200.000000 72.000000
184.000000 78.000000
185.000000 88.000000
202.000000 83.000000
217.000000 79.000000
231.000000 79.000000
242.000000 83.000000
127.000000 112.000000
119.000000 104.000000
108.000000 100.000000
96.000000 102.000000
86.000000 108.000000
94.000000 114.000000
105.000000 116.000000
117.000000 116.000000
226.000000 106.000000
217.000000 100.000000
205.000000 98.000000
195.000000 103.000000
184.000000 110.000000
195.000000 113.000000
206.000000 115.000000
218.000000 112.000000
107.000000 107.000000
208.000000 105.000000
139.000000 107.000000
136.000000 124.000000
132.000000 140.000000
128.000000 156.000000
124.000000 173.000000
138.000000 180.000000
153.000000 184.000000
169.000000 180.000000
183.000000 172.000000
180.000000 157.000000
175.000000 141.000000
172.000000 125.000000
170.000000 107.000000
199.000000 213.000000
181.000000 211.000000
167.000000 207.000000
155.000000 212.000000
143.000000 207.000000
129.000000 211.000000
114.000000 215.000000
124.000000 226.000000
134.000000 233.000000
148.000000 238.000000
163.000000 238.000000
175.000000 232.000000
187.000000 225.000000
