146.000000 27.000000
106.000000 42.000000
80.000000 65.000000
63.000000 92.000000
57.000000 125.000000
54.000000 165.000000
56.000000 198.000000
64.000000 233.000000
71.000000 266.000000
89.000000 293.000000
113.000000 317.000000
155.000000 331.000000
201.000000 319.000000
243.000000 291.000000
270.000000 257.000000
276.000000 223.000000
274.000000 188.000000
270.000000 149.000000
262.000000 114.000000
256.000000 83.000000
228.000000 38.000000
181.000000 27.000000
119.000000 128.000000
106.000000 124.000000
92.000000 122.000000
78.000000 122.000000
66.000000 129.000000
70.000000 138.000000
81.000000 134.000000
94.000000 135.000000
107.000000 137.000000
119.000000 140.000000
229.000000 123.000000
215.000000 117.000000
199.000000 115.000000
184.000000 118.000000
169.000000 123.000000
172.000000 135.000000
187.000000 130.000000
202.000000 127.000000
216.000000 128.000000
227.000000 131.000000
119.000000 160.000000
111.000000 152.000000
100.000000 148.000000
91.000000 150.000000
82.000000 156.000000
89.000000 161.000000
99.000000 163.000000
109.000000 162.000000
213.000000 151.000000
204.000000 145.000000
193.000000 145.000000
183.000000 149.000000
173.000000 156.000000
184.000000 157.000000
195.000000 158.000000
206.000000 156.000000
99.000000 154.000000
195.000000 151.000000
130.000000 156.000000
128.000000 173.000000
125.000000 188.000000
121.000000 201.000000
117.000000 216.000000
129.000000 223.000000
146.000000 227.000000
165.000000 220.000000
178.000000 211.000000
172.000000 198.000000
167.000000 186.000000
162.000000 170.000000
159.000000 155.000000
196.000000 249.000000
179.000000 244.000000
162.000000 242.000000
149.000000 246.000000
138.000000 243.000000
123.000000 249.000000
108.000000 254.000000
118.000000 267.000000
130.000000 275.000000
145.000000 279.000000
159.000000 279.000000
174.000000 273.000000
186.000000 263.000000
