160.000000 29.000000
123.000000 38.000000
94.000000 56.000000
78.000000 92.000000
76.000000 129.000000
75.000000 164.000000
73.000000 199.000000
76.000000 232.000000
86.000000 266.000000
106.000000 293.000000
135.000000 312.000000
173.000000 336.000000
216.000000 322.000000
244.000000 293.000000
262.000000 264.000000
271.000000 232.000000
276.000000 201.000000
277.000000 167.000000
274.000000 132.000000
267.000000 89.000000
239.000000 48.000000
196.000000 32.000000
155.000000 133.000000
140.000000 128.000000
126.000000 126.000000
113.000000 128.000000
100.000000 136.000000
102.000000 142.000000
114.000000 140.000000
126.000000 139.000000
139.000000 140.000000
151.000000 144.000000
255.000000 139.000000
244.000000 132.000000
230.000000 130.000000
217.000000 131.000000
202.000000 135.000000
204.000000 146.000000
219.000000 143.000000
231.000000 142.000000
242.000000 142.000000
252.000000 146.000000
151.000000 172.000000
144.000000 163.000000
134.000000 158.000000
124.000000 158.000000
113.000000 163.000000
121.000000 171.000000
130.000000 174.000000
141.000000 174.000000
240.000000 166.000000
230.000000 161.000000
220.000000 160.000000
210.000000 164.000000
203.000000 171.000000
212.000000 175.000000
223.000000 176.000000
234.000000 173.000000
131.000000 165.000000
222.000000 167.000000
163.000000 165.000000
161.000000 181.000000
157.000000 196.000000
151.000000 209.000000
143.000000 226.000000
156.000000 236.000000
175.000000 243.000000
194.000000 237.000000
206.000000 227.000000
200.000000 213.000000
194.000000 198.000000
191.000000 184.000000
190.000000 166.000000
213.000000 258.000000
198.000000 255.000000
184.000000 253.000000
174.000000 255.000000
164.000000 252.000000
149.000000 254.000000
131.000000 254.000000
141.000000 267.000000
152.000000 277.000000
166.000000 283.000000
181.000000 283.000000
195.000000 279.000000
205.000000 269.000000
