184.000000 34.000000
148.000000 38.000000
116.000000 53.000000
89.000000 77.000000
72.000000 109.000000
65.000000 144.000000
66.000000 177.000000
73.000000 218.000000
84.000000 251.000000
104.000000 284.000000
132.000000 308.000000
173.000000 327.000000
216.000000 311.000000
240.000000 287.000000
264.000000 257.000000
271.000000 222.000000
279.000000 182.000000
283.000000 148.000000
265.000000 136.000000
274.000000 80.000000
250.000000 58.000000
219.000000 41.000000
151.000000 127.000000
139.000000 120.000000
124.000000 116.000000
108.000000 115.000000
94.000000 122.000000
104.000000 128.000000
118.000000 128.000000
128.000000 128.000000
138.000000 129.000000
152.000000 131.000000
254.000000 126.000000
244.000000 122.000000
230.000000 119.000000
217.000000 120.000000
207.000000 126.000000
206.000000 132.000000
220.000000 126.000000
235.000000 127.000000
246.000000 129.000000
256.000000 132.000000
149.000000 148.000000
142.000000 137.000000
129.000000 131.000000
117.000000 133.000000
106.000000 139.000000
115.000000 145.000000
127.000000 148.000000
138.000000 149.000000
249.000000 145.000000
239.000000 137.000000
227.000000 135.000000
215.000000 139.000000
206.000000 149.000000
217.000000 151.000000
229.000000 153.000000
241.000000 150.000000
129.000000 139.000000
227.000000 144.000000
163.000000 144.000000
159.000000 162.000000
155.000000 178.000000
148.000000 193.000000
142.000000 210.000000
157.000000 220.000000
175.000000 225.000000
192.000000 221.000000
208.000000 211.000000
204.000000 196.000000
199.000000 179.000000
195.000000 164.000000
193.000000 146.000000
217.000000 252.000000
201.000000 248.000000
186.000000 244.000000
175.000000 247.000000
164.000000 244.000000
149.000000 247.000000
132.000000 251.000000
144.000000 262.000000
155.000000 268.000000
168.000000 272.000000
181.000000 273.000000
194.000000 269.000000
206.000000 262.000000
