168.000000 2.000000
125.000000 6.000000
90.000000 22.000000
72.000000 47.000000
61.000000 79.000000
60.000000 115.000000
64.000000 160.000000
71.000000 197.000000
80.000000 234.000000
99.000000 262.000000
126.000000 294.000000
172.000000 309.000000
224.000000 292.000000
259.000000 266.000000
280.000000 228.000000
287.000000 190.000000
294.000000 154.000000
290.000000 116.000000
280.000000 78.000000
268.000000 48.000000
247.000000 23.000000
216.000000 6.000000
142.000000 86.000000
127.000000 82.000000
111.000000 81.000000
97.000000 80.000000
84.000000 84.000000
85.000000 93.000000
98.000000 92.000000
112.000000 93.000000
128.000000 95.000000
142.000000 98.000000
259.000000 83.000000
246.000000 79.000000
232.000000 80.000000
217.000000 81.000000
202.000000 85.000000
202.000000 96.000000
219.000000 94.000000
233.000000 92.000000
246.000000 90.000000
257.000000 91.000000
144.000000 120.000000
134.000000 109.000000
121.000000 104.000000
108.000000 106.000000
97.000000 113.000000
107.000000 120.000000
118.000000 121.000000
129.000000 121.000000
247.000000 113.000000
237.000000 105.000000
224.000000 103.000000
211.000000 106.000000
201.000000 117.000000
213.000000 120.000000
225.000000 120.000000
237.000000 119.000000
118.000000 112.000000
223.000000 111.000000
157.000000 117.000000
154.000000 134.000000
149.000000 151.000000
143.000000 167.000000
139.000000 183.000000
153.000000 191.000000
171.000000 196.000000
191.000000 191.000000
205.000000 181.000000
200.000000 167.000000
194.000000 152.000000
190.000000 135.000000
186.000000 116.000000
223.000000 219.000000
204.000000 214.000000
186.000000 211.000000
171.000000 213.000000
160.000000 211.000000
142.000000 214.000000
125.000000 218.000000
136.000000 234.000000
148.000000 243.000000
165.000000 249.000000
179.000000 249.000000
196.000000 244.000000
209.000000 234.000000
