185.000000 37.000000
147.000000 44.000000
110.000000 63.000000
86.000000 93.000000
78.000000 132.000000
71.000000 166.000000
66.000000 199.000000
66.000000 232.000000
68.000000 266.000000
105.000000 302.000000
142.000000 327.000000
182.000000 340.000000
223.000000 325.000000
254.000000 302.000000
277.000000 271.000000
285.000000 237.000000
290.000000 203.000000
291.000000 167.000000
285.000000 133.000000
279.000000 97.000000
259.000000 61.000000
225.000000 43.000000
158.000000 138.000000
143.000000 133.000000
129.000000 130.000000
116.000000 130.000000
102.000000 132.000000
103.000000 141.000000
116.000000 142.000000
129.000000 142.000000
142.000000 143.000000
155.000000 148.000000
267.000000 129.000000
254.000000 127.000000
242.000000 129.000000
229.000000 132.000000
214.000000 137.000000
215.000000 147.000000
230.000000 143.000000
243.000000 140.000000
254.000000 137.000000
266.000000 138.000000
158.000000 167.000000
149.000000 156.000000
137.000000 152.000000
124.000000 153.000000
113.000000 159.000000
120.000000 168.000000
132.000000 171.000000
146.000000 171.000000
256.000000 161.000000
247.000000 154.000000
234.000000 152.000000
221.000000 157.000000
211.000000 166.000000
223.000000 170.000000
236.000000 171.000000
248.000000 168.000000
134.000000 160.000000
234.000000 160.000000
171.000000 162.000000
167.000000 179.000000
161.000000 195.000000
155.000000 210.000000
150.000000 227.000000
164.000000 237.000000
183.000000 241.000000
202.000000 237.000000
216.000000 226.000000
212.000000 212.000000
205.000000 196.000000
201.000000 181.000000
197.000000 162.000000
227.000000 263.000000
210.000000 262.000000
195.000000 260.000000
183.000000 263.000000
171.000000 259.000000
155.000000 263.000000
137.000000 264.000000
149.000000 276.000000
160.000000 286.000000
175.000000 290.000000
190.000000 290.000000
203.000000 284.000000
216.000000 275.000000
